4 4 4.00 1
4 4 4.00 2
2 4 3.33 3
2 4 3.00 4
2 4 2.80 5
1 4 2.50 6
1 4 2.43 7
1 4 2.25 8
1 4 2.33 9
1 4 2.40 10
1 4 2.27 11
1 4 2.42 12
1 4 2.46 13
1 4 2.36 14
1 4 2.27 15
1 4 2.31 16
1 4 2.29 17
1 4 2.39 18
1 4 2.42 19
1 4 2.50 20
1 4 2.57 21
1 4 2.59 22
1 4 2.65 23
1 4 2.58 24
1 4 2.60 25
1 4 2.62 26
1 4 2.63 27
1 4 2.61 28
1 4 2.62 29
1 4 2.57 30
1 4 2.58 31
1 4 2.62 32
1 4 2.64 33
1 4 2.65 34
1 4 2.63 35
1 4 2.61 36
1 4 2.59 37
1 4 2.61 38
1 4 2.62 39
1 4 2.60 40
1 4 2.61 41
1 4 2.60 42
1 4 2.58 43
1 4 2.55 44
1 4 2.53 45
1 4 2.54 46
1 4 2.55 47
1 4 2.54 48
1 4 2.55 49
1 5 2.60 50
0 5 2.55 51
0 5 2.56 52
0 5 2.51 53
0 5 2.50 54
0 5 2.53 55
0 5 2.52 56
0 5 2.51 57
0 5 2.50 58
0 5 2.51 59
0 5 2.52 60
0 5 2.48 61
0 5 2.48 62
0 5 2.48 63
0 5 2.47 64
0 5 2.48 65
0 5 2.45 66
0 5 2.46 67
0 5 2.46 68
0 5 2.46 69
0 5 2.49 70
0 5 2.45 71
0 5 2.46 72
0 5 2.47 73
0 5 2.49 74
0 5 2.49 75
0 5 2.50 76
0 5 2.52 77
0 5 2.53 78
0 5 2.53 79
0 5 2.54 80
0 5 2.51 81
0 5 2.52 82
0 5 2.52 83
0 5 2.51 84
0 5 2.52 85
0 5 2.51 86
0 5 2.52 87
0 5 2.52 88
0 5 2.53 89
0 5 2.53 90
0 5 2.53 91
0 5 2.52 92
0 5 2.54 93
0 5 2.55 94
0 5 2.56 95
0 5 2.56 96
0 5 2.57 97
0 5 2.56 98
0 5 2.56 99
0 5 2.55 100
0 5 2.55 101
0 5 2.57 102
0 5 2.56 103
0 5 2.58 104
0 5 2.57 105
0 5 2.58 106
0 5 2.58 107
0 5 2.59 108
0 5 2.60 109
0 5 2.60 110
0 5 2.60 111
0 5 2.58 112
0 5 2.58 113
0 5 2.59 114
0 5 2.57 115
0 5 2.58 116
0 5 2.58 117
0 5 2.58 118
0 5 2.58 119
0 5 2.58 120
0 5 2.59 121
0 5 2.58 122
0 5 2.59 123
0 5 2.59 124
0 5 2.59 125
0 5 2.60 126
0 5 2.58 127
0 5 2.59 128
0 5 2.59 129
0 5 2.59 130
0 5 2.60 131
0 5 2.59 132
0 5 2.58 133
0 5 2.57 134
0 5 2.58 135
0 5 2.57 136
0 5 2.58 137
0 5 2.58 138
0 5 2.57 139
0 5 2.56 140
0 5 2.55 141
0 5 2.56 142
0 5 2.57 143
0 5 2.57 144
0 5 2.57 145
0 5 2.58 146
0 5 2.57 147
0 5 2.57 148
0 5 2.58 149
0 5 2.58 150
0 5 2.58 151
0 5 2.59 152
0 5 2.58 153
0 5 2.58 154
0 5 2.59 155
0 5 2.58 156
0 5 2.57 157
0 5 2.58 158
0 5 2.57 159
0 5 2.56 160
0 5 2.56 161
0 5 2.56 162
0 5 2.56 163
0 5 2.57 164
0 5 2.58 165
0 5 2.58 166
0 5 2.58 167
0 5 2.58 168
0 5 2.57 169
0 5 2.58 170
0 5 2.58 171
0 5 2.58 172
0 5 2.58 173
0 5 2.58 174
0 5 2.58 175
0 5 2.59 176
0 5 2.59 177
0 5 2.60 178
0 5 2.59 179
0 5 2.59 180
0 5 2.59 181
0 5 2.59 182
0 5 2.60 183
0 5 2.60 184
0 5 2.61 185
0 5 2.60 186
0 5 2.58 187
0 5 2.59 188
0 5 2.58 189
0 6 2.60 190
0 6 2.59 191
0 6 2.60 192
0 6 2.60 193
0 6 2.60 194
0 6 2.60 195
0 6 2.60 196
0 6 2.60 197
0 6 2.60 198
0 6 2.60 199
0 6 2.60 200
0 6 2.60 201
0 6 2.59 202
0 6 2.60 203
0 6 2.59 204
0 6 2.60 205
0 6 2.60 206
0 6 2.60 207
0 6 2.60 208
0 6 2.59 209
0 6 2.60 210
0 6 2.59 211
0 6 2.59 212
0 6 2.59 213
0 6 2.58 214
0 6 2.59 215
0 6 2.58 216
0 6 2.58 217
0 6 2.57 218
0 6 2.58 219
0 6 2.58 220
0 6 2.58 221
0 6 2.59 222
0 6 2.58 223
0 6 2.59 224
0 6 2.60 225
0 6 2.59 226
0 6 2.59 227
0 6 2.59 228
0 6 2.59 229
0 6 2.60 230
0 6 2.60 231
0 6 2.59 232
0 6 2.60 233
0 6 2.60 234
0 6 2.60 235
0 6 2.59 236
0 6 2.59 237
0 6 2.60 238
0 6 2.59 239
0 6 2.59 240
0 6 2.59 241
0 6 2.59 242
0 6 2.59 243
0 6 2.59 244
0 6 2.60 245
0 6 2.60 246
0 6 2.60 247
0 6 2.60 248
0 6 2.60 249
0 6 2.60 250
0 6 2.60 251
0 6 2.60 252
0 6 2.60 253
0 6 2.60 254
0 6 2.60 255
0 6 2.61 256
0 6 2.61 257
0 6 2.60 258
0 6 2.60 259
0 6 2.60 260
0 6 2.60 261
0 6 2.60 262
0 6 2.60 263
0 6 2.60 264
0 6 2.60 265
0 6 2.59 266
0 6 2.59 267
0 6 2.59 268
0 6 2.59 269
0 6 2.59 270
0 6 2.59 271
0 6 2.59 272
0 6 2.59 273
0 6 2.59 274
0 6 2.59 275
0 6 2.59 276
0 6 2.60 277
0 6 2.59 278
0 6 2.59 279
0 6 2.59 280
0 6 2.59 281
0 6 2.59 282
0 6 2.58 283
0 6 2.58 284
0 6 2.59 285
0 6 2.58 286
0 6 2.58 287
0 6 2.58 288
0 6 2.58 289
0 6 2.58 290
0 6 2.57 291
0 6 2.57 292
0 6 2.57 293
0 6 2.57 294
0 6 2.57 295
0 6 2.57 296
0 6 2.58 297
0 6 2.58 298
0 6 2.58 299
0 6 2.59 300
0 6 2.59 301
0 6 2.59 302
0 6 2.59 303
0 6 2.60 304
0 6 2.60 305
0 6 2.60 306
0 6 2.61 307
0 6 2.61 308
0 6 2.62 309
0 6 2.62 310
0 6 2.62 311
0 6 2.62 312
0 6 2.61 313
0 6 2.61 314
0 6 2.62 315
0 6 2.61 316
0 6 2.62 317
0 6 2.62 318
0 6 2.62 319
0 6 2.62 320
0 6 2.62 321
0 6 2.62 322
0 6 2.62 323
0 6 2.62 324
0 6 2.62 325
0 6 2.62 326
0 6 2.61 327
0 6 2.61 328
0 6 2.61 329
0 6 2.61 330
0 6 2.61 331
0 6 2.61 332
0 6 2.61 333
0 6 2.61 334
0 6 2.61 335
0 6 2.62 336
0 6 2.62 337
0 6 2.61 338
0 6 2.60 339
0 6 2.61 340
0 6 2.61 341
0 6 2.61 342
0 6 2.60 343
0 6 2.61 344
0 6 2.61 345
0 6 2.61 346
0 6 2.61 347
0 6 2.61 348
0 6 2.62 349
0 6 2.61 350
0 6 2.61 351
0 6 2.61 352
0 6 2.61 353
0 6 2.61 354
0 6 2.61 355
0 6 2.61 356
0 6 2.61 357
0 6 2.61 358
0 6 2.61 359
0 6 2.62 360
0 6 2.62 361
0 6 2.62 362
0 6 2.61 363
0 6 2.61 364
0 6 2.61 365
0 6 2.61 366
0 6 2.60 367
0 6 2.61 368
0 6 2.61 369
0 6 2.61 370
0 6 2.61 371
0 6 2.61 372
0 6 2.62 373
0 6 2.62 374
0 6 2.62 375
0 6 2.62 376
0 6 2.62 377
0 6 2.62 378
0 21 2.67 379
0 21 2.67 380
0 21 2.66 381
0 21 2.66 382
0 21 2.67 383
0 21 2.67 384
0 21 2.67 385
0 21 2.67 386
0 21 2.67 387
0 21 2.67 388
0 21 2.67 389
0 21 2.66 390
0 21 2.66 391
0 21 2.66 392
0 21 2.66 393
0 21 2.66 394
0 21 2.66 395
0 21 2.65 396
0 21 2.66 397
0 21 2.66 398
0 21 2.66 399
0 21 2.66 400
0 21 2.66 401
0 21 2.65 402
0 21 2.66 403
0 21 2.66 404
0 21 2.65 405
0 21 2.66 406
0 21 2.66 407
0 21 2.65 408
0 21 2.65 409
0 21 2.65 410
0 21 2.65 411
0 21 2.65 412
0 21 2.65 413
0 21 2.65 414
0 21 2.65 415
0 21 2.65 416
0 21 2.65 417
0 21 2.66 418
0 21 2.65 419
0 21 2.65 420
0 21 2.65 421
0 21 2.65 422
0 21 2.64 423
0 21 2.64 424
0 21 2.64 425
0 21 2.64 426
0 21 2.65 427
0 21 2.65 428
0 21 2.65 429
0 21 2.65 430
0 21 2.65 431
0 21 2.65 432
0 21 2.65 433
0 21 2.65 434
0 21 2.65 435
0 21 2.65 436
0 21 2.65 437
0 21 2.64 438
0 21 2.64 439
0 21 2.65 440
0 21 2.65 441
0 21 2.65 442
0 21 2.65 443
0 21 2.66 444
0 21 2.65 445
0 21 2.65 446
0 21 2.66 447
0 21 2.66 448
0 21 2.66 449
0 21 2.66 450
0 21 2.65 451
0 21 2.65 452
0 21 2.65 453
0 21 2.65 454
0 21 2.65 455
0 21 2.64 456
0 21 2.64 457
0 21 2.64 458
0 21 2.64 459
0 21 2.64 460
0 21 2.64 461
0 21 2.64 462
0 21 2.63 463
0 21 2.64 464
0 21 2.63 465
0 21 2.64 466
0 21 2.64 467
0 21 2.64 468
0 21 2.64 469
0 21 2.64 470
0 21 2.64 471
0 21 2.64 472
0 21 2.64 473
0 21 2.64 474
0 21 2.64 475
0 21 2.64 476
0 21 2.64 477
0 21 2.64 478
0 21 2.64 479
0 21 2.64 480
0 21 2.64 481
0 21 2.64 482
0 21 2.64 483
0 21 2.64 484
0 21 2.64 485
0 21 2.64 486
0 21 2.64 487
0 21 2.64 488
0 21 2.64 489
0 21 2.64 490
0 21 2.64 491
0 21 2.64 492
0 21 2.64 493
0 21 2.64 494
0 21 2.64 495
0 21 2.65 496
0 21 2.64 497
0 21 2.64 498
0 21 2.65 499
0 21 2.65 500
0 21 2.65 501
0 21 2.65 502
0 21 2.65 503
0 21 2.64 504
0 21 2.64 505
0 21 2.64 506
0 21 2.64 507
0 21 2.64 508
0 21 2.64 509
0 21 2.64 510
0 21 2.64 511
0 21 2.65 512
0 21 2.65 513
0 21 2.65 514
0 21 2.65 515
0 21 2.65 516
0 21 2.65 517
0 21 2.65 518
0 21 2.66 519
0 21 2.65 520
0 21 2.65 521
0 21 2.65 522
0 21 2.65 523
0 21 2.65 524
0 21 2.65 525
0 21 2.65 526
0 21 2.65 527
0 21 2.64 528
0 21 2.64 529
0 21 2.64 530
0 21 2.64 531
0 21 2.64 532
0 21 2.64 533
0 21 2.64 534
0 21 2.64 535
0 21 2.64 536
0 21 2.64 537
0 21 2.64 538
0 21 2.64 539
0 21 2.64 540
0 21 2.64 541
0 21 2.64 542
0 21 2.64 543
0 21 2.64 544
0 21 2.64 545
0 21 2.64 546
0 21 2.64 547
0 21 2.64 548
0 21 2.64 549
0 21 2.64 550
0 21 2.64 551
0 21 2.64 552
0 21 2.64 553
0 21 2.64 554
0 21 2.64 555
0 21 2.64 556
0 21 2.64 557
0 21 2.64 558
0 21 2.64 559
0 21 2.64 560
0 21 2.64 561
0 21 2.64 562
0 21 2.64 563
0 21 2.64 564
0 21 2.64 565
0 21 2.64 566
0 21 2.64 567
0 21 2.64 568
0 21 2.64 569
0 21 2.64 570
0 21 2.64 571
0 21 2.64 572
0 21 2.64 573
0 21 2.64 574
0 21 2.64 575
0 21 2.64 576
0 21 2.64 577
0 21 2.64 578
0 21 2.64 579
0 21 2.64 580
0 21 2.64 581
0 21 2.64 582
0 21 2.64 583
0 21 2.64 584
0 21 2.64 585
0 21 2.64 586
0 21 2.64 587
0 21 2.64 588
0 21 2.64 589
0 21 2.64 590
0 21 2.64 591
0 21 2.64 592
0 21 2.64 593
0 21 2.64 594
0 21 2.64 595
0 21 2.64 596
0 21 2.64 597
0 21 2.64 598
0 21 2.64 599
0 21 2.64 600
0 21 2.64 601
0 21 2.64 602
0 21 2.64 603
0 21 2.64 604
0 21 2.64 605
0 21 2.64 606
0 21 2.64 607
0 21 2.63 608
0 21 2.64 609
0 21 2.64 610
0 21 2.64 611
0 21 2.64 612
0 21 2.64 613
0 21 2.64 614
0 21 2.64 615
0 21 2.63 616
0 21 2.64 617
0 21 2.63 618
0 21 2.63 619
0 21 2.64 62