1 1 1.00 1
1 2 1.50 2
1 2 1.67 3
1 2 1.50 4
1 2 1.60 5
1 2 1.67 6
0 2 1.43 7
0 2 1.50 8
0 2 1.56 9
0 3 1.70 10
0 3 1.64 11
0 3 1.58 12
0 3 1.69 13
0 3 1.64 14
0 3 1.73 15
0 3 1.75 16
0 3 1.76 17
0 3 1.72 18
0 3 1.79 19
0 3 1.80 20
0 3 1.81 21
0 3 1.82 22
0 3 1.74 23
0 3 1.75 24
0 3 1.76 25
0 3 1.77 26
0 3 1.78 27
0 3 1.82 28
0 4 1.90 29
0 5 2.00 30
0 5 2.06 31
0 5 2.06 32
0 5 2.06 33
0 5 2.09 34
0 5 2.09 35
0 5 2.11 36
0 5 2.14 37
0 5 2.08 38
0 5 2.08 39
0 5 2.10 40
0 5 2.10 41
0 5 2.12 42
0 5 2.14 43
0 5 2.16 44
0 5 2.16 45
0 5 2.13 46
0 5 2.11 47
0 5 2.10 48
0 5 2.12 49
0 5 2.10 50
0 5 2.12 51
0 5 2.12 52
0 5 2.11 53
0 5 2.09 54
0 5 2.09 55
0 5 2.05 56
0 5 2.07 57
0 5 2.07 58
0 5 2.08 59
0 5 2.10 60
0 5 2.10 61
0 5 2.10 62
0 5 2.08 63
0 5 2.08 64
0 5 2.08 65
0 5 2.09 66
0 5 2.09 67
0 5 2.07 68
0 5 2.09 69
0 5 2.09 70
0 5 2.10 71
0 5 2.10 72
0 5 2.10 73
0 5 2.07 74
0 5 2.07 75
0 5 2.07 76
0 5 2.08 77
0 5 2.08 78
0 5 2.08 79
0 5 2.08 80
0 5 2.07 81
0 5 2.07 82
0 5 2.05 83
0 5 2.06 84
0 5 2.07 85
0 5 2.07 86
0 5 2.06 87
0 5 2.05 88
0 5 2.06 89
0 5 2.03 90
0 5 2.02 91
0 5 2.03 92
0 5 2.03 93
0 5 2.03 94
0 5 2.03 95
0 5 2.03 96
0 5 2.03 97
0 5 2.04 98
0 5 2.04 99
0 5 2.03 100
0 5 2.04 101
0 5 2.04 102
0 5 2.04 103
0 5 2.04 104
0 5 2.04 105
0 5 2.06 106
0 5 2.06 107
0 5 2.04 108
0 5 2.04 109
0 5 2.05 110
0 5 2.05 111
0 5 2.04 112
0 5 2.04 113
0 5 2.03 114
0 5 2.02 115
0 5 2.02 116
0 5 2.02 117
0 5 2.02 118
0 5 2.02 119
0 5 2.04 120
0 5 2.05 121
0 5 2.06 122
0 5 2.06 123
0 5 2.06 124
0 5 2.06 125
0 5 2.06 126
0 5 2.07 127
0 5 2.06 128
0 5 2.07 129
0 5 2.08 130
0 5 2.08 131
0 5 2.08 132
0 5 2.08 133
0 5 2.07 134
0 5 2.08 135
0 5 2.07 136
0 6 2.10 137
0 6 2.10 138
0 6 2.09 139
0 6 2.09 140
0 6 2.09 141
0 6 2.09 142
0 6 2.08 143
0 6 2.07 144
0 6 2.08 145
0 6 2.08 146
0 6 2.08 147
0 6 2.08 148
0 6 2.08 149
0 6 2.09 150
0 6 2.09 151
0 6 2.09 152
0 6 2.08 153
0 6 2.09 154
0 6 2.09 155
0 6 2.10 156
0 6 2.10 157
0 6 2.10 158
0 6 2.10 159
0 6 2.10 160
0 6 2.10 161
0 6 2.10 162
0 6 2.10 163
0 6 2.11 164
0 6 2.11 165
0 6 2.11 166
0 6 2.11 167
0 6 2.11 168
0 6 2.12 169
0 6 2.11 170
0 6 2.11 171
0 6 2.11 172
0 6 2.12 173
0 6 2.11 174
0 6 2.12 175
0 6 2.11 176
0 6 2.10 177
0 6 2.10 178
0 6 2.10 179
0 6 2.11 180
0 6 2.10 181
0 6 2.10 182
0 6 2.09 183
0 6 2.09 184
0 6 2.09 185
0 6 2.10 186
0 6 2.10 187
0 6 2.10 188
0 6 2.10 189
0 6 2.10 190
0 6 2.10 191
0 6 2.10 192
0 6 2.10 193
0 6 2.10 194
0 6 2.10 195
0 6 2.10 196
0 6 2.10 197
0 6 2.11 198
0 6 2.13 199
0 6 2.12 200
0 6 2.11 201
0 6 2.10 202
0 6 2.09 203
0 6 2.08 204
0 6 2.08 205
0 6 2.08 206
0 6 2.08 207
0 6 2.08 208
0 6 2.08 209
0 6 2.09 210
0 6 2.09 211
0 6 2.08 212
0 6 2.08 213
0 6 2.08 214
0 6 2.08 215
0 6 2.09 216
0 6 2.09 217
0 6 2.09 218
0 6 2.08 219
0 6 2.08 220
0 6 2.09 221
0 6 2.09 222
0 6 2.09 223
0 6 2.08 224
0 6 2.08 225
0 6 2.08 226
0 6 2.08 227
0 6 2.08 228
0 6 2.07 229
0 6 2.07 230
0 6 2.07 231
0 6 2.07 232
0 6 2.07 233
0 6 2.07 234
0 6 2.07 235
0 6 2.08 236
0 6 2.08 237
0 6 2.09 238
0 6 2.09 239
0 6 2.09 240
0 6 2.09 241
0 6 2.09 242
0 6 2.09 243
0 6 2.10 244
0 6 2.10 245
0 6 2.10 246
0 6 2.10 247
0 6 2.09 248
0 6 2.09 249
0 6 2.08 250
0 6 2.08 251
0 6 2.08 252
0 6 2.08 253
0 6 2.08 254
0 6 2.08 255
0 6 2.08 256
0 6 2.08 257
0 6 2.08 258
0 6 2.08 259
0 6 2.08 260
0 6 2.08 261
0 6 2.08 262
0 6 2.08 263
0 6 2.08 264
0 6 2.08 265
0 6 2.08 266
0 6 2.07 267
0 6 2.07 268
0 6 2.07 269
0 6 2.07 270
0 6 2.07 271
0 6 2.07 272
0 6 2.07 273
0 6 2.07 274
0 6 2.08 275
0 6 2.08 276
0 6 2.08 277
0 6 2.08 278
0 6 2.07 279
0 6 2.08 280
0 6 2.07 281
0 6 2.07 282
0 6 2.07 283
0 6 2.07 284
0 6 2.07 285
0 6 2.07 286
0 6 2.07 287
0 6 2.07 288
0 6 2.07 289
0 6 2.07 290
0 6 2.07 291
0 6 2.07 292
0 6 2.07 293
0 6 2.07 294
0 6 2.07 295
0 6 2.08 296
0 6 2.08 297
0 6 2.08 298
0 6 2.08 299
0 6 2.08 300
0 6 2.09 301
0 6 2.09 302
0 6 2.09 303
0 6 2.09 304
0 6 2.09 305
0 6 2.09 306
0 6 2.09 307
0 6 2.09 308
0 6 2.09 309
0 6 2.09 310
0 6 2.09 311
0 6 2.09 312
0 6 2.09 313
0 6 2.09 314
0 6 2.09 315
0 6 2.09 316
0 6 2.09 317
0 6 2.09 318
0 6 2.09 319
0 6 2.09 320
0 6 2.09 321
0 6 2.09 322
0 6 2.09 323
0 6 2.09 324
0 6 2.09 325
0 6 2.08 326
0 6 2.09 327
0 6 2.09 328
0 6 2.08 329
0 6 2.09 330
0 6 2.09 331
0 6 2.09 332
0 6 2.08 333
0 6 2.09 334
0 6 2.09 335
0 6 2.09 336
0 6 2.09 337
0 6 2.09 338
0 6 2.09 339
0 6 2.09 340
0 6 2.09 341
0 6 2.08 342
0 6 2.08 343
0 6 2.08 344
0 6 2.08 345
0 6 2.08 346
0 6 2.09 347
0 6 2.09 348
0 6 2.09 349
0 6 2.09 350
0 6 2.09 351
0 6 2.09 352
0 6 2.09 353
0 6 2.10 354
0 6 2.10 355
0 6 2.10 356
0 6 2.10 357
0 6 2.10 358
0 6 2.10 359
0 6 2.11 360
0 6 2.10 361
0 6 2.10 362
0 6 2.10 363
0 6 2.10 364
0 6 2.11 365
0 6 2.10 366
0 6 2.10 367
0 6 2.10 368
0 6 2.11 369
0 6 2.11 370
0 6 2.11 371
0 6 2.11 372
0 6 2.11 373
0 6 2.11 374
0 6 2.11 375
0 6 2.11 376
0 6 2.11 377
0 6 2.12 378
0 6 2.12 379
0 6 2.12 380
0 6 2.12 381
0 6 2.11 382
0 6 2.11 383
0 6 2.11 384
0 6 2.11 385
0 6 2.11 386
0 6 2.11 387
0 6 2.11 388
0 6 2.11 389
0 6 2.11 390
0 6 2.11 391
0 6 2.11 392
0 6 2.11 393
0 6 2.11 394
0 6 2.11 395
0 6 2.11 396
0 6 2.11 397
0 6 2.11 398
0 6 2.11 399
0 6 2.11 400
0 6 2.11 401
0 6 2.11 402
0 6 2.11 403
0 6 2.11 404
0 6 2.11 405
0 6 2.11 406
0 6 2.12 407
0 6 2.11 408
0 6 2.11 409
0 6 2.12 410
0 6 2.12 411
0 6 2.12 412
0 6 2.12 413
0 6 2.12 414
0 6 2.12 415
0 6 2.12 416
0 6 2.12 417
0 6 2.12 418
0 6 2.13 419
0 6 2.13 420
0 6 2.13 421
0 6 2.13 422
0 6 2.13 423
0 6 2.13 424
0 6 2.13 425
0 6 2.13 426
0 6 2.13 427
0 6 2.13 428
0 6 2.13 429
0 6 2.13 430
0 6 2.13 431
0 6 2.14 432
0 6 2.14 433
0 6 2.14 434
0 6 2.14 435
0 6 2.14 436
0 6 2.13 437
0 6 2.13 438
0 6 2.13 439
0 6 2.13 440
0 6 2.13 441
0 6 2.13 442
0 6 2.13 443
0 6 2.13 444
0 6 2.13 445
0 6 2.13 446
0 6 2.13 447
0 6 2.13 448
0 6 2.13 449
0 6 2.13 450
0 6 2.13 451
0 6 2.13 452
0 6 2.13 453
0 6 2.13 454
0 6 2.13 455
0 6 2.13 456
0 6 2.13 457
0 6 2.13 458
0 6 2.13 459
0 6 2.13 460
0 6 2.13 461
0 6 2.13 462
0 6 2.13 463
0 6 2.13 464
0 6 2.13 465
0 6 2.13 466
0 6 2.13 467
0 6 2.13 468
0 6 2.13 469
0 6 2.13 470
0 6 2.13 471
0 6 2.13 472
0 6 2.14 473
0 6 2.14 474
0 6 2.13 475
0 6 2.13 476
0 6 2.13 477
0 6 2.13 478
0 6 2.13 479
0 6 2.13 480
0 6 2.13 481
0 6 2.13 482
0 6 2.13 483
0 6 2.14 484
0 6 2.14 485
0 6 2.14 486
0 6 2.14 487
0 6 2.14 488
0 6 2.14 489
0 6 2.14 490
0 6 2.14 491
0 6 2.14 492
0 6 2.14 493
0 6 2.14 494
0 6 2.14 495
0 6 2.14 496
0 6 2.14 497
0 6 2.14 498
0 6 2.14 499
0 6 2.14 500
0 6 2.14 501
0 6 2.14 502
0 6 2.14 503
0 6 2.14 504
0 6 2.14 505
0 6 2.15 506
0 6 2.15 507
0 6 2.15 508
0 6 2.15 509
0 6 2.15 510
0 6 2.15 511
0 6 2.15 512
0 6 2.15 513
0 6 2.15 514
0 6 2.15 515
0 6 2.15 516
0 6 2.15 517
0 6 2.15 518
0 6 2.15 519
0 6 2.15 520
0 6 2.15 521
0 6 2.15 522
0 6 2.15 523
0 6 2.15 524
0 6 2.15 525
0 6 2.15 526
0 6 2.15 527
0 6 2.14 528
0 6 2.15 529
0 6 2.15 530
0 6 2.15 531
0 6 2.15 532
0 6 2.15 533
0 6 2.15 534
0 6 2.15 535
0 6 2.15 536
0 6 2.15 537
0 6 2.15 538
0 6 2.15 539
0 6 2.15 540
0 6 2.15 541
0 6 2.15 542
0 6 2.15 543
0 6 2.16 544
0 6 2.15 545
0 6 2.16 546
0 6 2.16 547
0 6 2.16 548
0 6 2.15 549
0 6 2.15 550
0 6 2.15 551
0 6 2.15 552
0 6 2.15 553
0 6 2.15 554
0 6 2.15 555
0 6 2.15 556
0 6 2.16 557
0 6 2.16 558
0 6 2.16 559
0 6 2.16 560
0 6 2.16 561
0 6 2.16 562
0 6 2.16 563
0 6 2.16 564
0 6 2.16 565
0 6 2.16 566
0 6 2.16 567
0 6 2.16 568
0 6 2.17 569
0 6 2.17 570
0 6 2.17 571
0 6 2.17 572
0 6 2.17 573
0 6 2.17 574
0 6 2.17 575
0 6 2.17 576
0 6 2.17 577
0 6 2.17 578
0 6 2.17 579
0 6 2.17 580
0 6 2.17 581
0 6 2.17 582
0 6 2.17 583
0 6 2.17 584
0 6 2.17 585
0 6 2.17 586
0 6 2.17 587
0 6 2.17 588
0 6 2.17 589
0 6 2.17 590
0 6 2.17 591
0 6 2.17 592
0 13 2.19 593
0 13 2.19 594
0 13 2.19 595
0 13 2.19 596
0 13 2.19 597
0 13 2.19 598
0 13 2.20 599
0 13 2.19 600
0 13 2.19 601
0 13 2.19 602
0 13 2.19 603
0 13 2.19 604
0 13 2.19 605
0 13 2.19 606
0 13 2.19 607
0 13 2.19 608
0 13 2.19 609
0 13 2.19 610
0 13 2.19 611
0 13 2.19 612
0 13 2.19 613
0 13 2.19 614
0 13 2.19 615
0 13 2.19 616
0 13 2.19 617
0 13 2.18 618
0 13 2.18 619
0 13 2.18 620
0 13 2.18 621
0 13 2.18 622
0 13 2.18 623
0 13 2.18 624
0 13 2.18 625
0 13 2.18 626
0 13 2.18 627
0 13 2.18 628
0 13 2.18 629
0 13 2.18 630
0 13 2.18 631
0 13 2.18 632
0 13 2.18 633
0 13 2.18 634
0 13 2.18 635
0 