1 1 1.00 1
1 1 1.00 2
1 1 1.00 3
0 1 0.75 4
0 1 0.80 5
0 1 0.83 6
0 1 0.86 7
0 1 0.75 8
0 1 0.78 9
0 1 0.80 10
0 1 0.82 11
0 1 0.83 12
0 1 0.85 13
0 1 0.86 14
0 1 0.80 15
0 1 0.81 16
0 1 0.76 17
0 1 0.78 18
0 1 0.74 19
0 1 0.75 20
0 1 0.71 21
0 1 0.68 22
0 2 0.74 23
0 2 0.75 24
0 2 0.76 25
0 2 0.77 26
0 2 0.74 27
0 2 0.75 28
0 2 0.79 29
0 2 0.77 30
0 2 0.77 31
0 2 0.75 32
0 2 0.76 33
0 2 0.76 34
0 2 0.74 35
0 2 0.75 36
0 2 0.76 37
0 2 0.76 38
0 2 0.77 39
0 2 0.75 40
0 2 0.78 41
0 2 0.76 42
0 2 0.74 43
0 2 0.75 44
0 2 0.76 45
0 2 0.76 46
0 2 0.77 47
0 2 0.77 48
0 2 0.76 49
0 2 0.76 50
0 2 0.76 51
0 2 0.75 52
0 2 0.74 53
0 2 0.74 54
0 2 0.73 55
0 2 0.73 56
0 2 0.72 57
0 2 0.71 58
0 2 0.71 59
0 2 0.70 60
0 2 0.69 61
0 2 0.68 62
0 2 0.68 63
0 2 0.67 64
0 2 0.68 65
0 2 0.68 66
0 2 0.69 67
0 2 0.69 68
0 2 0.70 69
0 2 0.69 70
0 2 0.68 71
0 2 0.69 72
0 2 0.70 73
0 2 0.70 74
0 2 0.71 75
0 2 0.70 76
0 2 0.69 77
0 2 0.68 78
0 2 0.68 79
0 2 0.70 80
0 2 0.70 81
0 2 0.71 82
0 2 0.71 83
0 2 0.70 84
0 2 0.71 85
0 2 0.72 86
0 2 0.72 87
0 2 0.72 88
0 2 0.71 89
0 2 0.71 90
0 2 0.71 91
0 2 0.72 92
0 2 0.72 93
0 2 0.72 94
0 2 0.72 95
0 2 0.71 96
0 2 0.70 97
0 2 0.69 98
0 2 0.69 99
0 2 0.68 100
0 2 0.67 101
0 2 0.67 102
0 2 0.67 103
0 2 0.66 104
0 2 0.68 105
0 2 0.68 106
0 2 0.67 107
0 2 0.68 108
0 2 0.67 109
0 2 0.66 110
0 2 0.67 111
0 2 0.66 112
0 2 0.66 113
0 2 0.66 114
0 2 0.66 115
0 2 0.66 116
0 2 0.66 117
0 2 0.65 118
0 2 0.66 119
0 2 0.66 120
0 2 0.66 121
0 2 0.66 122
0 2 0.67 123
0 2 0.67 124
0 2 0.66 125
0 2 0.66 126
0 2 0.66 127
0 2 0.66 128
0 2 0.66 129
0 2 0.66 130
0 2 0.66 131
0 2 0.66 132
0 2 0.65 133
0 2 0.66 134
0 2 0.66 135
0 2 0.65 136
0 2 0.65 137
0 2 0.64 138
0 2 0.64 139
0 2 0.64 140
0 2 0.64 141
0 2 0.64 142
0 2 0.64 143
0 2 0.64 144
0 2 0.64 145
0 2 0.64 146
0 2 0.65 147
0 2 0.64 148
0 2 0.65 149
0 2 0.65 150
0 2 0.65 151
0 2 0.65 152
0 2 0.65 153
0 2 0.65 154
0 2 0.65 155
0 2 0.65 156
0 2 0.64 157
0 2 0.64 158
0 2 0.64 159
0 2 0.63 160
0 2 0.63 161
0 2 0.63 162
0 2 0.63 163
0 2 0.62 164
0 2 0.62 165
0 2 0.62 166
0 2 0.62 167
0 2 0.62 168
0 2 0.62 169
0 2 0.62 170
0 2 0.62 171
0 2 0.62 172
0 2 0.62 173
0 2 0.61 174
0 2 0.61 175
0 2 0.61 176
0 2 0.61 177
0 2 0.61 178
0 2 0.61 179
0 2 0.61 180
0 2 0.60 181
0 2 0.60 182
0 2 0.61 183
0 2 0.61 184
0 2 0.61 185
0 2 0.61 186
0 2 0.61 187
0 2 0.62 188
0 2 0.62 189
0 2 0.62 190
0 2 0.62 191
0 2 0.61 192
0 2 0.61 193
0 2 0.61 194
0 3 0.62 195
0 3 0.62 196
0 3 0.62 197
0 3 0.63 198
0 3 0.62 199
0 3 0.62 200
0 3 0.62 201
0 3 0.62 202
0 3 0.62 203
0 3 0.62 204
0 3 0.61 205
0 3 0.61 206
0 3 0.61 207
0 3 0.62 208
0 3 0.62 209
0 3 0.62 210
0 3 0.62 211
0 3 0.62 212
0 3 0.62 213
0 3 0.62 214
0 3 0.62 215
0 3 0.62 216
0 3 0.63 217
0 3 0.63 218
0 3 0.63 219
0 3 0.63 220
0 3 0.63 221
0 3 0.63 222
0 3 0.63 223
0 3 0.62 224
0 3 0.63 225
0 3 0.62 226
0 3 0.63 227
0 3 0.63 228
0 3 0.62 229
0 3 0.63 230
0 3 0.63 231
0 3 0.63 232
0 3 0.64 233
0 3 0.64 234
0 3 0.63 235
0 3 0.63 236
0 3 0.63 237
0 3 0.63 238
0 3 0.63 239
0 3 0.63 240
0 3 0.64 241
0 3 0.64 242
0 3 0.64 243
0 3 0.64 244
0 3 0.64 245
0 3 0.64 246
0 3 0.64 247
0 3 0.64 248
0 3 0.63 249
0 3 0.64 250
0 3 0.64 251
0 3 0.64 252
0 3 0.64 253
0 3 0.64 254
0 3 0.64 255
0 3 0.64 256
0 3 0.64 257
0 3 0.64 258
0 3 0.64 259
0 3 0.64 260
0 3 0.64 261
0 3 0.64 262
0 3 0.64 263
0 3 0.64 264
0 3 0.64 265
0 3 0.64 266
0 3 0.64 267
0 3 0.64 268
0 3 0.65 269
0 3 0.65 270
0 3 0.65 271
0 3 0.65 272
0 3 0.64 273
0 3 0.64 274
0 3 0.64 275
0 3 0.64 276
0 3 0.64 277
0 3 0.64 278
0 3 0.65 279
0 3 0.64 280
0 3 0.64 281
0 3 0.65 282
0 3 0.64 283
0 3 0.64 284
0 3 0.64 285
0 3 0.64 286
0 3 0.64 287
0 3 0.64 288
0 3 0.64 289
0 3 0.64 290
0 3 0.64 291
0 3 0.64 292
0 3 0.64 293
0 3 0.64 294
0 3 0.64 295
0 3 0.64 296
0 3 0.64 297
0 3 0.64 298
0 3 0.64 299
0 3 0.64 300
0 3 0.64 301
0 3 0.64 302
0 3 0.64 303
0 3 0.64 304
0 3 0.64 305
0 3 0.64 306
0 3 0.64 307
0 3 0.64 308
0 3 0.64 309
0 3 0.64 310
0 3 0.64 311
0 3 0.64 312
0 3 0.64 313
0 3 0.64 314
0 3 0.64 315
0 3 0.64 316
0 3 0.64 317
0 3 0.64 318
0 3 0.64 319
0 3 0.64 320
0 3 0.64 321
0 3 0.64 322
0 3 0.64 323
0 3 0.64 324
0 3 0.64 325
0 3 0.63 326
0 3 0.63 327
0 3 0.63 328
0 3 0.64 329
0 3 0.63 330
0 3 0.63 331
0 3 0.63 332
0 3 0.63 333
0 3 0.63 334
0 3 0.63 335
0 3 0.63 336
0 3 0.63 337
0 3 0.63 338
0 3 0.63 339
0 3 0.64 340
0 3 0.63 341
0 3 0.63 342
0 3 0.63 343
0 3 0.63 344
0 3 0.63 345
0 3 0.63 346
0 3 0.63 347
0 3 0.63 348
0 3 0.63 349
0 3 0.64 350
0 3 0.64 351
0 3 0.64 352
0 3 0.64 353
0 3 0.64 354
0 3 0.64 355
0 3 0.64 356
0 3 0.64 357
0 3 0.64 358
0 3 0.64 359
0 3 0.64 360
0 3 0.64 361
0 3 0.64 362
0 3 0.64 363
0 3 0.64 364
0 3 0.64 365
0 3 0.64 366
0 3 0.64 367
0 3 0.64 368
0 3 0.64 369
0 3 0.64 370
0 3 0.64 371
0 3 0.64 372
0 3 0.64 373
0 3 0.64 374
0 3 0.64 375
0 3 0.64 376
0 3 0.64 377
0 3 0.64 378
0 3 0.64 379
0 3 0.65 380
0 3 0.65 381
0 3 0.64 382
0 3 0.64 383
0 3 0.64 384
0 3 0.64 385
0 3 0.64 386
0 3 0.64 387
0 3 0.64 388
0 3 0.64 389
0 3 0.64 390
0 3 0.64 391
0 3 0.64 392
0 3 0.64 393
0 3 0.64 394
0 3 0.64 395
0 3 0.64 396
0 3 0.64 397
0 3 0.64 398
0 3 0.64 399
0 3 0.65 400
0 3 0.64 401
0 3 0.64 402
0 3 0.64 403
0 3 0.64 404
0 3 0.64 405
0 3 0.65 406
0 3 0.65 407
0 3 0.64 408
0 3 0.65 409
0 3 0.65 410
0 3 0.65 411
0 3 0.65 412
0 3 0.65 413
0 3 0.65 414
0 3 0.65 415
0 3 0.65 416
0 3 0.65 417
0 3 0.64 418
0 3 0.64 419
0 3 0.64 420
0 3 0.64 421
0 3 0.64 422
0 3 0.64 423
0 3 0.64 424
0 3 0.64 425
0 3 0.64 426
0 3 0.64 427
0 3 0.64 428
0 3 0.64 429
0 3 0.64 430
0 3 0.64 431
0 3 0.64 432
0 3 0.64 433
0 3 0.63 434
0 3 0.63 435
0 3 0.63 436
0 3 0.63 437
0 3 0.63 438
0 3 0.63 439
0 3 0.63 440
0 3 0.63 441
0 3 0.63 442
0 3 0.63 443
0 3 0.63 444
0 3 0.63 445
0 3 0.63 446
0 3 0.63 447
0 3 0.63 448
0 3 0.63 449
0 3 0.63 450
0 3 0.63 451
0 3 0.63 452
0 3 0.63 453
0 3 0.63 454
0 3 0.63 455
0 3 0.62 456
0 3 0.63 457
0 3 0.63 458
0 3 0.63 459
0 3 0.63 460
0 3 0.62 461
0 3 0.63 462
0 3 0.62 463
0 3 0.63 464
0 3 0.63 465
0 3 0.62 466
0 3 0.63 467
0 3 0.62 468
0 3 0.62 469
0 3 0.62 470
0 3 0.62 471
0 3 0.62 472
0 3 0.62 473
0 3 0.62 474
0 3 0.63 475
0 3 0.63 476
0 3 0.63 477
0 3 0.63 478
0 3 0.63 479
0 3 0.62 480
0 3 0.63 481
0 3 0.63 482
0 3 0.63 483
0 3 0.63 484
0 3 0.63 485
0 3 0.63 486
0 3 0.63 487
0 3 0.62 488
0 3 0.63 489
0 3 0.62 490
0 3 0.63 491
0 3 0.63 492
0 3 0.62 493
0 3 0.62 494
0 3 0.62 495
0 3 0.62 496
0 3 0.62 497
0 3 0.62 498
0 3 0.63 499
0 3 0.62 500
0 3 0.62 501
0 3 0.62 502
0 3 0.62 503
0 3 0.62 504
0 3 0.62 505
0 3 0.62 506
0 3 0.62 507
0 3 0.62 508
0 3 0.62 509
0 3 0.62 510
0 3 0.62 511
0 3 0.62 512
0 3 0.62 513
0 3 0.62 514
0 3 0.62 515
0 3 0.62 516
0 3 0.62 517
0 3 0.62 518
0 3 0.62 519
0 3 0.62 520
0 3 0.62 521
0 3 0.62 522
0 3 0.62 523
0 3 0.62 524
0 3 0.62 525
0 3 0.62 526
0 3 0.62 527
0 3 0.62 528
0 3 0.62 529
0 3 0.62 530
0 3 0.62 531
0 3 0.62 532
0 3 0.62 533
0 3 0.63 534
0 3 0.63 535
0 3 0.63 536
0 3 0.63 537
0 3 0.62 538
0 3 0.62 539
0 3 0.62 540
0 3 0.62 541
0 3 0.62 542
0 3 0.62 543
0 3 0.62 544
0 3 0.62 545
0 3 0.62 546
0 3 0.63 547
0 3 0.62 548
0 3 0.62 549
0 3 0.62 550
0 3 0.62 551
0 3 0.62 552
0 3 0.62 553
0 3 0.62 554
0 3 0.63 555
0 3 0.63 556
0 3 0.63 557
0 3 0.63 558
0 3 0.63 559
0 3 0.62 560
0 3 0.62 561
0 3 0.62 562
0 3 0.62 563
0 3 0.62 564
0 3 0.62 565
0 3 0.62 566
0 3 0.62 567
0 3 0.62 568
0 3 0.62 569
0 3 0.62 570
0 3 0.62 571
0 3 0.62 572
0 3 0.62 573
0 3 0.62 574
0 3 0.62 575
0 3 0.62 576
0 3 0.62 577
0 3 0.62 578
0 3 0.62 579
0 3 0.62 580
0 3 0.62 581
0 3 0.62 582
0 3 0.62 583
0 3 0.62 584
0 3 0.62 585
0 3 0.62 586
0 3 0.62 587
0 3 0.62 588
0 3 0.62 589
0 3 0.63 590
0 3 0.63 591
0 3 0.62 592
0 3 0.63 593
0 3 0.63 594
0 3 0.63 595
0 3 0.63 596
0 3 0.62 597
0 3 0.62 598
0 3 0.62 599
0 3 0.62 600
0 3 0.62 601
0 3 0.62 602
0 3 0.62 603
0 3 0.62 604
0 3 0.62 605
0 3 0.62 606
0 3 0.62 607
0 3 0.62 608
0 3 0.62 609
0 3 0.62 610
0 3 0.63 611
0 3 0.63 612
0 3 0.62 613
0 3 0.63 614
0 3 0.62 615
0 3 0.62 616
0 3 0.62 617
0 3 0.62 618
0 3 0.62 619
0 3 0.62 620
0 3 0.62 621
0 3 0.62 622
0 3 0.62 623
0 3 0.62 624
0 3 0.62 625
0 3 0.62 626
0 3 0.62 627
0 3 0.62 628
0 3 0.62 629
0 3 0.62 630
0 3 0.62 631
0 3 0.62 632
0 3 0.62 633
0 3 0.62 634
0 3 0.62 635
0 3 0.62 636
0 3 0.62 637
0 3 0.62 638
0 3 0.