0 0 0.00 1
0 1 0.50 2
0 1 0.33 3
0 1 0.25 4
0 1 0.40 5
0 1 0.33 6
0 1 0.29 7
0 1 0.25 8
0 1 0.33 9
0 1 0.30 10
0 1 0.27 11
0 1 0.25 12
0 1 0.23 13
0 1 0.21 14
0 1 0.20 15
0 1 0.19 16
0 1 0.18 17
0 1 0.22 18
0 1 0.21 19
0 1 0.20 20
0 1 0.19 21
0 1 0.18 22
0 1 0.22 23
0 1 0.25 24
0 1 0.24 25
0 1 0.23 26
0 1 0.26 27
0 1 0.25 28
0 1 0.24 29
0 1 0.23 30
0 1 0.23 31
0 1 0.25 32
0 1 0.24 33
0 1 0.24 34
0 1 0.23 35
0 1 0.25 36
0 1 0.24 37
0 1 0.24 38
0 1 0.23 39
0 1 0.23 40
0 1 0.24 41
0 1 0.24 42
0 1 0.26 43
0 1 0.25 44
0 1 0.24 45
0 1 0.26 46
0 1 0.26 47
0 1 0.27 48
0 1 0.29 49
0 1 0.28 50
0 1 0.27 51
0 1 0.29 52
0 1 0.28 53
0 1 0.28 54
0 1 0.27 55
0 1 0.29 56
0 1 0.28 57
0 1 0.28 58
0 1 0.29 59
0 1 0.30 60
0 1 0.30 61
0 1 0.29 62
0 1 0.29 63
0 1 0.30 64
0 1 0.29 65
0 1 0.29 66
0 1 0.28 67
0 1 0.29 68
0 1 0.29 69
0 1 0.30 70
0 1 0.30 71
0 1 0.31 72
0 1 0.30 73
0 1 0.30 74
0 1 0.31 75
0 1 0.30 76
0 1 0.30 77
0 1 0.29 78
0 1 0.29 79
0 1 0.30 80
0 1 0.30 81
0 1 0.29 82
0 1 0.29 83
0 1 0.29 84
0 1 0.28 85
0 1 0.28 86
0 1 0.29 87
0 1 0.28 88
0 1 0.28 89
0 1 0.29 90
0 1 0.29 91
0 1 0.28 92
0 1 0.28 93
0 1 0.29 94
0 1 0.28 95
0 1 0.28 96
0 1 0.29 97
0 1 0.29 98
0 1 0.28 99
0 1 0.28 100
0 1 0.28 101
0 1 0.27 102
0 1 0.28 103
0 1 0.28 104
0 1 0.28 105
0 1 0.27 106
0 1 0.28 107
0 1 0.28 108
0 1 0.28 109
0 1 0.28 110
0 1 0.28 111
0 1 0.28 112
0 1 0.28 113
0 1 0.28 114
0 1 0.28 115
0 1 0.28 116
0 1 0.28 117
0 1 0.28 118
0 1 0.28 119
0 1 0.28 120
0 1 0.27 121
0 1 0.27 122
0 1 0.27 123
0 1 0.27 124
0 1 0.27 125
0 1 0.28 126
0 1 0.28 127
0 1 0.28 128
0 1 0.28 129
0 1 0.28 130
0 1 0.27 131
0 1 0.28 132
0 1 0.28 133
0 1 0.28 134
0 1 0.28 135
0 1 0.29 136
0 1 0.29 137
0 1 0.30 138
0 1 0.29 139
0 1 0.29 140
0 1 0.29 141
0 1 0.29 142
0 1 0.29 143
0 1 0.29 144
0 1 0.29 145
0 1 0.29 146
0 1 0.29 147
0 1 0.29 148
0 1 0.30 149
0 1 0.29 150
0 1 0.29 151
0 1 0.29 152
0 1 0.29 153
0 1 0.30 154
0 1 0.30 155
0 1 0.29 156
0 1 0.30 157
0 1 0.30 158
0 1 0.30 159
0 1 0.29 160
0 1 0.30 161
0 1 0.30 162
0 1 0.29 163
0 1 0.29 164
0 1 0.30 165
0 1 0.30 166
0 1 0.29 167
0 1 0.29 168
0 1 0.29 169
0 1 0.29 170
0 1 0.29 171
0 1 0.30 172
0 1 0.30 173
0 1 0.30 174
0 1 0.30 175
0 1 0.30 176
0 1 0.29 177
0 1 0.29 178
0 1 0.29 179
0 1 0.29 180
0 1 0.29 181
0 1 0.29 182
0 1 0.29 183
0 1 0.29 184
0 1 0.29 185
0 1 0.29 186
0 1 0.29 187
0 1 0.29 188
0 1 0.29 189
0 1 0.28 190
0 1 0.28 191
0 1 0.28 192
0 1 0.28 193
0 1 0.28 194
0 1 0.28 195
0 1 0.28 196
0 1 0.28 197
0 1 0.28 198
0 1 0.28 199
0 1 0.28 200
0 1 0.28 201
0 1 0.28 202
0 1 0.29 203
0 1 0.28 204
0 1 0.28 205
0 1 0.29 206
0 1 0.29 207
0 1 0.28 208
0 1 0.28 209
0 1 0.28 210
0 1 0.28 211
0 1 0.28 212
0 1 0.28 213
0 1 0.28 214
0 1 0.27 215
0 1 0.27 216
0 1 0.27 217
0 1 0.28 218
0 1 0.28 219
0 1 0.28 220
0 1 0.28 221
0 1 0.27 222
0 1 0.28 223
0 1 0.28 224
0 1 0.28 225
0 1 0.28 226
0 1 0.28 227
0 1 0.28 228
0 1 0.28 229
0 1 0.27 230
0 1 0.27 231
0 1 0.27 232
0 1 0.27 233
0 1 0.27 234
0 1 0.27 235
0 2 0.28 236
0 2 0.28 237
0 2 0.28 238
0 2 0.28 239
0 2 0.28 240
0 2 0.28 241
0 2 0.28 242
0 2 0.28 243
0 2 0.28 244
0 2 0.28 245
0 2 0.28 246
0 2 0.28 247
0 2 0.28 248
0 2 0.28 249
0 2 0.28 250
0 2 0.28 251
0 2 0.29 252
0 2 0.28 253
0 2 0.28 254
0 2 0.28 255
0 2 0.28 256
0 2 0.28 257
0 2 0.28 258
0 2 0.28 259
0 2 0.28 260
0 2 0.28 261
0 2 0.28 262
0 2 0.28 263
0 2 0.28 264
0 2 0.28 265
0 2 0.28 266
0 2 0.28 267
0 2 0.29 268
0 2 0.29 269
0 2 0.29 270
0 2 0.29 271
0 2 0.29 272
0 2 0.29 273
0 2 0.30 274
0 2 0.29 275
0 2 0.29 276
0 2 0.30 277
0 2 0.29 278
0 2 0.30 279
0 2 0.30 280
0 2 0.30 281
0 2 0.29 282
0 2 0.29 283
0 2 0.29 284
0 2 0.29 285
0 2 0.30 286
0 2 0.30 287
0 2 0.30 288
0 2 0.30 289
0 2 0.30 290
0 2 0.30 291
0 2 0.30 292
0 2 0.30 293
0 2 0.30 294
0 2 0.30 295
0 2 0.30 296
0 2 0.30 297
0 2 0.30 298
0 2 0.30 299
0 2 0.30 300
0 2 0.30 301
0 2 0.30 302
0 2 0.30 303
0 2 0.30 304
0 2 0.30 305
0 2 0.30 306
0 2 0.30 307
0 2 0.30 308
0 2 0.30 309
0 2 0.30 310
0 2 0.30 311
0 2 0.29 312
0 2 0.30 313
0 2 0.30 314
0 2 0.30 315
0 2 0.30 316
0 2 0.30 317
0 2 0.30 318
0 2 0.30 319
0 2 0.30 320
0 2 0.30 321
0 2 0.30 322
0 2 0.30 323
0 2 0