0 0 0.00 1
0 0 0.00 2
0 1 0.33 3
0 1 0.25 4
0 1 0.20 5
0 1 0.17 6
0 1 0.29 7
0 1 0.38 8
0 1 0.33 9
0 1 0.30 10
0 1 0.27 11
0 1 0.25 12
0 1 0.23 13
0 1 0.21 14
0 1 0.20 15
0 1 0.19 16
0 1 0.24 17
0 1 0.22 18
0 1 0.21 19
0 1 0.20 20
0 1 0.24 21
0 1 0.23 22
0 1 0.22 23
0 1 0.25 24
0 1 0.28 25
0 1 0.27 26
0 1 0.26 27
0 1 0.29 28
0 1 0.28 29
0 1 0.27 30
0 1 0.26 31
0 1 0.25 32
0 1 0.27 33
0 1 0.26 34
0 1 0.26 35
0 1 0.25 36
0 1 0.24 37
0 1 0.24 38
0 1 0.23 39
0 1 0.23 40
0 1 0.22 41
0 1 0.24 42
0 1 0.23 43
0 1 0.23 44
0 1 0.24 45
0 1 0.24 46
0 1 0.23 47
0 1 0.23 48
0 1 0.24 49
0 1 0.24 50
0 1 0.24 51
0 1 0.25 52
0 1 0.25 53
0 1 0.24 54
0 1 0.25 55
0 1 0.25 56
0 1 0.25 57
0 1 0.24 58
0 1 0.25 59
0 1 0.25 60
0 1 0.25 61
0 1 0.24 62
0 1 0.25 63
0 1 0.25 64
0 1 0.25 65
0 1 0.24 66
0 1 0.24 67
0 1 0.24 68
0 1 0.25 69
0 1 0.24 70
0 1 0.24 71
0 1 0.24 72
0 1 0.23 73
0 1 0.23 74
0 1 0.24 75
0 1 0.24 76
0 1 0.23 77
0 1 0.23 78
0 1 0.24 79
0 1 0.24 80
0 1 0.23 81
0 1 0.24 82
0 1 0.24 83
0 1 0.25 84
0 1 0.25 85
0 1 0.26 86
0 1 0.25 87
0 1 0.25 88
0 1 0.25 89
0 1 0.24 90
0 1 0.25 91
0 1 0.25 92
0 1 0.26 93
0 1 0.26 94
0 1 0.25 95
0 1 0.26 96
0 1 0.26 97
0 1 0.27 98
0 1 0.27 99
0 1 0.27 100
0 1 0.27 101
0 1 0.26 102
0 1 0.26 103
0 1 0.26 104
0 1 0.27 105
0 1 0.26 106
0 1 0.26 107
0 1 0.26 108
0 1 0.27 109
0 1 0.26 110
0 1 0.26 111
0 1 0.26 112
0 1 0.26 113
0 1 0.25 114
0 1 0.25 115
0 1 0.25 116
0 2 0.26 117
0 2 0.26 118
0 2 0.26 119
0 2 0.26 120
0 2 0.26 121
0 2 0.26 122
0 2 0.27 123
0 2 0.27 124
0 2 0.26 125
0 2 0.27 126
0 2 0.27 127
0 2 0.27 128
0 2 0.26 129
0 2 0.26 130
0 2 0.26 131
0 2 0.26 132
0 2 0.26 133
0 2 0.26 134
0 2 0.26 135
0 2 0.26 136
0 2 0.26 137
0 2 0.25 138
0 2 0.26 139
0 2 0.26 140
0 2 0.26 141
0 2 0.25 142
0 2 0.25 143
0 2 0.25 144
0 2 0.25 145
0 2 0.25 146
0 2 0.24 147
0 2 0.24 148
0 2 0.24 149
0 2 0.24 150
0 2 0.25 151
0 2 0.25 152
0 2 0.25 153
0 2 0.25 154
0 2 0.25 155
0 2 0.25 156
0 2 0.25 157
0 2 0.25 158
0 2 0.25 159
0 2 0.25 160
0 2 0.25 161
0 2 0.25 162
0 2 0.26 163
0 2 0.26 164
0 2 0.26 165
0 2 0.26 166
0 2 0.26 167
0 2 0.26 168
0 2 0.26 169
0 2 0.26 170
0 2 0.27 171
0 2 0.27 172
0 2 0.27 173
0 2 0.26 174
0 2 0.26 175
0 2 0.26 176
0 2 0.26 177
0 2 0.26 178
0 2 0.26 179
0 2 0.26 180
0 2 0.25 181
0 2 0.25 182
0 2 0.26 183
0 2 0.26 184
0 2 0.26 185
0 2 0.26 186
0 2 0.26 187
0 2 0.26 188
0 2 0.26 189
0 2 0.26 190
0 2 0.26 191
0 2 0.26 192
0 2 0.26 193
0 2 0.26 194
0 2 0.26 195
0 2 0.26 196
0 2 0.26 197
0 2 0.26 198
0 2 0.26 199
0 2 0.27 200
0 2 0.26 201
0 2 0.26 202
0 2 0.26 203
0 2 0.26 204
0 2 0.26 205
0 2 0.26 206
0 2 0.26 207
0 2 0.25 208
0 2 0.25 209
0 2 0.25 210
0 2 0.25 211
0 2 0.25 212
0 2 0.25 213
0 2 0.25 214
0 2 0.25 215
0 2 0.25 216
0 2 0.25 217
0 2 0.25 218
0 2 0.26 219
0 2 0.25 220
0 2 0.26 221
0 2 0.26 222
0 2 0.26 223
0 2 0.26 224
0 2 0.26 225
0 2 0.26 226
0 2 0.26 227
0 2 0.26 228
0 2 0.26 229
0 2 0.26 230
0 2 0.26 231
0 2 0.26 232
0 2 0.26 233
0 2 0.26 234
0 2 0.26 235
0 2 0.26 236
0 2 0.27 237
0 2 0.26 238
0 2 0.27 239
0 2 0.27 240
0 2 0.27 241
0 2 0.26 242
0 2 0.26 243
0 2 0.26 244
0 2 0.26 245
0 2 0.26 246
0 2 0.26 247
0 2 0.26 248
0 2 0.26 249
0 2 0.26 250
0 2 0.25 251
0 2 0.26 252
0 2 0.26 253
0 2 0.26 254
0 2 0.26 255
0 2 0.26 256
0 2 0.26 257
0 2 0.26 258
0 2 0.26 259
0 2 0.26 260
0 2 0.26 261
0 2 0.26 262
0 2 0.26 263
0 2 0.26 264
0 2 0.26 265
0 2 0.26 266
0 2 0.26 267
0 2 0.26 268
0 2 0.26 269
0 2 0.26 270
0 2 0.26 271
0 2 0.26 272
0 2 0.26 273
0 2 0.26 274
0 2 0.26 275
0 2 0.26 276
0 2 0.26 277
0 2 0.26 278
0 2 0.26 279
0 2 0.26 280
0 2 0.26 281
0 2 0.26 282
0 2 0.25 283
0 2 0.25 284
0 2 0.25 285
0 2 0.25 286
0 2 0.25 287
0 2 0.25 288
0 2 0.25 289
0 2 0.25 290
0 2 0.25 291
0 2 0.25 292
0 2 0.25 293
0 2 0.25 294
0 2 0.25 295
0 2 0.25 296
0 2 0.25 297
0 2 0.26 298
0 2 0.25 299
0 2 0.25 300
0 2 0.25 301
0 2 0.25 302
0 2 0.25 303
0 2 0.26 304
0 2 0.26 305
0 2 0.25 306
0 2 0.25 307
0 2 0.26 308
0 2 0.26 309
0 2 0.25 310
0 2 0.25 311
0 2 0.26 312
0 2 0.26 313
0 2 0.25 314
0 2 0.26 315
0 2 0.26 316
0 2 0.26 317
0 2 0.25 318
0 2 0.25 319
0 2 0.26 320
0 2 0.26 321
0 2 0.25 322
0 2 0.25 323
0 2 0.25 324
0 2 0.26 325
0 2 0.25 326
0 2 0.25 327
0 2 0.25 328
0 2 0.25 329
0 2 0.25 330
0 2 0.25 331
0 2 0.25 332
0 2 0.25 333
0 2 0.25 334
0 2 0.25 335
0 2 0.25 336
0 2 0.25 337
0 2 0.25 338
0 2 0.25 339
0 2 0.26 340
0 2 0.26 341
0 2 0.26 342
0 2 0.26 343
0 2 0.26 344
0 2 0.26 345
0 2 0.26 346
0 2 0.26 347
0 2 0.26 348
0 2 0.26 349
0 2 0.26 350
0 2 0.26 351
0 2 0.26 352
0 2 0.25 353
0 2 0.25 354
0 2 0.26 355
0 2 0.26 356
0 2 0.26 357
0 2 0.26 358
0 2 0.26 359
0 2 0.26 360
0 2 0.26 361
0 2 0.26 362
0 2 0.26 363
0 2 0.26 364
0 2 0.26 365
0 2 0.26 366
0 2 0.26 367
0 2 0.26 368
0 2 0.26 369
0 2 0.26 370
0 2 0.26 371
0 2 0.26 372
0 2 0.26 373
0 2 0.26 374
0 2 0.26 375
0 2 0.26 376
0 2 0.26 377
0 2 0.26 378
0 2 0.26 379
0 2 0.26 380
0 2 0.25 381
0 2 0.25 382
0 2 0.25 383
0 2 0.26 384
0 2 0.25 385
0 2 0.26 386
0 2 0.26 387
0 2 0.26 388
0 2 0.26 389
0 2 0.26 390
0 2 0.26 391
0 2 0.26 392
0 2 0.26 393
0 2 0.26 394
0 2 0.26 395
0 2 0.26 396
0 2 0.26 397
0 2 0.26 398
0 2 0.26 399
0 2 0.26 400
0 2 0.26 401
0 2 0.26 402
0 2 0.26 403
0 2 0.25 404
0 2 0.25 405
0 2 0.26 406
0 2 0.26 407
0 2 0.25 408
0 2 0.25 409
0 2 0.25 410
0 2 0.26 411
0 2 0.26 412
0 2 0.26 413
0 2 0.26 414
0 2 0.26 415
0 2 0.26 416
0 2 0.26 417
0 2 0.26 418
0 2 0.26 419
0 2 0.26 420
0 2 0.26 421
0 2 0.26 422
0 2 0.26 423
0 2 0.26 424
0 2 0.26 425
0 2 0.26 426
0 2 0.26 427
0 2 0.26 428
0 2 0.26 429
0 2 0.26 430
0 2 0.26 431
0 2 0.26 432
0 2 0.26 433
0 2 0.26 434
0 2 0.26 435
0 2 0.26 436
0 2 0.26 437
0 2 0.26 438
0 2 0.26 439
0 2 0.26 440
0 2 0.26 441
0 2 0.26 442
0 2 0.26 443
0 2 0.26 444
0 2 0.26 445
0 2 0.26 446
0 2 0.26 447
0 2 0.26 448
0 2 0.26 449
0 2 0.26 450
0 2 0.26 451
0 2 0.26 452
0 2 0.26 453
0 2 0.26 454
0 2 0.26 455
0 2 0.27 456
0 2 0.26 457
0 2 0.26 458
0 2 0.27 459
0 2 0.27 460
0 2 0.26 461
0 2 0.26 462
0 2 0.26 463
0 2 0.26 464
0 2 0.26 465
0 2 0.26 466
0 2 0.26 467
0 2 0.26 468
0 2 0.26 469
0 2 0.26 470
0 2 0.26 471
0 2 0.26 472
0 2 0.26 473
0 2 0.26 474
0 2 0.27 475
0 2 0.26 476
0 2 0.26 477
0 2 0.26 478
0 2 0.27 479
0 2 0.26 480
0 2 0.27 481
0 2 0.27 482
0 2 0.27 483
0 2 0.27 484
0 2 0.27 485
0 2 0.27 486
0 2 0.27 487
0 2 0.27 488
0 2 0.27 489
0 2 0.27 490
0 2 0.27 491
0 2 0.27 492
0 2 0.27 493
0 2 0.27 494
0 2 0.27 495
0 2 0.27 496
0 2 0.27 497
0 2 0.27 498
0 2 0.27 499
0 2 0.27 500
0 2 0.27 501
0 2 0.27 502
0 2 0.27 503
0 2 0.27 504
0 2 0.27 505
0 2 0.27 506
0 2 0.27 507
0 2 0.27 508
0 2 0.27 509
0 2 0.27 510
0 2 0.27 511
0 2 0.27 512
0 2 0.27 513
0 2 0.27 514
0 2 0.27 515
0 2 0.27 516
0 2 0.27 517
0 2 0.27 518
0 2 0.27 519
0 2 0.27 520
0 2 0.27 521
0 2 0.27 522
0 2 0.27 523
0 2 0.27 524
0 2 0.27 525
0 2 0.27 526
0 2 0.27 527
0 2 0.27 528
0 2 0.27 529
0 2 0.28 530
0 2 0.27 531
0 2 0.28 532
0 2 0.28 533
0 2 0.28 534
0 2 0.27 535
0 2 0.28 536
0 2 0.28 537
0 2 0.28 538
0 2 0.27 539
0 2 0.28 540
0 2 0.28 541
0 2 0.27 542
0 2 0.27 543
0 2 0.27 544
0 2 0.28 545
0 2 0.27 546
0 2 0.27 547
0 2 0.27 548
0 2 0.28 549
0 2 0.27 550
0 2 0.28 551
0 2 0.28 552
0 2 0.27 553
0 2 0.28 554
0 2 0.28 555
0 2 0.28 556
0 2 0.28 557
0 2 0.28 558
0 2 0.28 559
0 2 0.28 560
0 2 0.27 561
0 2 0.27 562
0 2 0.28 563
0 2 0.27 564
0 2 0.28 565
0 2 0.28 566
0 2 0.28 567
0 2 0.27 568
0 2 0.28 569
0 2 0.28 570
0 2 0.27 571
0 2 0.28 572
0 2 0.28 573
0 2 0.28 574
0 2 0.27 575
0 2 0.27 576
0 2 0.27 577
0 2 0.27 578
0 2 0.27 579
0 2 0.27 580
0 2 0.27 581
0 2 0.27 582
0 2 0.27 583
0 2 0.27 584
0 2 0.27 585
0 2 0.27 586
0 2 0.27 587
0 2 0.27 588
0 2 0.27 589
0 2 0.27 590
0 2 0.27 591
0 2 0.28 592
0 2 0.27 593
0 2 0.27 594
0 2 0.27 595
0 2 0.28 596
0 2 0.27 597
0 2 0.27 598
0 2 0.27 599
0 2 0.28 600
0 2 0.27 601
0 2 0.27 602
0 2 0.27 603
0 2 0.27 604
0 2 0.27 605
0 2 0.27 606
0 2 0.27 607
0 2 0.27 608
0 2 0.27 609
0 2 0.27 610
0 2 0.27 611
0 2 0.27 612
0 2 0.27 613
0 2 0.27 614
0 2 0.27 615
0 2 0.27 616
0 2 0.27 617
0 2 0.27 618
0 2 0.27 619
0 2 0.27 620
0 2 0.27 621
0 2 0.27 622
0 2 0.27 623
0 2 0.27 624
0 2 0.27 625
0 2 0.27 626
0 2 0.27 627
0 2 0.27 628
0 2 0.27 629
0 2 0.27 630
0 2 0.27 631
0 2 0.27 632
0 2 0.27 633
0 2 0.27 634
0 2 0.27 635
0 2 0.27 636
0 2 0.27 637
0 2 0.27 638
0 2 0.27 639
0 2 0.27 640
0 2 0.27 641
0 2 0.27 642
0 2 0.27 643
0 2 0.27 644
0 2 0.27 645
0 2 0.27 646
0 2 0.27 647
0 2 0.27 648
0 2 0.27 649
0 2 0.27 650
0 2 0.27 651
0 2 0.27 652
0 2 0.27 653
0 2 0.27 654
0 2 0.27 655
0 2 0.27 656
0 2 0.27 657
0 2 0.27 658
0 2 0.27 659
0 2 0.27 660
0 2 0.27 661
0 2 0.27 662
0 2 0.27 663
0 2 0.27 664
0 2 0.27 665
0 2 0.27 666
0 2 0.27 667
0 2 0.27 668
0 2 0.27 669
0 2 0.27 670
0 2 0.27 671
0 2 0.27 672
0 2 0.27 673
0 2 0.27 674
0 2 0.27 675
0 2 0.27 676
0 2 0.27 677
0 2 0.27 678
0 2 0.27 679
0 2 0.27 680
0 2 0.27 681
0 2 0.27 682
0 2 0.27 683
0 2 0.27 684
0 2 0.27 685
0 2 0.27 686
0 2 0.27 687
0 2 0.27 688
0 2 0.27 689
0 2 0.27 690
0 2 0.27 691
0 2 0.27 692
0 2 0.27 693
0 2 0.27 694
0 2 0.27 695
0 2 0.27 696
0 2 0.27 697
0 2 0.27 698
0 2 0.27 699
0 2 0.27 700
0 2 0.27 701
0 2 0.27 702
0 2 0.27 703
0 2 0.27 704
0 2 0.27 705
0 2 0.27 706
0 2 0.27 707
0 2 0.27 708
0 2 0.27 709
0 2 0.26 710
0 2 0.26 711
0 2 0.27 712
0 2 0.27 713
0 2 0.27 714
0 2 0.27 715
0 2 0.27 716
0 2 0.27 717
0 2 0.27 718
0 2 0.27 719
0 2 0.27 720
0 2 0.27 721
0 2 0.27 722
0 2 0.27 723
0 2 0.27 724
0 2 0.27 725
0 2 0.27 726
0 2 0.27 727
0 2 0.27 728
0 2 0.27 729
0 2 0.27 730
0 2 0.27 731
0 2 0.27 732
0 2 0.27 733
0 2 0.27 734
0 2 0.27 735
0 2 0.27 736
0 2 0.27 737
0 2 0.27 738
0 2 0.27 739
0 2 0.27 740
0 2 0.27 741
0 2 0.27 742
0 2 0.27 743
0 2 0.27 744
0 2 0.27 745
0 2 0.27 746
0 2 0.27 747
0 2 0.27 748
0 2 0.27 749
0 2 0.27 750
0 2 0.27 751
0 2 0.27 752
0 2 0.27 753
0 2 0.27 754
0 2 0.27 755
0 2 0.27 756
0 2 0.27 757
0 2 0.27 758
0 2 0.27 759
0 2 0.27 760
0 2 0.27 761
0 2 0.27 762
0 2 0.27 763
0 2 0.27 764
0 2 0.27 765
0 2 0.27 766
0 2 0.27 767
0 2 0.27 768
0 2 0.27 769
0 2 0.27 770
0 2 0.27 771
0 2 0.27 772
0 2 0.27 773
0 2 0.27 774
0 2 0.27 775
0 2 0.27 776
0 2 0.27 777
0 2 0.27 778
0 2 0.27 779
0 2 0.27 780
0 2 0.27 781
0 2 0.27 782
0 2 0.27 783
0 2 0.27 784
0 2 0.27 785
0 2 0.27 786
0 2 0.27 787
0 2 0.27 788
0 2 0.27 789
0 2 0.27 790
0 2 0.27 791
0 2 0.27 792
0 2 0.27 793
0 2 0.27 794
0 2 0.27 795
0 2 0.27 796
0 2 0.27 797
0 2 0.27 798
0 2 0.27 799
0 2 0.27 800
0 2 0.27 801
0 2 0.27 802
0 2 0.27 803
0 2 0.27 804
0 2 0.27 805
0 2 0.27 806
0 2 0.27 807
0 2 0.27 808
0 2 0.27 809
0 2 0.27 810
0 2 0.27 811
0 2 0.27 812
0 2 0.27 813
0 2 0.27 814
0 2 0.27 815
0 2 0.27 816
0 2 0.27 817
0 2 0.27 818
0 2 0.27 819
0 2 0.27 820
0 2 0.27 821
0 2 0.27 822
0 2 0.27 823
0 2 0.27 824
0 2 0.27 825
0 2 0.27 826
0 2 0.27 827
0 2 0.27 828
0 2 0.27 829
0 2 0.27 830
0 2 0.27 831
0 2 0.27 832
0 2 0.27 833
0 2 0.27 834
0 2 0.27 835
0 2 0.27 836
0 2 0.27 837
0 2 0.27 838
0 2 0.27 839
0 2 0.27 840
0 2 0.27 841
0 2 0.27 842
0 2 0.27 843
0 2 0.27 844
0 2 0.27 845
0 2 0.27 846
0 2 0.27 847
0 2 0.27 848
0 2 0.27 849
0 2 0.27 850
0 2 0.27 851
0 2 0.27 852
0 2 0.27 853
0 2 0.27 854
0 2 0.27 855
0 2 0.27 856
0 2 0.27 857
0 2 0.27 858
0 2 0.27 859
0 2 0.27 860
0 2 0.27 861
0 2 0.27 862
0 2 0.27 863
0 2 0.27 864
0 2 0.27 865
0 2 0.27 866
0 2 0.27 867
0 2 0.27 868
0 2 0.27 869
0 2 0.27 870
0 2 0.27 871
0 2 0.27 872
0 2 0.27 873
0 2 0.27 874
0 2 0.27 875
0 2 0.27 876
0 2 0.27 877
0 2 0.27 878
0 2 0.27 879
0 2 0.27 880
0 2 0.27 881
0 2 0.27 882
0 2 0.27 883
0 2 0.27 884
0 2 0.27 885
0 2 0.27 886
0 2 0.27 887
0 2 0.27 888
0 2 0.27 889
0 2 0.27 890
0 2 0.27 891
0 2 0.27 892
0 2 0.27 893
0 2 0.27 894
0 2 0.27 895
0 2 0.27 896
0 2 0.27 897
0 2 0.27 898
0 2 0.27 899
0 2 0.27 900
0 2 0.27 901
0 2 0.27 902
0 2 0.27 903
0 2 0.27 904
0 2 0.27 905
0 2 0.26 906
0 2 0.26 907
0 2 0.27 908
0 2 0.27 909
0 2 0.26 910
0 2 0.27 911
0 2 0.27 912
0 2 0.27 913
0 2 0.27 914
0 2 0.27 915
0 2 0.27 916
0 2 0.27 917
0 2 0.27 918
0 2 0.27 919
0 2 0.27 920
0 2 0.27 921
0 2 0.27 922
0 2 0.27 923
0 2 0.27 924
0 2 0.27 925
0 2 0.27 926
0 2 0.27 927
0 2 0.27 928
0 2 0.27 929
0 2 0.27 930
0 2 0.27 931
0 2 0.27 932
0 2 0.27 933
0 2 0.27 934
0 2 0.27 935
0 2 0.27 936
0 2 0.27 937
0 2 0.27 938
0 2 0.27 939
0 2 0.27 940
0 2 0.27 941
0 2 0.27 942
0 2 0.27 943
0 2 0.27 944
0 2 0.27 945
0 2 0.27 946
0 2 0.27 947
0 2 0.27 948
0 2 0.27 949
0 2 0.27 950
0 2 0.27 951
0 2 0.27 952
0 2 0.27 953
0 2 0.2