1 1 1.00 1
1 1 1.00 2
0 1 0.67 3
0 1 0.50 4
0 1 0.40 5
0 1 0.33 6
0 1 0.43 7
0 1 0.38 8
0 1 0.33 9
0 1 0.30 10
0 1 0.36 11
0 1 0.33 12
0 1 0.31 13
0 1 0.29 14
0 1 0.33 15
0 1 0.31 16
0 1 0.29 17
0 1 0.33 18
0 1 0.32 19
0 1 0.30 20
0 1 0.33 21
0 1 0.32 22
0 1 0.35 23
0 1 0.33 24
0 1 0.32 25
0 1 0.35 26
0 1 0.37 27
0 1 0.36 28
0 1 0.34 29
0 1 0.33 30
0 1 0.35 31
0 1 0.34 32
0 1 0.33 33
0 1 0.32 34
0 1 0.34 35
0 1 0.33 36
0 1 0.32 37
0 1 0.32 38
0 1 0.31 39
0 1 0.33 40
0 1 0.32 41
0 1 0.31 42
0 1 0.30 43
0 1 0.32 44
0 1 0.31 45
0 1 0.33 46
0 1 0.32 47
0 1 0.33 48
0 1 0.33 49
0 1 0.34 50
0 1 0.33 51
0 1 0.33 52
0 1 0.32 53
0 1 0.31 54
0 1 0.31 55
0 1 0.30 56
0 1 0.30 57
0 1 0.29 58
0 1 0.31 59
0 1 0.30 60
0 1 0.30 61
0 1 0.29 62
0 1 0.29 63
0 1 0.28 64
0 1 0.29 65
0 1 0.29 66
0 1 0.28 67
0 1 0.28 68
0 1 0.28 69
0 1 0.29 70
0 1 0.28 71
0 1 0.29 72
0 1 0.29 73
0 1 0.30 74
0 1 0.29 75
0 1 0.29 76
0 1 0.29 77
0 1 0.28 78
0 1 0.28 79
0 1 0.28 80
0 1 0.27 81
0 1 0.28 82
0 1 0.28 83
0 1 0.27 84
0 1 0.27 85
0 1 0.28 86
0 1 0.29 87
0 1 0.28 88
0 1 0.28 89
0 1 0.29 90
0 1 0.29 91
0 1 0.28 92
0 1 0.29 93
0 1 0.29 94
0 1 0.28 95
0 1 0.28 96
0 1 0.28 97
0 1 0.28 98
0 1 0.27 99
0 1 0.27 100
0 1 0.28 101
0 1 0.27 102
0 1 0.27 103
0 1 0.27 104
0 1 0.27 105
0 1 0.26 106
0 1 0.26 107
0 1 0.26 108
0 1 0.27 109
0 1 0.26 110
0 1 0.26 111
0 1 0.27 112
0 1 0.27 113
0 1 0.26 114
0 1 0.26 115
0 1 0.26 116
0 1 0.26 117
0 1 0.26 118
0 1 0.26 119
0 1 0.27 120
0 1 0.26 121
0 1 0.26 122
0 1 0.26 123
0 1 0.27 124
0 1 0.26 125
0 1 0.26 126
0 1 0.27 127
0 1 0.27 128
0 1 0.27 129
0 1 0.27 130
0 1 0.27 131
0 1 0.27 132
0 1 0.26 133
0 1 0.27 134
0 1 0.27 135
0 1 0.26 136
0 1 0.26 137
0 1 0.26 138
0 1 0.27 139
0 1 0.26 140
0 1 0.26 141
0 1 0.26 142
0 1 0.26 143
0 1 0.26 144
0 1 0.26 145
0 1 0.26 146
0 1 0.27 147
0 1 0.26 148
0 1 0.27 149
0 1 0.27 150
0 1 0.26 151
0 1 0.26 152
0 1 0.26 153
0 1 0.26 154
0 1 0.26 155
0 1 0.26 156
0 1 0.26 157
0 1 0.26 158
0 1 0.26 159
0 1 0.26 160
0 1 0.26 161
0 1 0.26 162
0 1 0.26 163
0 1 0.26 164
0 1 0.26 165
0 1 0.26 166
0 1 0.26 167
0 1 0.26 168
0 1 0.25 169
0 1 0.25 170
0 1 0.25 171
0 1 0.25 172
0 1 0.25 173
0 1 0.25 174
0 1 0.25 175
0 1 0.24 176
0 1 0.24 177
0 1 0.24 178
0 1 0.25 179
0 1 0.24 180
0 1 0.24 181
0 1 0.25 182
0 1 0.25 183
0 1 0.24 184
0 1 0.24 185
0 1 0.24 186
0 1 0.24 187
0 1 0.24 188
0 1 0.24 189
0 1 0.24 190
0 1 0.24 191
0 1 0.24 192
0 1 0.25 193
0 1 0.25 194
0 1 0.25 195
0 1 0.24 196
0 1 0.25 197
0 1 0.25 198
0 1 0.25 199
0 1 0.24 200
0 1 0.25 201
0 1 0.25 202
0 1 0.25 203
0 1 0.25 204
0 1 0.24 205
0 1 0.24 206
0 1 0.25 207
0 1 0.25 208
0 1 0.24 209
0 1 0.24 210
0 1 0.25 211
0 1 0.25 212
0 1 0.24 213
0 1 0.24 214
0 1 0.24 215
0 1 0.25 216
0 1 0.24 217
0 1 0.24 218
0 1 0.25 219
0 1 0.25 220
0 1 0.24 221
0 1 0.24 222
0 1 0.25 223
0 1 0.25 224
0 1 0.24 225
0 1 0.24 226
0 1 0.25 227
0 1 0.25 228
0 1 0.25 229
0 1 0.25 230
0 1 0.25 231
0 1 0.25 232
0 1 0.25 233
0 1 0.26 234
0 1 0.26 235
0 1 0.26 236
0 1 0.26 237
0 1 0.26 238
0 1 0.26 239
0 1 0.25 240
0 1 0.25 241
0 1 0.25 242
0 1 0.25 243
0 1 0.25 244
0 1 0.25 245
0 1 0.25 246
0 1 0.25 247
0 1 0.25 248
0 1 0.25 249
0 1 0.25 250
0 1 0.25 251
0 1 0.25 252
0 1 0.25 253
0 1 0.25 254
0 1 0.25 255
0 1 0.25 256
0 1 0.25 257
0 1 0.25 258
0 1 0.25 259
0 1 0.25 260
0 1 0.25 261
0 1 0.24 262
0 1 0.25 263
0 1 0.25 264
0 1 0.25 265
0 1 0.24 266
0 1 0.25 267
0 1 0.25 268
0 1 0.25 269
0 1 0.25 270
0 1 0.25 271
0 1 0.25 272
0 1 0.25 273
0 1 0.25 274
0 1 0.25 275
0 1 0.25 276
0 1 0.25 277
0 1 0.25 278
0 1 0.25 279
0 1 0.25 280
0 1 0.25 281
0 1 0.25 282
0 1 0.25 283
0 1 0.25 284
0 1 0.26 285
0 1 0.26 286
0 1 0.25 287
0 1 0.25 288
0 1 0.25 289
0 1 0.25 290
0 1 0.25 291
0 1 0.25 292
0 1 0.26 293
0 1 0.26 294
0 1 0.26 295
0 1 0.26 296
0 1 0.26 297
0 1 0.26 298
0 1 0.26 299
0 1 0.26 300
0 1 0.26 301
0 1 0.25 302
0 1 0.25 303
0 1 0.25 304
0 1 0.25 305
0 1 0.25 306
0 1 0.25 307
0 1 0.25 308
0 1 0.25 309
0 1 0.25 310
0 1 0.25 311
0 1 0.25 312
0 1 0.25 313
0 1 0.25 314
0 1 0.25 315
0 1 0.25 316
0 1 0.26 317
0 1 0.25 318
0 1 0.26 319
0 1 0.26 320
0 1 0.26 321
0 1 0.26 322
0 1 0.26 323
0 1 0