6 6 6.00 1
3 6 4.50 2
3 6 4.67 3
3 6 4.50 4
3 7 5.00 5
3 7 4.67 6
3 7 4.43 7
3 7 4.50 8
3 7 4.56 9
3 7 4.60 10
3 7 4.55 11
3 7 4.58 12
3 8 4.85 13
3 8 4.71 14
3 8 4.73 15
3 8 4.75 16
3 8 4.76 17
3 8 4.78 18
3 8 4.79 19
3 8 4.85 20
3 8 4.76 21
3 8 4.68 22
3 8 4.65 23
3 8 4.67 24
3 8 4.72 25
3 8 4.69 26
3 8 4.63 27
3 8 4.57 28
3 8 4.52 29
3 8 4.47 30
3 8 4.48 31
3 8 4.50 32
3 8 4.48 33
3 8 4.47 34
3 8 4.51 35
3 8 4.53 36
3 8 4.51 37
3 8 4.53 38
3 8 4.51 39
3 8 4.50 40
3 8 4.49 41
3 8 4.48 42
3 8 4.47 43
3 8 4.48 44
3 8 4.47 45
3 8 4.43 46
3 8 4.45 47
3 8 4.46 48
3 8 4.47 49
3 8 4.48 50
3 8 4.45 51
3 8 4.42 52
3 8 4.42 53
3 8 4.41 54
3 8 4.42 55
3 8 4.43 56
3 8 4.40 57
3 8 4.40 58
3 8 4.39 59
3 8 4.40 60
2 8 4.36 61
2 8 4.37 62
2 8 4.37 63
2 8 4.36 64
2 8 4.35 65
2 8 4.35 66
2 8 4.36 67
2 8 4.34 68
2 8 4.35 69
2 8 4.33 70
2 8 4.34 71
2 8 4.32 72
2 8 4.30 73
2 8 4.28 74
2 8 4.31 75
2 8 4.32 76
2 8 4.31 77
2 8 4.28 78
2 8 4.30 79
2 8 4.29 80
2 8 4.30 81
2 8 4.28 82
2 8 4.29 83
2 9 4.35 84
2 9 4.34 85
2 9 4.35 86
2 9 4.34 87
2 9 4.33 88
2 9 4.33 89
2 9 4.30 90
2 9 4.29 91
2 9 4.28 92
2 9 4.28 93
2 9 4.29 94
2 9 4.28 95
2 9 4.29 96
2 9 4.29 97
2 9 4.29 98
2 9 4.29 99
2 9 4.29 100
2 9 4.33 101
2 9 4.33 102
2 9 4.33 103
2 9 4.32 104
2 9 4.31 105
2 9 4.32 106
2 9 4.34 107
2 9 4.34 108
2 9 4.34 109
2 9 4.35 110
2 9 4.34 111
2 9 4.33 112
2 9 4.33 113
2 9 4.32 114
2 9 4.32 115
2 9 4.32 116
2 9 4.32 117
2 9 4.32 118
2 9 4.30 119
2 9 4.31 120
2 9 4.30 121
2 9 4.30 122
2 9 4.30 123
2 9 4.30 124
2 9 4.30 125
2 9 4.30 126
2 9 4.30 127
2 9 4.30 128
2 9 4.30 129
2 9 4.31 130
2 9 4.31 131
2 9 4.30 132
2 9 4.29 133
2 9 4.29 134
2 9 4.29 135
2 9 4.29 136
2 9 4.29 137
2 9 4.30 138
2 9 4.30 139
2 9 4.29 140
2 9 4.30 141
2 9 4.30 142
2 9 4.31 143
2 9 4.31 144
2 9 4.30 145
2 9 4.31 146
2 9 4.30 147
2 9 4.32 148
2 9 4.32 149
2 9 4.33 150
2 9 4.33 151
2 9 4.34 152
2 9 4.34 153
2 9 4.33 154
2 9 4.33 155
2 9 4.33 156
2 9 4.34 157
2 9 4.34 158
2 9 4.35 159
2 9 4.34 160
2 9 4.34 161
2 9 4.33 162
2 9 4.33 163
2 9 4.32 164
2 9 4.32 165
2 9 4.31 166
2 9 4.31 167
2 9 4.32 168
2 9 4.32 169
2 9 4.31 170
2 9 4.31 171
2 9 4.31 172
2 9 4.31 173
2 9 4.32 174
2 9 4.31 175
2 9 4.31 176
2 9 4.32 177
2 9 4.31 178
2 9 4.32 179
2 9 4.31 180
2 9 4.31 181
2 9 4.32 182
2 9 4.32 183
2 9 4.32 184
2 9 4.31 185
2 9 4.32 186
2 9 4.32 187
2 9 4.32 188
2 9 4.32 189
2 9 4.32 190
2 9 4.32 191
2 9 4.32 192
2 9 4.33 193
2 9 4.32 194
2 9 4.32 195
2 9 4.32 196
2 9 4.32 197
2 9 4.33 198
2 9 4.32 199
2 9 4.32 200
2 9 4.32 201
2 9 4.33 202
2 9 4.32 203
2 9 4.31 204
2 9 4.30 205
2 9 4.30 206
2 9 4.30 207
2 9 4.30 208
2 9 4.30 209
2 9 4.29 210
2 9 4.29 211
2 9 4.29 212
2 9 4.29 213
2 9 4.29 214
2 9 4.29 215
2 9 4.29 216
2 9 4.29 217
2 9 4.28 218
2 9 4.28 219
2 9 4.28 220
2 9 4.27 221
2 9 4.26 222
2 9 4.26 223
2 9 4.26 224
2 9 4.26 225
2 9 4.26 226
2 9 4.26 227
2 9 4.25 228
2 9 4.25 229
2 9 4.25 230
2 9 4.25 231
2 9 4.25 232
2 9 4.25 233
1 9 4.24 234
1 9 4.23 235
1 9 4.22 236
1 9 4.21 237
1 9 4.21 238
1 9 4.20 239
1 9 4.19 240
1 9 4.18 241
1 9 4.19 242
1 9 4.18 243
1 9 4.17 244
1 9 4.16 245
1 9 4.14 246
1 9 4.13 247
1 9 4.12 248
1 9 4.10 249
1 9 4.09 250
1 9 4.08 251
1 9 4.07 252
0 9 4.05 253
0 9 4.04 254
0 9 4.02 255
0 9 4.01 256
0 9 4.00 257
0 9 4.00 258
0 9 3.99 259
0 9 3.98 260
0 9 3.97 261
0 9 3.97 262
0 9 3.98 263
0 9 3.97 264
0 9 3.97 265
0 9 3.96 266
0 9 3.95 267
0 9 3.94 268
0 9 3.93 269
0 9 3.92 270
0 9 3.90 271
0 9 3.89 272
0 9 3.89 273
0 9 3.88 274
0 9 3.88 275
0 9 3.87 276
0 9 3.86 277
0 9 3.84 278
0 9 3.83 279
0 9 3.82 280
0 9 3.81 281
0 9 3.80 282
0 9 3.80 283
0 9 3.79 284
0 9 3.79 285
0 9 3.79 286
0 9 3.78 287
0 9 3.77 288
0 9 3.76 289
0 9 3.76 290
0 9 3.75 291
0 9 3.74 292
0 9 3.73 293
0 9 3.72 294
0 9 3.71 295
0 9 3.70 296
0 9 3.70 297
0 9 3.70 298
0 9 3.69 299
0 9 3.68 300
0 9 3.67 301
0 9 3.66 302
0 9 3.65 303
0 9 3.64 304
0 9 3.64 305
0 9 3.63 306
0 9 3.64 307
0 9 3.63 308
0 9 3.63 309
0 9 3.62 310
0 9 3.61 311
0 9 3.61 312
0 9 3.61 313
0 9 3.60 314
0 9 3.60 315
0 9 3.59 316
0 9 3.59 317
0 9 3.58 318
0 9 3.57 319
0 9 3.57 320
0 9 3.56 321
0 9 3.56 322
0 9 3.55 323
0 9 3.54 324
0 9 3.54 325
0 9 3.53 326
0 9 3.52 327
0 9 3.51 328
0 9 3.50 329
0 9 3.50 330
0 9 3.50 331
0 9 3.49 332
0 9 3.48 333
0 9 3.48 334
0 9 3.47 335
0 9 3.46 336
0 9 3.46 337
0 9 3.45 338
0 9 3.45 339
0 9 3.44 340
0 9 3.43 341
0 9 3.43 342
0 9 3.42 343
0 9 3.41 344
0 9 3.40 345
0 9 3.40 346
0 9 3.39 347
0 9 3.39 348
0 9 3.38 349
0 9 3.37 350
0 9 3.37 351
0 9 3.36 352
0 9 3.35 353
0 9 3.35 354
0 9 3.35 355
0 9 3.34 356
0 9 3.34 357
0 9 3.33 358
0 9 3.33 359
0 9 3.32 360
0 9 3.31 361
0 9 3.31 362
0 9 3.31 363
0 9 3.30 364
0 9 3.29 365
0 9 3.29 366
0 9 3.28 367
0 9 3.28 368
0 9 3.27 369
0 9 3.26 370
0 9 3.26 371
0 9 3.26 372
0 9 3.27 373
0 9 3.27 374
0 9 3.26 375
0 9 3.27 376
0 9 3.27 377
0 9 3.26 378
0 9 3.26 379
0 9 3.26 380
0 9 3.25 381
0 9 3.24 382
0 9 3.24 383
0 9 3.24 384
0 9 3.24 385
0 9 3.23 386
0 9 3.23 387
0 9 3.23 388
0 9 3.23 389
0 9 3.22 390
0 9 3.21 391
0 9 3.21 392
0 9 3.20 393
0 9 3.20 394
0 9 3.20 395
0 9 3.20 396
0 9 3.20 397
0 9 3.20 398
0 9 3.19 399
0 9 3.19 400
0 9 3.19 401
0 9 3.18 402
0 9 3.18 403
0 9 3.18 404
0 9 3.17 405
0 9 3.17 406
0 9 3.16 407
0 9 3.17 408
0 9 3.16 409
0 9 3.15 410
0 9 3.15 411
0 9 3.15 412
0 9 3.14 413
0 9 3.14 414
0 9 3.13 415
0 9 3.13 416
0 9 3.12 417
0 9 3.12 418
0 9 3.12 419
0 9 3.11 420
0 9 3.11 421
0 9 3.11 422
0 9 3.10 423
0 9 3.10 424
0 9 3.09 425
0 9 3.09 426
0 9 3.09 427
0 9 3.09 428
0 9 3.09 429
0 9 3.09 430
0 9 3.09 431
0 9 3.09 432
0 9 3.09 433
0 9 3.09 434
0 9 3.09 435
0 9 3.08 436
0 9 3.08 437
0 9 3.08 438
0 9 3.07 439
0 9 3.07 440
0 9 3.06 441
0 9 3.05 442
0 9 3.05 443
0 9 3.04 444
0 9 3.04 445
0 9 3.04 446
0 9 3.03 447
0 9 3.03 448
0 9 3.02 449
0 9 3.02 450
0 9 3.02 451
0 9 3.01 452
0 9 3.01 453
0 9 3.01 454
0 9 3.01 455
0 9 3.00 456
0 9 3.00 457
0 9 3.00 458
0 9 2.99 459
0 9 2.99 460
0 9 2.98 461
0 9 2.98 462
0 9 2.98 463
0 9 2.98 464
0 9 2.97 465
0 9 2.98 466
0 9 2.98 467
0 9 2.98 468
0 9 2.99 469
0 9 2.99 470
0 9 2.99 471
0 9 2.99 472
0 9 2.99 473
0 9 3.00 474
0 9 2.99 475
0 9 2.99 476
0 9 2.98 477
0 9 2.98 478
0 9 2.98 479
0 9 2.97 480
0 9 2.98 481
0 9 2.98 482
0 9 2.98 483
0 9 2.98 484
0 9 2.97 485
0 9 2.97 486
0 9 2.97 487
0 9 2.96 488
0 9 2.96 489
0 9 2.95 490
0 9 2.95 491
0 9 2.95 492
0 9 2.94 493
0 9 2.94 494
0 9 2.94 495
0 9 2.93 496
0 9 2.94 497
0 9 2.93 498
0 9 2.93 499
0 9 2.93 500
0 9 2.92 501
0 9 2.92 502
0 9 2.93 503
0 9 2.93 504
0 9 2.93 505
0 9 2.93 506
0 9 2.93 507
0 9 2.94 508
0 9 2.94 509
0 9 2.94 510
0 9 2.94 511
0 9 2.94 512
0 9 2.94 513
0 9 2.95 514
0 9 2.95 515
0 9 2.95 516
0 9 2.95 517
0 9 2.95 518
0 9 2.96 519
0 9 2.96 520
0 9 2.96 521
0 9 2.97 522
0 9 2.97 523
0 9 2.97 524
0 9 2.97 525
0 9 2.97 526
0 9 2.97 527
0 9 2.97 528
0 9 2.97 529
0 9 2.97 530
0 9 2.97 531
0 9 2.97 532
0 9 2.98 533
0 9 2.98 534
0 9 2.98 535
0 9 2.98 536
0 9 2.99 537
0 9 2.99 538
0 9 2.99 539
0 9 2.99 540
0 9 3.00 541
0 9 3.00 542
0 9 3.00 543
0 9 3.00 544
0 9 3.01 545
0 9 3.01 546
0 9 3.01 547
0 9 3.01 548
0 9 3.01 549
0 9 3.02 550
0 9 3.02 551
0 9 3.02 552
0 9 3.03 553
0 9 3.03 554
0 9 3.03 555
0 9 3.04 556
0 9 3.04 557
0 9 3.04 558
0 9 3.05 559
0 9 3.05 560
0 9 3.05 561
0 9 3.05 562
0 9 3.05 563
0 9 3.06 564
0 9 3.06 565
0 9 3.06 566
0 9 3.07 567
0 9 3.07 568
0 9 3.07 569
0 9 3.08 570
0 9 3.08 571
0 9 3.09 572
0 9 3.09 573
0 9 3.09 574
0 9 3.09 575
0 9 3.09 576
0 9 3.10 577
0 9 3.10 578
0 9 3.10 579
0 9 3.10 580
0 9 3.10 581
0 9 3.10 582
0 9 3.10 583
0 9 3.11 584
0 9 3.11 585
0 9 3.11 586
0 9 3.12 587
0 9 3.12 588
0 9 3.12 589
0 9 3.12 590
0 9 3.12 591
0 9 3.12 592
0 9 3.13 593
0 9 3.13 594
0 9 3.13 595
0 9 3.14 596
0 9 3.14 597
0 9 3.14 598
0 9 3.15 599
0 9 3.15 600
0 9 3.15 601
0 9 3.15 602
0 9 3.15 603
0 9 3.16 604
0 9 3.16 605
0 9 3.16 606
0 9 3.16 607
0 9 3.16 608
0 9 3.16 609
0 9 3.17 610
0 9 3.17 611
0 9 3.17 612
0 9 3.18 613
0 9 3.18 614
0 9 3.18 615
0 9 3.18 616
0 9 3.18 617
0 9 3.18 618
0 9 3.18 619
0 9 3.18 620
0 9 3.18 621
0 9 3.18 622
0 9 3.18 623
0 9 3.18 624
0 9 3.18 625
0 9 3.18 626
0 9 3.18 627
0 9 3.18 628
0 9 3.18 629
0 9 3.19 630
0 9 3.19 631
0 9 3.19 632
0 9 3.19 633
0 9 3.19 634
0 9 3.20 635
0 9 3.20 636
0 9 3.20 637
0 9 3.20 638
0 9 3.