10 10 10.00 1
7 10 8.50 2
6 10 7.67 3
5 10 7.00 4
5 10 6.80 5
5 10 6.50 6
5 10 6.29 7
5 10 6.25 8
5 10 6.22 9
5 10 6.20 10
5 10 6.18 11
5 10 6.17 12
5 10 6.08 13
5 10 6.00 14
5 10 6.00 15
5 10 6.00 16
5 10 5.94 17
5 10 5.94 18
5 10 5.89 19
5 10 5.85 20
5 10 5.86 21
5 10 5.82 22
4 10 5.74 23
4 10 5.71 24
4 10 5.68 25
4 10 5.65 26
4 10 5.59 27
4 10 5.61 28
4 10 5.59 29
4 10 5.60 30
4 10 5.58 31
4 10 5.56 32
4 10 5.55 33
4 10 5.50 34
4 10 5.51 35
4 10 5.50 36
4 10 5.49 37
4 10 5.47 38
4 10 5.49 39
4 10 5.47 40
4 10 5.49 41
4 10 5.48 42
4 10 5.47 43
4 10 5.45 44
4 10 5.47 45
4 10 5.46 46
3 10 5.40 47
3 10 5.44 48
3 10 5.41 49
3 10 5.42 50
3 10 5.39 51
3 10 5.38 52
3 10 5.34 53
3 10 5.33 54
3 10 5.29 55
3 10 5.27 56
3 10 5.28 57
3 10 5.26 58
3 10 5.27 59
3 10 5.25 60
3 10 5.23 61
3 10 5.24 62
3 10 5.24 63
3 10 5.25 64
3 10 5.23 65
3 10 5.23 66
3 10 5.21 67
3 10 5.22 68
2 10 5.17 69
2 10 5.19 70
2 10 5.18 71
2 10 5.19 72
2 10 5.18 73
2 10 5.18 74
2 10 5.19 75
2 10 5.18 76
2 10 5.19 77
2 10 5.18 78
2 10 5.18 79
2 10 5.15 80
2 10 5.15 81
2 10 5.20 82
2 10 5.19 83
2 10 5.19 84
2 10 5.19 85
2 10 5.19 86
2 10 5.17 87
2 44 5.61 88
2 44 5.61 89
2 44 5.61 90
2 44 5.59 91
2 44 5.60 92
2 44 5.58 93
2 44 5.56 94
2 44 5.55 95
2 44 5.53 96
2 44 5.54 97
2 44 5.53 98
2 44 5.53 99
2 44 5.52 100
2 44 5.50 101
2 44 5.49 102
2 44 5.49 103
2 44 5.48 104
2 44 5.49 105
2 44 5.48 106
2 44 5.46 107
2 44 5.45 108
2 44 5.45 109
2 44 5.45 110
2 44 5.45 111
2 44 5.45 112
2 44 5.43 113
2 44 5.42 114
2 44 5.43 115
2 44 5.42 116
2 44 5.41 117
2 44 5.41 118
2 44 5.41 119
2 44 5.40 120
2 44 5.40 121
2 44 5.40 122
2 44 5.40 123
2 44 5.39 124
2 44 5.39 125
2 44 5.40 126
2 44 5.39 127
2 44 5.38 128
2 44 5.38 129
2 44 5.38 130
2 44 5.38 131
2 44 5.38 132
2 44 5.40 133
2 44 5.39 134
2 44 5.39 135
2 44 5.40 136
2 44 5.39 137
2 44 5.40 138
2 44 5.40 139
2 44 5.40 140
2 44 5.39 141
2 44 5.38 142
2 44 5.38 143
2 44 5.38 144
2 44 5.38 145
2 44 5.37 146
2 44 5.35 147
2 44 5.35 148
2 44 5.36 149
2 44 5.35 150
2 44 5.34 151
2 44 5.35 152
2 44 5.34 153
2 44 5.33 154
2 44 5.33 155
2 44 5.33 156
2 44 5.32 157
2 44 5.32 158
2 44 5.33 159
2 44 5.32 160
2 44 5.31 161
2 44 5.31 162
2 44 5.31 163
2 44 5.30 164
2 44 5.30 165
2 44 5.30 166
2 44 5.29 167
2 44 5.29 168
2 44 5.29 169
2 44 5.29 170
2 44 5.29 171
2 44 5.28 172
2 44 5.28 173
2 44 5.28 174
2 44 5.27 175
2 44 5.27 176
2 44 5.26 177
2 44 5.26 178
2 44 5.26 179
2 44 5.25 180
2 44 5.24 181
2 44 5.24 182
2 44 5.24 183
2 44 5.24 184
2 44 5.24 185
2 44 5.23 186
2 44 5.22 187
2 44 5.22 188
2 44 5.23 189
2 44 5.23 190
2 44 5.25 191
2 44 5.25 192
2 44 5.26 193
2 44 5.27 194
2 44 5.27 195
2 44 5.28 196
2 44 5.27 197
2 44 5.28 198
2 44 5.28 199
2 44 5.28 200
2 44 5.27 201
2 44 5.27 202
2 44 5.28 203
2 44 5.27 204
2 44 5.27 205
2 44 5.27 206
2 44 5.26 207
2 44 5.26 208
2 44 5.26 209
2 44 5.26 210
2 44 5.26 211
2 44 5.25 212
2 44 5.25 213
2 44 5.24 214
2 44 5.24 215
2 44 5.24 216
2 44 5.23 217
2 44 5.22 218
2 44 5.22 219
2 44 5.22 220
2 44 5.22 221
2 44 5.23 222
2 44 5.22 223
2 44 5.22 224
2 44 5.22 225
2 44 5.21 226
2 44 5.21 227
2 44 5.21 228
2 44 5.21 229
2 44 5.20 230
2 44 5.20 231
2 44 5.20 232
2 44 5.19 233
2 44 5.19 234
2 44 5.19 235
2 44 5.19 236
2 44 5.19 237
2 44 5.19 238
2 44 5.19 239
2 44 5.18 240
2 44 5.17 241
2 44 5.17 242
2 44 5.17 243
2 44 5.16 244
2 44 5.16 245
2 44 5.15 246
2 44 5.15 247
2 44 5.15 248
2 44 5.16 249
2 44 5.15 250
2 44 5.16 251
2 44 5.15 252
2 44 5.15 253
2 44 5.15 254
2 44 5.15 255
2 44 5.15 256
2 44 5.15 257
2 44 5.16 258
2 44 5.15 259
2 44 5.15 260
2 44 5.15 261
2 44 5.16 262
2 44 5.16 263
2 44 5.16 264
2 44 5.16 265
2 44 5.16 266
2 44 5.16 267
2 44 5.16 268
2 44 5.16 269
2 44 5.17 270
2 44 5.17 271
2 44 5.16 272
2 44 5.16 273
2 44 5.16 274
2 44 5.16 275
2 44 5.16 276
2 44 5.16 277
2 44 5.16 278
2 44 5.16 279
2 44 5.16 280
2 44 5.16 281
2 44 5.17 282
2 44 5.16 283
2 44 5.16 284
2 44 5.16 285
2 44 5.16 286
2 44 5.15 287
2 44 5.15 288
2 44 5.16 289
2 44 5.15 290
2 44 5.15 291
2 44 5.15 292
2 44 5.15 293
2 44 5.15 294
2 44 5.15 295
2 44 5.15 296
2 44 5.14 297
2 44 5.14 298
2 44 5.14 299
2 44 5.14 300
2 44 5.14 301
2 44 5.14 302
2 44 5.14 303
2 44 5.14 304
2 44 5.13 305
2 44 5.13 306
2 44 5.13 307
2 44 5.13 308
2 44 5.13 309
2 44 5.13 310
2 44 5.14 311
2 44 5.13 312
2 44 5.14 313
2 44 5.13 314
2 44 5.14 315
2 44 5.14 316
2 44 5.14 317
2 44 5.14 318
2 44 5.13 319
2 44 5.13 320
2 44 5.13 321
2 44 5.13 322
2 44 5.13 323
2 44 5.13 324
2 44 5.13 325
2 44 5.13 326
2 44 5.13 327
2 44 5.13 328
2 44 5.13 329
2 44 5.13 330
2 44 5.14 331
2 44 5.14 332
2 44 5.14 333
2 44 5.14 334
2 44 5.14 335
2 44 5.14 336
2 44 5.15 337
2 44 5.14 338
2 44 5.14 339
2 44 5.15 340
2 44 5.15 341
2 44 5.15 342
2 44 5.15 343
2 44 5.15 344
2 44 5.15 345
2 44 5.15 346
2 44 5.14 347
2 44 5.14 348
2 44 5.14 349
2 44 5.14 350
2 44 5.14 351
2 44 5.13 352
2 44 5.14 353
2 44 5.13 354
2 44 5.13 355
2 44 5.13 356
2 44 5.13 357
2 44 5.13 358
2 44 5.13 359
2 44 5.13 360
2 44 5.13 361
2 44 5.13 362
2 44 5.13 363
2 44 5.13 364
2 44 5.13 365
2 44 5.13 366
2 44 5.13 367
2 44 5.13 368
2 44 5.14 369
2 44 5.14 370
2 44 5.15 371
2 44 5.14 372
2 44 5.14 373
2 44 5.14 374
2 44 5.14 375
2 44 5.14 376
2 44 5.15 377
2 44 5.15 378
2 44 5.15 379
2 44 5.14 380
2 44 5.15 381
2 44 5.15 382
2 44 5.15 383
2 44 5.15 384
2 44 5.15 385
2 44 5.15 386
2 44 5.14 387
2 44 5.14 388
2 44 5.14 389
2 44 5.14 390
2 44 5.14 391
2 44 5.14 392
2 44 5.14 393
2 44 5.14 394
2 44 5.14 395
2 44 5.14 396
2 44 5.14 397
2 44 5.14 398
2 44 5.14 399
2 44 5.14 400
2 44 5.14 401
2 44 5.14 402
2 44 5.14 403
2 44 5.14 404
2 44 5.14 405
2 44 5.14 406
2 44 5.14 407
2 44 5.14 408
2 44 5.14 409
2 44 5.14 410
2 44 5.14 411
2 44 5.14 412
2 44 5.14 413
2 44 5.14 414
2 44 5.14 415
2 44 5.14 416
2 44 5.14 417
2 44 5.13 418
2 44 5.14 419
2 44 5.13 420
2 44 5.14 421
2 44 5.14 422
2 44 5.13 423
2 44 5.13 424
2 44 5.13 425
2 44 5.13 426
2 44 5.13 427
2 44 5.13 428
2 44 5.12 429
2 44 5.12 430
2 44 5.12 431
2 44 5.12 432
2 44 5.12 433
2 44 5.12 434
2 44 5.12 435
2 44 5.11 436
2 44 5.11 437
2 44 5.12 438
2 44 5.12 439
2 44 5.12 440
2 44 5.12 441
2 44 5.12 442
2 44 5.12 443
2 44 5.11 444
2 44 5.12 445
2 44 5.12 446
2 44 5.12 447
2 44 5.12 448
2 44 5.12 449
2 44 5.12 450
2 44 5.13 451
2 44 5.13 452
2 44 5.13 453
2 44 5.13 454
2 44 5.13 455
2 44 5.13 456
2 44 5.12 457
2 44 5.13 458
2 44 5.13 459
2 44 5.13 460
2 44 5.13 461
2 44 5.13 462
2 44 5.13 463
2 44 5.13 464
2 44 5.13 465
2 44 5.13 466
2 44 5.13 467
2 44 5.13 468
2 44 5.13 469
2 44 5.13 470
2 44 5.13 471
2 44 5.13 472
2 44 5.13 473
2 44 5.13 474
2 44 5.13 475
2 44 5.13 476
2 44 5.12 477
2 44 5.12 478
2 44 5.12 479
2 44 5.12 480
2 44 5.12 481
2 44 5.12 482
2 44 5.12 483
2 44 5.12 484
2 44 5.12 485
2 44 5.12 486
2 44 5.12 487
2 44 5.12 488
2 44 5.12 489
2 44 5.11 490
2 44 5.11 491
2 44 5.11 492
2 44 5.11 493
2 44 5.11 494
2 44 5.11 495
2 44 5.11 496
2 44 5.11 497
2 44 5.11 498
2 44 5.11 499
2 44 5.10 500
2 44 5.11 501
2 44 5.11 502
2 44 5.11 503
2 44 5.11 504
2 44 5.10 505
2 44 5.10 506
2 44 5.10 507
2 44 5.10 508
2 44 5.10 509
2 44 5.10 510
2 44 5.10 511
2 44 5.10 512
2 44 5.12 513
2 44 5.12 514
2 44 5.12 515
2 44 5.12 516
2 44 5.11 517
2 44 5.11 518
2 44 5.11 519
2 44 5.11 520
2 44 5.11 521
2 44 5.11 522
2 44 5.11 523
2 44 5.11 524
2 44 5.11 525
2 44 5.10 526
2 44 5.10 527
2 44 5.10 528
2 44 5.11 529
2 44 5.11 530
2 44 5.11 531
2 44 5.11 532
2 44 5.11 533
2 44 5.11 534
2 44 5.11 535
2 44 5.11 536
2 44 5.11 537
2 44 5.11 538
2 44 5.11 539
2 44 5.11 540
2 44 5.11 541
2 44 5.11 542
2 44 5.11 543
2 44 5.11 544
2 44 5.10 545
2 44 5.10 546
2 44 5.10 547
2 44 5.10 548
2 44 5.10 549
2 44 5.10 550
2 44 5.10 551
2 44 5.10 552
2 44 5.10 553
2 44 5.10 554
2 44 5.10 555
2 44 5.10 556
2 44 5.09 557
2 44 5.09 558
2 44 5.09 559
2 44 5.09 560
2 44 5.09 561
2 44 5.09 562
2 44 5.09 563
2 44 5.09 564
2 44 5.08 565
2 44 5.08 566
2 44 5.08 567
2 44 5.08 568
2 44 5.08 569
2 44 5.08 570
2 44 5.08 571
2 44 5.08 572
2 44 5.08 573
2 44 5.08 574
2 44 5.08 575
2 44 5.08 576
2 44 5.08 577
2 44 5.08 578
2 44 5.08 579
2 44 5.08 580
2 44 5.08 581
2 44 5.08 582
2 44 5.07 583
2 44 5.07 584
2 44 5.07 585
2 44 5.07 586
2 44 5.07 587
2 44 5.07 588
2 44 5.07 589
2 44 5.07 590
2 44 5.07 591
2 44 5.06 592
2 44 5.06 