2 2 2.00 1
0 2 1.00 2
0 2 1.00 3
0 2 1.00 4
0 2 0.80 5
0 2 0.83 6
0 2 0.86 7
0 2 0.88 8
0 2 0.89 9
0 2 1.00 10
0 2 1.00 11
0 2 1.00 12
0 3 1.15 13
0 3 1.21 14
0 3 1.20 15
0 3 1.25 16
0 3 1.24 17
0 3 1.28 18
0 3 1.26 19
0 3 1.25 20
0 3 1.33 21
0 3 1.32 22
0 3 1.39 23
0 3 1.38 24
0 3 1.36 25
0 3 1.38 26
0 3 1.41 27
0 3 1.39 28
0 3 1.41 29
0 3 1.47 30
0 3 1.45 31
0 3 1.47 32
0 3 1.45 33
0 3 1.44 34
0 3 1.43 35
0 3 1.42 36
0 3 1.43 37
0 3 1.42 38
0 3 1.41 39
0 3 1.43 40
0 3 1.44 41
0 3 1.43 42
0 3 1.47 43
0 3 1.43 44
0 3 1.42 45
0 3 1.43 46
0 3 1.45 47
0 3 1.44 48
0 3 1.43 49
0 3 1.44 50
0 3 1.43 51
0 3 1.44 52
0 3 1.43 53
0 3 1.44 54
0 3 1.44 55
0 3 1.45 56
0 3 1.42 57
0 3 1.43 58
0 3 1.41 59
0 3 1.42 60
0 3 1.43 61
0 3 1.42 62
0 3 1.41 63
0 3 1.41 64
0 3 1.40 65
0 3 1.41 66
0 3 1.42 67
0 3 1.41 68
0 3 1.41 69
0 3 1.40 70
0 3 1.39 71
0 3 1.39 72
0 3 1.37 73
0 3 1.36 74
0 3 1.37 75
0 3 1.36 76
0 3 1.36 77
0 3 1.36 78
0 3 1.35 79
0 3 1.35 80
0 3 1.35 81
0 3 1.34 82
0 3 1.35 83
0 3 1.35 84
0 3 1.35 85
0 3 1.36 86
0 3 1.37 87
0 3 1.36 88
0 3 1.37 89
0 3 1.38 90
0 3 1.37 91
0 3 1.37 92
0 3 1.38 93
0 3 1.38 94
0 3 1.38 95
0 3 1.38 96
0 3 1.37 97
0 3 1.37 98
0 3 1.37 99
0 3 1.38 100
0 3 1.38 101
0 3 1.37 102
0 3 1.38 103
0 3 1.38 104
0 3 1.37 105
0 3 1.38 106
0 3 1.37 107
0 3 1.38 108
0 3 1.38 109
0 3 1.38 110
0 3 1.39 111
0 3 1.39 112
0 3 1.38 113
0 3 1.37 114
0 3 1.37 115
0 3 1.35 116
0 3 1.34 117
0 3 1.35 118
0 3 1.34 119
0 3 1.34 120
0 3 1.34 121
0 3 1.34 122
0 3 1.33 123
0 3 1.33 124
0 3 1.33 125
0 3 1.32 126
0 3 1.32 127
0 3 1.33 128
0 3 1.33 129
0 3 1.33 130
0 3 1.33 131
0 3 1.33 132
0 3 1.32 133
0 3 1.32 134
0 3 1.32 135
0 3 1.32 136
0 3 1.32 137
0 3 1.32 138
0 3 1.32 139
0 3 1.32 140
0 3 1.33 141
0 3 1.33 142
0 3 1.34 143
0 3 1.33 144
0 3 1.33 145
0 3 1.33 146
0 3 1.33 147
0 3 1.32 148
0 3 1.32 149
0 3 1.32 150
0 3 1.32 151
0 3 1.32 152
0 3 1.33 153
0 3 1.33 154
0 3 1.34 155
0 3 1.34 156
0 3 1.34 157
0 3 1.34 158
0 3 1.35 159
0 3 1.34 160
0 3 1.34 161
0 3 1.35 162
0 3 1.34 163
0 3 1.35 164
0 3 1.35 165
0 3 1.35 166
0 3 1.35 167
0 3 1.35 168
0 3 1.35 169
0 3 1.35 170
0 3 1.36 171
0 3 1.35 172
0 3 1.35 173
0 3 1.35 174
0 3 1.35 175
0 3 1.35 176
0 3 1.35 177
0 3 1.36 178
0 3 1.36 179
0 3 1.36 180
0 4 1.38 181
0 4 1.37 182
0 4 1.37 183
0 4 1.38 184
0 4 1.37 185
0 4 1.37 186
0 4 1.37 187
0 4 1.37 188
0 4 1.37 189
0 4 1.37 190
0 4 1.36 191
0 4 1.36 192
0 4 1.36 193
0 4 1.37 194
0 4 1.37 195
0 4 1.37 196
0 4 1.37 197
0 4 1.37 198
0 4 1.36 199
0 4 1.36 200
0 4 1.36 201
0 4 1.36 202
0 4 1.36 203
0 4 1.36 204
0 4 1.37 205
0 4 1.36 206
0 4 1.37 207
0 4 1.36 208
0 4 1.36 209
0 4 1.37 210
0 4 1.36 211
0 4 1.37 212
0 4 1.37 213
0 4 1.36 214
0 4 1.37 215
0 4 1.37 216
0 4 1.37 217
0 4 1.37 218
0 4 1.37 219
0 4 1.37 220
0 4 1.37 221
0 4 1.37 222
0 4 1.37 223
0 4 1.38 224
0 4 1.37 225
0 4 1.38 226
0 4 1.37 227
0 4 1.38 228
0 4 1.38 229
0 4 1.37 230
0 4 1.38 231
0 4 1.38 232
0 4 1.38 233
0 4 1.38 234
0 4 1.37 235
0 4 1.38 236
0 4 1.38 237
0 4 1.38 238
0 4 1.38 239
0 4 1.38 240
0 4 1.38 241
0 4 1.38 242
0 4 1.38 243
0 4 1.38 244
0 4 1.38 245
0 4 1.38 246
0 4 1.38 247
0 4 1.38 248
0 4 1.39 249
0 4 1.39 250
0 4 1.39 251
0 4 1.39 252
0 4 1.39 253
0 4 1.39 254
0 4 1.39 255
0 4 1.39 256
0 4 1.39 257
0 4 1.39 258
0 4 1.39 259
0 4 1.40 260
0 4 1.40 261
0 4 1.40 262
0 4 1.41 263
0 4 1.41 264
0 4 1.40 265
0 4 1.41 266
0 4 1.40 267
0 4 1.40 268
0 4 1.40 269
0 4 1.40 270
0 4 1.39 271
0 4 1.40 272
0 4 1.40 273
0 4 1.40 274
0 4 1.40 275
0 4 1.39 276
0 4 1.40 277
0 4 1.40 278
0 4 1.39 279
0 4 1.39 280
0 4 1.39 281
0 4 1.39 282
0 4 1.40 283
0 4 1.40 284
0 4 1.40 285
0 4 1.40 286
0 4 1.40 287
0 4 1.40 288
0 4 1.41 289
0 4 1.41 290
0 4 1.41 291
0 4 1.41 292
0 4 1.41 293
0 4 1.42 294
0 4 1.42 295
0 4 1.42 296
0 4 1.42 297
0 4 1.42 298
0 4 1.42 299
0 4 1.42 300
0 4 1.42 301
0 4 1.42 302
0 4 1.42 303
0 4 1.42 304
0 4 1.42 305
0 4 1.42 306
0 4 1.42 307
0 4 1.42 308
0 4 1.42 309
0 4 1.41 310
0 4 1.41 311
0 4 1.42 312
0 4 1.42 313
0 4 1.42 314
0 4 1.42 315
0 4 1.41 316
0 4 1.41 317
0 4 1.42 318
0 4 1.41 319
0 4 1.41 320
0 4 1.41 321
0 4 1.41 322
0 4 1.41 323
0 4 1.41 324
0 4 1.41 325
0 4 1.41 326
0 4 1.41 327
0 4 1.41 328
0 4 1.41 329
0 4 1.41 330
0 4 1.41 331
0 4 1.40 332
0 4 1.40 333
0 4 1.40 334
0 4 1.41 335
0 4 1.40 336
0 4 1.40 337
0 4 1.40 338
0 4 1.40 339
0 4 1.40 340
0 4 1.40 341
0 4 1.40 342
0 4 1.40 343
0 4 1.39 344
0 4 1.39 345
0 4 1.39 346
0 4 1.39 347
0 4 1.39 348
0 4 1.39 349
0 4 1.39 350
0 4 1.39 351
0 4 1.39 352
0 4 1.39 353
0 4 1.39 354
0 4 1.39 355
0 4 1.38 356
0 4 1.38 357
0 4 1.38 358
0 4 1.38 359
0 4 1.38 360
0 4 1.39 361
0 4 1.39 362
0 4 1.39 363
0 4 1.38 364
0 4 1.39 365
0 4 1.39 366
0 4 1.38 367
0 4 1.38 368
0 4 1.38 369
0 4 1.38 370
0 4 1.38 371
0 4 1.38 372
0 4 1.38 373
0 4 1.37 374
0 4 1.38 375
0 4 1.37 376
0 4 1.37 377
0 4 1.38 378
0 4 1.38 379
0 4 1.38 380
0 4 1.38 381
0 4 1.38 382
0 4 1.38 383
0 4 1.38 384
0 4 1.38 385
0 4 1.38 386
0 4 1.39 387
0 4 1.39 388
0 4 1.39 389
0 4 1.39 390
0 4 1.39 391
0 4 1.39 392
0 4 1.39 393
0 4 1.39 394
0 4 1.39 395
0 4 1.39 396
0 4 1.39 397
0 4 1.39 398
0 4 1.39 399
0 4 1.39 400
0 4 1.39 401
0 4 1.39 402
0 4 1.39 403
0 4 1.40 404
0 4 1.40 405
0 4 1.39 406
0 4 1.39 407
0 4 1.39 408
0 4 1.40 409
0 4 1.40 410
0 4 1.39 411
0 4 1.40 412
0 4 1.40 413
0 4 1.40 414
0 4 1.40 415
0 4 1.40 416
0 4 1.40 417
0 4 1.40 418
0 4 1.40 419
0 4 1.40 420
0 4 1.40 421
0 4 1.40 422
0 4 1.40 423
0 4 1.40 424
0 4 1.40 425
0 4 1.40 426
0 4 1.41 427
0 4 1.41 428
0 4 1.41 429
0 4 1.40 430
0 4 1.41 431
0 4 1.41 432
0 4 1.41 433
0 4 1.41 434
0 4 1.41 435
0 4 1.41 436
0 4 1.41 437
0 4 1.41 438
0 4 1.41 439
0 4 1.41 440
0 4 1.41 441
0 4 1.42 442
0 4 1.42 443
0 4 1.42 444
0 4 1.42 445
0 4 1.42 446
0 4 1.42 447
0 4 1.42 448
0 4 1.42 449
0 4 1.42 450
0 4 1.42 451
0 4 1.42 452
0 4 1.42 453
0 4 1.42 454
0 4 1.42 455
0 4 1.42 456
0 4 1.42 457
0 4 1.42 458
0 4 1.42 459
0 4 1.42 460
0 4 1.43 461
0 4 1.43 462
0 4 1.43 463
0 4 1.42 464
0 4 1.42 465
0 4 1.42 466
0 4 1.43 467
0 4 1.43 468
0 4 1.43 469
0 4 1.43 470
0 4 1.43 471
0 4 1.43 472
0 4 1.43 473
0 4 1.43 474
0 4 1.43 475
0 4 1.43 476
0 4 1.43 477
0 4 1.43 478
0 4 1.43 479
0 4 1.43 480
0 4 1.43 481
0 4 1.43 482
0 4 1.43 483
0 4 1.43 484
0 4 1.43 485
0 4 1.43 486
0 4 1.43 487
0 4 1.43 488
0 10 1.45 489
0 10 1.45 490
0 10 1.45 491
0 10 1.45 492
0 10 1.45 493
0 10 1.45 494
0 10 1.44 495
0 10 1.44 496
0 10 1.44 497
0 10 1.44 498
0 10 1.44 499
0 10 1.44 500
0 10 1.44 501
0 10 1.44 502
0 10 1.44 503
0 10 1.44 504
0 10 1.44 505
0 10 1.44 506
0 10 1.44 507
0 10 1.44 508
0 10 1.44 509
0 10 1.44 510
0 10 1.44 511
0 10 1.44 512
0 10 1.44 513
0 10 1.44 514
0 10 1.44 515
0 10 1.44 516
0 10 1.44 517
0 10 1.44 518
0 10 1.44 519
0 10 1.44 520
0 10 1.44 521
0 10 1.44 522
0 10 1.44 523
0 10 1.44 524
0 10 1.44 525
0 10 1.44 526
0 10 1.44 527
0 10 1.44 528
0 10 1.44 529
0 10 1.44 530
0 10 1.44 531
0 10 1.45 532
0 10 1.44 533
0 10 1.45 534
0 10 1.45 535
0 10 1.45 536
0 10 1.45 537
0 10 1.45 538
0 10 1.45 539
0 10 1.45 540
0 10 1.45 541
0 10 1.45 542
0 10 1.45 543
0 10 1.45 544
0 10 1.45 545
0 10 1.45 546
0 10 1.46 547
0 10 1.46 548
0 10 1.46 549
0 10 1.46 550
0 10 1.46 551
0 10 1.46 552
0 10 1.46 553
0 10 1.46 554
0 10 1.46 555
0 10 1.46 556
0 10 1.46 557
0 10 1.46 558
0 10 1.46 559
0 10 1.46 560
0 10 1.47 561
0 10 1.47 562
0 10 1.47 563
0 10 1.47 564
0 10 1.47 565
0 10 1.47 566
0 10 1.47 567
0 10 1.47 568
0 10 1.47 569
0 10 1.47 570
0 10 1.47 571
0 10 1.48 572
0 10 1.48 573
0 10 1.48 574
0 10 1.48 575
0 10 1.48 576
0 10 1.48 577
0 10 1.48 578
0 10 1.48 579
0 10 1.48 580
0 10 1.48 581
0 10 1.48 582
0 10 1.48 583
0 10 1.48 584
0 10 1.48 585
0 10 1.48 586
0 10 1.48 587
0 10 1.48 588
0 10 1.48 589
0 10 1.48 590
0 10 1.48 591
0 10 1.48 592
0 10 1.48 593
0 10 1.48 594
0 10 1.48 595
0 10 1.48 596
0 10 1.48 597
0 10 1.48 598
0 10 1.48 599
0 10 1.48 600
0 10 1.48 601
0 10 1.48 602
0 10 1.48 603
0 10 1.48 604
0 10 1.48 605
0 10 1.48 606
0 10 1.48 607
0 10 1.48 608
0 10 1.47 609
0 10 1.47 610
0 10 1.47 611
0 10 1.48 612
0 10 1.48 613
0 10 1.48 614
0 10 1.47 615
0 10 1.48 616
0 10 1.47 617
0 10 1.48 618
0 10 1.48 619
0 10 1.48 620
0 10 1.48 621
0 10 1.47 622
0 10 1.48 623
0 10 1.47 624
0 10 1.48 625
0 10 1.48 626
0 10 1.48 627
0 10 1.48 