4 4 4.00 1
2 4 3.00 2
1 4 2.33 3
1 4 2.25 4
1 4 2.40 5
1 4 2.33 6
1 4 2.43 7
1 4 2.38 8
1 4 2.33 9
1 4 2.20 10
1 4 2.18 11
1 4 2.17 12
1 4 2.15 13
1 4 2.21 14
1 4 2.20 15
1 4 2.19 16
1 4 2.18 17
1 4 2.17 18
1 4 2.16 19
1 4 2.15 20
1 4 2.14 21
1 4 2.09 22
1 4 2.13 23
1 4 2.12 24
1 4 2.16 25
1 4 2.15 26
1 4 2.15 27
1 4 2.14 28
1 4 2.10 29
1 4 2.10 30
1 4 2.10 31
1 4 2.09 32
1 4 2.06 33
1 4 2.06 34
1 4 2.06 35
1 4 2.06 36
1 4 2.03 37
1 4 2.03 38
1 4 2.03 39
1 4 2.08 40
1 4 2.07 41
1 4 2.10 42
1 4 2.09 43
1 4 2.07 44
1 4 2.07 45
1 4 2.09 46
1 4 2.09 47
1 4 2.10 48
1 4 2.12 49
1 4 2.14 50
1 4 2.14 51
1 4 2.13 52
1 4 2.15 53
1 4 2.15 54
1 4 2.18 55
1 4 2.20 56
1 4 2.21 57
1 4 2.21 58
1 4 2.20 59
1 4 2.20 60
1 4 2.20 61
1 4 2.19 62
1 4 2.19 63
1 4 2.20 64
1 4 2.22 65
1 4 2.21 66
1 4 2.22 67
1 4 2.24 68
1 4 2.25 69
1 4 2.24 70
1 4 2.25 71
1 4 2.26 72
1 4 2.27 73
1 4 2.27 74
1 4 2.25 75
1 4 2.26 76
1 4 2.26 77
1 4 2.24 78
1 4 2.25 79
1 4 2.24 80
1 4 2.23 81
1 4 2.22 82
1 4 2.22 83
1 4 2.23 84
1 4 2.22 85
1 4 2.21 86
1 4 2.21 87
1 4 2.20 88
1 4 2.20 89
1 4 2.21 90
1 4 2.22 91
1 4 2.22 92
1 4 2.22 93
1 4 2.22 94
1 4 2.22 95
1 4 2.22 96
1 4 2.22 97
1 4 2.21 98
1 4 2.22 99
1 4 2.22 100
1 4 2.24 101
1 4 2.25 102
1 4 2.24 103
1 4 2.24 104
1 4 2.24 105
1 4 2.24 106
1 4 2.23 107
1 4 2.23 108
1 4 2.24 109
1 4 2.23 110
1 4 2.23 111
1 4 2.23 112
1 4 2.23 113
1 4 2.23 114
1 4 2.23 115
1 4 2.22 116
1 4 2.23 117
1 4 2.23 118
1 4 2.23 119
1 4 2.23 120
1 4 2.22 121
1 4 2.22 122
1 4 2.22 123
1 4 2.22 124
1 4 2.22 125
1 4 2.21 126
1 4 2.21 127
1 4 2.20 128
1 4 2.20 129
1 4 2.21 130
1 4 2.21 131
1 4 2.21 132
1 4 2.22 133
1 4 2.22 134
1 4 2.22 135
1 4 2.22 136
1 4 2.23 137
1 4 2.22 138
1 4 2.22 139
1 4 2.21 140
1 4 2.23 141
1 4 2.23 142
1 4 2.23 143
1 4 2.24 144
1 4 2.24 145
1 4 2.23 146
1 4 2.22 147
1 4 2.22 148
1 4 2.21 149
1 4 2.21 150
1 4 2.21 151
1 4 2.21 152
1 4 2.20 153
1 4 2.21 154
1 4 2.20 155
1 4 2.21 156
1 4 2.20 157
1 4 2.20 158
1 4 2.19 159
1 4 2.19 160
1 4 2.19 161
1 4 2.19 162
1 4 2.18 163
1 4 2.18 164
0 4 2.17 165
0 4 2.17 166
0 4 2.17 167
0 4 2.17 168
0 4 2.18 169
0 4 2.18 170
0 4 2.18 171
0 4 2.18 172
0 4 2.18 173
0 4 2.18 174
0 4 2.18 175
0 4 2.18 176
0 4 2.18 177
0 4 2.19 178
0 4 2.19 179
0 4 2.18 180
0 4 2.19 181
0 4 2.19 182
0 4 2.20 183
0 4 2.20 184
0 4 2.20 185
0 4 2.20 186
0 4 2.20 187
0 4 2.20 188
0 4 2.20 189
0 4 2.20 190
0 4 2.19 191
0 4 2.20 192
0 4 2.20 193
0 4 2.20 194
0 4 2.20 195
0 4 2.20 196
0 4 2.20 197
0 4 2.19 198
0 4 2.20 199
0 4 2.19 200
0 4 2.19 201
0 4 2.19 202
0 4 2.19 203
0 4 2.19 204
0 4 2.19 205
0 4 2.19 206
0 4 2.19 207
0 4 2.19 208
0 4 2.19 209
0 4 2.20 210
0 4 2.19 211
0 4 2.18 212
0 4 2.18 213
0 4 2.18 214
0 4 2.18 215
0 4 2.18 216
0 4 2.18 217
0 4 2.18 218
0 4 2.18 219
0 4 2.18 220
0 4 2.18 221
0 4 2.18 222
0 4 2.18 223
0 4 2.18 224
0 4 2.18 225
0 4 2.18 226
0 4 2.18 227
0 4 2.18 228
0 4 2.18 229
0 4 2.18 230
0 4 2.19 231
0 4 2.19 232
0 4 2.18 233
0 4 2.18 234
0 4 2.19 235
0 4 2.19 236
0 4 2.19 237
0 4 2.18 238
0 4 2.18 239
0 4 2.19 240
0 4 2.18 241
0 4 2.18 242
0 4 2.17 243
0 4 2.17 244
0 4 2.17 245
0 4 2.17 246
0 4 2.17 247
0 4 2.17 248
0 4 2.17 249
0 4 2.17 250
0 4 2.17 251
0 4 2.17 252
0 4 2.17 253
0 4 2.17 254
0 4 2.17 255
0 4 2.17 256
0 4 2.17 257
0 4 2.17 258
0 4 2.16 259
0 4 2.17 260
0 4 2.16 261
0 4 2.16 262
0 4 2.16 263
0 4 2.16 264
0 4 2.16 265
0 4 2.17 266
0 4 2.17 267
0 4 2.17 268
0 4 2.16 269
0 4 2.17 270
0 4 2.17 271
0 4 2.17 272
0 4 2.16 273
0 4 2.17 274
0 4 2.17 275
0 4 2.17 276
0 4 2.18 277
0 4 2.17 278
0 4 2.17 279
0 4 2.17 280
0 4 2.17 281
0 4 2.18 282
0 4 2.17 283
0 4 2.17 284
0 15 2.22 285
0 15 2.22 286
0 15 2.22 287
0 15 2.22 288
0 15 2.21 289
0 15 2.22 290
0 15 2.22 291
0 15 2.22 292
0 15 2.22 293
0 15 2.22 294
0 15 2.21 295
0 15 2.21 296
0 15 2.21 297
0 15 2.21 298
0 15 2.21 299
0 15 2.20 300
0 15 2.20 301
0 15 2.20 302
0 15 2.20 303
0 15 2.20 304
0 15 2.20 305
0 15 2.19 306
0 15 2.19 307
0 15 2.19 308
0 15 2.19 309
0 15 2.19 310
0 15 2.19 311
0 15 2.19 312
0 15 2.19 313
0 15 2.19 314
0 15 2.19 315
0 15 2.19 316
0 15 2.19 317
0 15 2.18 318
0 15 2.18 319
0 15 2.18 320
0 15 2.18 321
0 15 2.18 322
0 15 2.18 323
0 15 2.18 324
0 15 2.18 325
0 15 2.18 326
0 15 2.18 327
0 15 2.18 328
0 15 2.18 329
0 15 2.18 330
0 15 2.18 331
0 15 2.18 332
0 15 2.18 333
0 15 2.18 334
0 15 2.18 335
0 15 2.18 336
0 15 2.18 337
0 15 2.18 338
0 15 2.18 339
0 15 2.17 340
0 15 2.17 341
0 15 2.17 342
0 15 2.17 343
0 15 2.17 344
0 15 2.17 345
0 15 2.17 346
0 15 2.17 347
0 15 2.16 348
0 15 2.17 349
0 15 2.17 350
0 15 2.16 351
0 15 2.16 352
0 15 2.16 353
0 15 2.16 354
0 15 2.16 355
0 15 2.16 356
0 15 2.16 357
0 15 2.16 358
0 15 2.16 359
0 15 2.16 360
0 15 2.16 361
0 15 2.15 362
0 15 2.15 363
0 15 2.15 364
0 15 2.15 365
0 15 2.15 366
0 15 2.15 367
0 15 2.15 368
0 15 2.14 369
0 15 2.14 370
0 15 2.14 371
0 15 2.14 372
0 15 2.14 373
0 15 2.14 374
0 15 2.14 375
0 15 2.14 376
0 15 2.14 377
0 15 2.14 378
0 15 2.14 379
0 15 2.14 380
0 15 2.14 381
0 15 2.14 382
0 15 2.14 383
0 15 2.14 384
0 15 2.14 385
0 15 2.14 386
0 15 2.13 387
0 15 2.13 388
0 15 2.13 389
0 15 2.13 390
0 15 2.13 391
0 15 2.13 392
0 15 2.13 393
0 15 2.12 394
0 15 2.12 395
0 15 2.12 396
0 15 2.12 397
0 15 2.12 398
0 15 2.12 399
0 15 2.12 400
0 15 2.11 401
0 15 2.11 402
0 15 2.11 403
0 15 2.11 404
0 15 2.11 405
0 15 2.11 406
0 15 2.11 407
0 15 2.11 408
0 15 2.11 409
0 15 2.10 410
0 15 2.10 411
0 15 2.10 412
0 15 2.10 413
0 15 2.10 414
0 15 2.10 415
0 15 2.10 416
0 15 2.10 417
0 15 2.10 418
0 15 2.10 419
0 15 2.10 420
0 15 2.10 421
0 15 2.10 422
0 15 2.10 423
0 15 2.10 424
0 15 2.10 425
0 15 2.10 426
0 15 2.10 427
0 15 2.10 428
0 15 2.10 429
0 15 2.10 430
0 15 2.10 431
0 15 2.10 432
0 15 2.09 433
0 15 2.09 434
0 15 2.09 435
0 15 2.10 436
0 15 2.09 437
0 15 2.09 438
0 15 2.09 439
0 15 2.09 440
0 15 2.09 441
0 15 2.09 442
0 15 2.09 443
0 15 2.09 444
0 15 2.09 445
0 15 2.09 446
0 15 2.10 447
0 15 2.09 448
0 15 2.09 449
0 15 2.09 450
0 15 2.09 451
0 15 2.09 452
0 15 2.09 453
0 15 2.09 454
0 15 2.10 455
0 15 2.10 456
0 15 2.10 457
0 15 2.10 458
0 15 2.10 459
0 15 2.10 460
0 15 2.10 461
0 15 2.10 462
0 15 2.09 463
0 15 2.09 464
0 15 2.09 465
0 15 2.09 466
0 15 2.09 467
0 15 2.09 468
0 15 2.09 469
0 15 2.09 470
0 15 2.09 471
0 15 2.09 472
0 15 2.09 473
0 15 2.09 474
0 15 2.09 475
0 15 2.09 476
0 15 2.09 477
0 15 2.09 478
0 15 2.09 479
0 15 2.09 480
0 15 2.09 481
0 15 2.09 482
0 15 2.10 483
0 15 2.10 484
0 15 2.09 485
0 15 2.09 486
0 15 2.09 487
0 15 2.09 488
0 15 2.09 489
0 15 2.09 490
0 15 2.09 491
0 15 2.09 492
0 15 2.09 493
0 15 2.10 494
0 15 2.10 495
0 15 2.10 496
0 15 2.10 497
0 15 2.10 498
0 15 2.10 499
0 15 2.10 500
0 15 2.10 501
0 15 2.10 502
0 15 2.10 503
0 15 2.10 504
0 15 2.10 505
0 15 2.10 506
0 15 2.10 507
0 15 2.10 508
0 15 2.10 509
0 15 2.11 510
0 15 2.10 511
0 15 2.10 512
0 15 2.11 513
0 15 2.11 514
0 15 2.10 515
0 15 2.10 516
0 15 2.10 517
0 15 2.10 518
0 15 2.10 519
0 15 2.10 520
0 15 2.10 521
0 15 2.10 522
0 15 2.10 523
0 15 2.10 524
0 15 2.10 525
0 15 2.10 526
0 15 2.10 527
0 15 2.10 528
0 15 2.09 529
0 15 2.09 530
0 15 2.10 531
0 15 2.10 532
0 15 2.10 533
0 15 2.10 534
0 15 2.10 535
0 15 2.09 536
0 15 2.09 537
0 15 2.09 538
0 15 2.09 539
0 15 2.09 540
0 15 2.09 541
0 15 2.09 542
0 15 2.09 543
0 15 2.09 544
0 15 2.09 545
0 15 2.09 546
0 15 2.09 547
0 15 2.08 548
0 15 2.08 549
0 15 2.08 550
0 15 2.08 551
0 15 2.08 552
0 15 2.08 553
0 15 2.08 554
0 15 2.08 555
0 15 2.08 556
0 15 2.07 557
0 15 2.07 558
0 15 2.07 559
0 15 2.07 560
0 15 2.07 561
0 15 2.07 562
0 15 2.07 563
0 15 2.07 564
0 15 2.06 565
0 15 2.06 566
0 15 2.06 567
0 15 2.07 568
0 15 2.07 569
0 15 2.06 570
0 15 2.06 571
0 15 2.06 572
0 15 2.06 573
0 15 2.06 574
0 15 2.05 575
0 15 2.05 576
0 15 2.05 577
0 15 2.06 578
0 15 2.06 579
0 15 2.06 580
0 15 2.05 581
0 15 2.05 582
0 15 2.05 583
0 15 2.05 584
0 15 2.05 585
0 15 2.05 586
0 15 2.05 587
0 15 2.05 588
0 15 2.05 589
0 15 2.05 590
0 15 2.05 591
0 15 2.05 592
0 15 2.05 593
0 15 2.05 594
0 15 2.05 595
0 15 2.05 596
0 15 2.05 597
0 15 2.05 598
0 15 2.05 599
0 15 2.05 600
0 15 2.05 601
0 15 2.04 602
0 15 2.04 603
0 15 2.04 604
0 15 2.04 605
0 15 2.04 606
0 15 2.04 607
0 15 2.04 608
0 15 2.04 609
0 15 2.04 610
0 15 2.04 611
0 15 2.04 612
0 15 2.04 613
0 