0 0 0.00 1
0 0 0.00 2
0 0 0.00 3
0 0 0.00 4
0 0 0.00 5
0 1 0.17 6
0 1 0.14 7
0 1 0.12 8
0 1 0.22 9
0 1 0.20 10
0 1 0.18 11
0 1 0.25 12
0 1 0.23 13
0 1 0.21 14
0 1 0.27 15
0 1 0.25 16
0 1 0.24 17
0 1 0.28 18
0 1 0.26 19
0 1 0.25 20
0 1 0.24 21
0 1 0.27 22
0 1 0.26 23
0 1 0.29 24
0 1 0.28 25
0 1 0.27 26
0 1 0.30 27
0 1 0.29 28
0 1 0.28 29
0 1 0.30 30
0 1 0.29 31
0 1 0.28 32
0 1 0.30 33
0 1 0.29 34
0 1 0.31 35
0 1 0.31 36
0 1 0.32 37
0 1 0.32 38
0 1 0.31 39
0 1 0.33 40
0 1 0.32 41
0 1 0.31 42
0 1 0.30 43
0 1 0.30 44
0 1 0.29 45
0 1 0.28 46
0 1 0.28 47
0 1 0.27 48
0 1 0.29 49
0 1 0.28 50
0 1 0.29 51
0 1 0.29 52
0 1 0.28 53
0 1 0.28 54
0 1 0.29 55
0 1 0.29 56
0 1 0.28 57
0 1 0.29 58
0 1 0.29 59
0 1 0.28 60
0 1 0.30 61
0 1 0.29 62
0 1 0.30 63
0 1 0.30 64
0 1 0.29 65
0 1 0.29 66
0 1 0.28 67
0 1 0.28 68
0 1 0.28 69
0 1 0.27 70
0 1 0.28 71
0 1 0.28 72
0 1 0.27 73
0 1 0.28 74
0 1 0.28 75
0 1 0.29 76
0 1 0.29 77
0 1 0.28 78
0 1 0.28 79
0 1 0.28 80
0 1 0.28 81
0 1 0.28 82
0 1 0.28 83
0 1 0.27 84
0 1 0.28 85
0 1 0.28 86
0 1 0.28 87
0 1 0.28 88
0 1 0.28 89
0 1 0.28 90
0 1 0.29 91
0 1 0.28 92
0 1 0.28 93
0 1 0.28 94
0 1 0.27 95
0 1 0.27 96
0 1 0.27 97
0 1 0.27 98
0 1 0.26 99
0 1 0.26 100
0 1 0.27 101
0 1 0.26 102
0 1 0.26 103
0 1 0.27 104
0 1 0.27 105
0 1 0.26 106
0 1 0.26 107
0 1 0.26 108
0 1 0.26 109
0 1 0.25 110
0 1 0.26 111
0 1 0.26 112
0 1 0.26 113
0 1 0.25 114
0 1 0.25 115
0 1 0.25 116
0 1 0.25 117
0 1 0.25 118
0 1 0.25 119
0 1 0.25 120
0 1 0.26 121
0 1 0.25 122
0 1 0.25 123
0 1 0.26 124
0 1 0.26 125
0 1 0.25 126
0 1 0.25 127
0 1 0.26 128
0 1 0.26 129
0 1 0.25 130
0 1 0.25 131
0 1 0.25 132
0 1 0.25 133
0 1 0.25 134
0 1 0.24 135
0 1 0.24 136
0 1 0.24 137
0 1 0.24 138
0 1 0.24 139
0 1 0.24 140
0 1 0.24 141
0 1 0.25 142
0 1 0.24 143
0 1 0.24 144
0 1 0.25 145
0 1 0.25 146
0 1 0.24 147
0 1 0.24 148
0 1 0.24 149
0 1 0.25 150
0 1 0.25 151
0 1 0.24 152
0 1 0.25 153
0 1 0.25 154
0 1 0.25 155
0 1 0.25 156
0 1 0.25 157
0 1 0.25 158
0 1 0.25 159
0 1 0.24 160
0 1 0.24 161
0 1 0.24 162
0 1 0.25 163
0 1 0.24 164
0 1 0.24 165
0 1 0.25 166
0 1 0.25 167
0 1 0.24 168
0 1 0.24 169
0 1 0.24 170
0 1 0.24 171
0 1 0.24 172
0 1 0.24 173
0 1 0.24 174
0 1 0.23 175
0 1 0.23 176
0 1 0.23 177
0 1 0.23 178
0 1 0.23 179
0 1 0.23 180
0 1 0.23 181
0 1 0.23 182
0 1 0.23 183
0 1 0.23 184
0 1 0.23 185
0 1 0.24 186
0 1 0.24 187
0 1 0.23 188
0 1 0.23 189
0 1 0.23 190
0 1 0.23 191
0 1 0.23 192
0 1 0.23 193
0 1 0.23 194
0 1 0.23 195
0 1 0.22 196
0 1 0.22 197
0 1 0.22 198
0 1 0.23 199
0 1 0.23 200
0 1 0.22 201
0 1 0.22 202
0 1 0.22 203
0 1 0.23 204
0 1 0.22 205
0 1 0.22 206
0 1 0.23 207
0 1 0.23 208
0 1 0.23 209
0 1 0.23 210
0 1 0.23 211
0 1 0.23 212
0 1 0.23 213
0 1 0.23 214
0 1 0.23 215
0 1 0.23 216
0 1 0.23 217
0 1 0.22 218
0 1 0.22 219
0 1 0.22 220
0 1 0.22 221
0 1 0.23 222
0 1 0.22 223
0 1 0.22 224
0 1 0.22 225
0 1 0.22 226
0 1 0.22 227
0 1 0.22 228
0 1 0.22 229
0 1 0.22 230
0 1 0.22 231
0 1 0.22 232
0 1 0.22 233
0 1 0.22 234
0 1 0.22 235
0 1 0.22 236
0 1 0.22 237
0 1 0.22 238
0 1 0.22 239
0 1 0.22 240
0 1 0.22 241
0 1 0.22 242
0 1 0.22 243
0 1 0.22 244
0 1 0.22 245
0 1 0.22 246
0 1 0.22 247
0 1 0.22 248
0 1 0.22 249
0 1 0.22 250
0 1 0.22 251
0 1 0.22 252
0 1 0.22 253
0 1 0.22 254
0 1 0.22 255
0 1 0.22 256
0 1 0.22 257
0 1 0.22 258
0 1 0.22 259
0 1 0.22 260
0 1 0.22 261
0 1 0.22 262
0 1 0.22 263
0 1 0.22 264
0 1 0.22 265
0 1 0.22 266
0 1 0.22 267
0 1 0.22 268
0 1 0.22 269
0 1 0.22 270
0 1 0.22 271
0 1 0.22 272
0 1 0.22 273
0 1 0.22 274
0 1 0.22 275
0 1 0.22 276
0 1 0.22 277
0 1 0.22 278
0 1 0.22 279
0 1 0.22 280
0 1 0.22 281
0 1 0.22 282
0 1 0.22 283
0 1 0.22 284
0 1 0.22 285
0 1 0.22 286
0 1 0.22 287
0 1 0.22 288
0 1 0.22 289
0 1 0.22 290
0 1 0.22 291
0 1 0.22 292
0 1 0.22 293
0 1 0.22 294
0 1 0.22 295
0 1 0.22 296
0 1 0.22 297
0 1 0.22 298
0 1 0.22 299
0 1 0.22 300
0 1 0.22 301
0 1 0.22 302
0 1 0.22 303
0 1 0.22 304
0 1 0.22 305
0 1 0.22 306
0 1 0.22 307
0 1 0.22 308
0 1 0.22 309
0 1 0.22 310
0 1 0.22 311
0 1 0.22 312
0 1 0.22 313
0 1 0.22 314
0 1 0.22 315
0 1 0.22 316
0 1 0.22 317
0 1 0.22 318
0 1 0.22 319
0 1 0.22 320
0 1 0.22 321
0 1 0.22 322
0 1 0.22 323
0 1 0.23 324
0 1 0.22 325
0 1 0.23 326
0 1 0.23 327
0 1 0.23 328
0 1 0.23 329
0 1 0.23 330
0 1 0.23 331
0 1 0.23 332
0 1 0.23 333
0 1 0.23 334
0 1 0.23 335
0 1 0.23 336
0 1 0.23 337
0 1 0.22 338
0 1 0.22 339
0 1 0.22 340
0 1 0.22 341
0 1 0.23 342
0 1 0.22 343
0 1 0.22 344
0 1 0.23 345
0 1 0.23 346
0 1 0.23 347
0 1 0.23 348
0 1 0.23 349
0 1 0.23 350
0 1 0.23 351
0 1 0.22 352
0 1 0.22 353
0 1 0.22 354
0 1 0.22 355
0 1 0.22 356
0 1 0.22 357
0 1 0.22 358
0 1 0.22 359
0 1 0.22 360
0 1 0.22 361
0 1 0.22 362
0 1 0.22 363
0 1 0.22 364
0 1 0.22 365
0 1 0.22 366
0 1 0.22 367
0 1 0.22 368
0 1 0.22 369
0 1 0.22 370
0 1 0.22 371
0 1 0.22 372
0 1 0.22 373
0 1 0.22 374
0 1 0.22 375
0 1 0.22 376
0 1 0.22 377
0 1 0.22 378
0 1 0.22 379
0 1 0.22 380
0 1 0.22 381
0 1 0.22 382
0 1 0.22 383
0 1 0.22 384
0 1 0.22 385
0 1 0.22 386
0 1 0.22 387
0 1 0.22 388
0 1 0.22 389
0 1 0.22 390
0 1 0.22 391
0 1 0.22 392
0 1 0.22 393
0 1 0.22 394
0 1 0.22 395
0 1 0.22 396
0 1 0.22 397
0 1 0.22 398
0 1 0.22 399
0 1 0.22 400
0 1 0.22 401
0 1 0.22 402
0 1 0.22 403
0 1 0.22 404
0 1 0.21 405
0 1 0.21 406
0 1 0.21 407
0 1 0.21 408
0 1 0.21 409
0 1 0.21 410
0 1 0.21 411
0 1 0.21 412
0 1 0.21 413
0 1 0.21 414
0 1 0.21 415
0 1 0.21 416
0 1 0.21 417
0 1 0.21 418
0 1 0.21 419
0 1 0.21 420
0 1 0.21 421
0 1 0.21 422
0 1 0.21 423
0 1 0.21 424
0 1 0.21 425
0 1 0.21 426
0 1 0.21 427
0 1 0.21 428
0 1 0.21 429
0 1 0.21 430
0 1 0.21 431
0 1 0.21 432
0 1 0.21 433
0 1 0.21 434
0 1 0.21 435
0 1 0.21 436
0 1 0.21 437
0 1 0.21 438
0 1 0.21 439
0 1 0.21 440
0 1 0.21 441
0 1 0.21 442
0 1 0.21 443
0 1 0.21 444
0 1 0.21 445
0 1 0.21 446
0 1 0.21 447
0 1 0.21 448
0 1 0.21 449
0 1 0.21 450
0 1 0.21 451
0 1 0.21 452
0 1 0.21 453
0 1 0.21 454
0 1 0.21 455
0 1 0.21 456
0 1 0.21 457
0 1 0.21 458
0 1 0.21 459
0 1 0.21 460
0 1 0.21 461
0 1 0.21 462
0 1 0.21 463
0 1 0.21 464
0 1 0.21 465
0 1 0.21 466
0 1 0.21 467
0 1 0.21 468
0 1 0.21 469
0 1 0.21 470
0 1 0.21 471
0 1 0.21 472
0 1 0.22 473
0 1 0.22 474
0 1 0.21 475
0 1 0.22 476
0 1 0.22 477
0 1 0.22 478
0 1 0.22 479
0 1 0.22 480
0 1 0.22 481
0 1 0.22 482
0 1 0.22 483
0 1 0.22 484
0 1 0.22 485
0 1 0.22 486
0 1 0.22 487
0 1 0.22 488
0 1 0.21 489
0 1 0.22 490
0 1 0.22 491
0 1 0.22 492
0 1 0.22 493
0 1 0.22 494
0 1 0.22 495
0 1 0.22 496
0 1 0.22 497
0 1 0.21 498
0 1 0.21 499
0 1 0.21 500
0 1 0.21 501
0 1 0.21 502
0 1 0.21 503
0 1 0.21 504
0 1 0.22 505
0 1 0.22 506
0 1 0.21 507
0 1 0.21 508
0 1 0.21 509
0 1 0.21 510
0 1 0.21 511
0 1 0.21 512
0 1 0.21 513
0 1 0.21 514
0 1 0.22 515
0 1 0.22 516
0 1 0.21 517
0 1 0.22 518
0 1 0.22 519
0 1 0.22 520
0 1 0.21 521
0 1 0.21 522
0 1 0.21 523
0 1 0.22 524
0 1 0.22 525
0 1 0.21 526
0 1 0.21 527
0 1 0.21 528
0 1 0.21 529
0 1 0.22 530
0 1 0.21 531
0 1 0.21 532
0 1 0.21 533
0 1 0.21 534
0 1 0.21 535
0 1 0.21 536
0 1 0.21 537
0 1 0.22 538
0 1 0.22 539
0 1 0.21 540
0 1 0.21 541
0 1 0.21 542
0 1 0.21 543
0 1 0.22 544
0 1 0.21 545
0 1 0.21 546
0 1 0.21 547
0 1 0.22 548
0 1 0.21 549
0 1 0.21 550
0 1 0.21 551
0 1 0.22 552
0 1 0.22 553
0 1 0.21 554
0 1 0.21 555
0 1 0.22 556
0 1 0.22 557
0 1 0.22 558
0 1 0.21 559
0 1 0.22 560
0 1 0.22 561
0 1 0.22 562
0 1 0.21 563
0 1 0.21 564
0 1 0.21 565
0 1 0.22 566
0 1 0.22 567
0 1 0.21 568
0 1 0.21 569
0 1 0.22 570
0 1 0.22 571
0 1 0.22 572
0 1 0.22 573
0 1 0.22 574
0 1 0.22 575
0 1 0.22 576
0 1 0.22 577
0 1 0.22 578
0 1 0.22 579
0 1 0.22 580
0 1 0.22 581
0 1 0.22 582
0 1 0.22 583
0 1 0.22 584
0 1 0.22 585
0 1 0.22 586
0 1 0.22 587
0 1 0.22 588
0 1 0.22 589
0 1 0.22 590
0 1 0.22 591
0 1 0.22 592
0 1 0.22 593
0 1 0.22 594
0 1 0.22 595
0 1 0.22 596
0 1 0.22 597
0 1 0.22 598
0 1 0.22 599
0 1 0.22 600
0 1 0.22 601
0 1 0.22 602
0 1 0.22 603
0 1 0.22 604
0 1 0.22 605
0 1 0.22 606
0 1 0.22 607
0 1 0.22 608
0 1 0.22 609
0 1 0.22 610
0 1 0.22 611
0 1 0.22 612
0 1 0.22 613
0 1 0.22 614
0 1 0.22 615
0 1 0.22 616
0 1 0.22 617
0 1 0.22 618
0 1 0.22 619
0 1 0.22 620
0 1 0.22 621
0 1 0.22 622
0 1 0.22 623
0 1 0.22 624
0 1 0.22 625
0 1 0.22 626
0 1 0.22 627
0 1 0.22 628
0 1 0.22 629
0 1 0.22 630
0 1 0.22 631
0 1 0.22 632
0 1 0.22 633
0 1 0.22 634
0 1 0.22 635
0 1 0.22 636
0 1 0.22 637
0 1 0.22 638
0 1 0.22 639
0 1 0.22 640
0 1 0.22 641
0 1 0.22 642
0 1 0.22 643
0 1 0.23 644
0 1 0.22 645
0 1 0.22 646
0 1 0.23 647
0 1 0.23 648
0 1 0.22 649
0 1 0.22 650
0 1 0.22 651
0 1 0.22 652
0 1 0.22 653
0 1 0.22 654
0 1 0.22 655
0 1 0.22 656
0 1 0.23 657
0 1 0.22 658
0 1 0.22 659
0 1 0.23 660
0 1 0.23 661
0 1 0.23 662
0 1 0.22 663
0 1 0.22 664
0 1 0.22 665
0 1 0.22 666
0 1 0.22 667
0 1 0.22 668
0 1 0.23 669
0 1 0.23 670
0 1 0.23 671
0 1 0.22 672
0 1 0.23 673
0 1 0.23 674
0 1 0.23 675
0 1 0.23 676
0 1 0.23 677
0 1 0.23 678
0 1 0.23 679
0 1 0.23 680
0 1 0.23 681
0 1 0.23 682
0 1 0.23 683
0 1 0.23 684
0 1 0.23 685
0 1 0.23 686
0 1 0.23 687
0 1 0.23 688
0 1 0.22 689
0 1 0.23 690
0 1 0.23 691
0 1 0.23 692
0 1 0.23 693
0 1 0.22 694
0 1 0.22 695
0 1 0.22 696
0 1 0.22 697
0 1 0.22 698
0 1 0.22 699
0 1 0.22 700
0 1 0.23 701
0 1 0.23 702
0 1 0.23 703
0 1 0.23 704
0 1 0.23 705
0 1 0.23 706
0 1 0.23 707
0 1 0.23 708
0 1 0.23 709
0 1 0.23 710
0 1 0.23 711
0 1 0.23 712
0 1 0.23 713
0 1 0.23 714
0 1 0.23 715
0 1 0.23 716
0 1 0.23 717
0 1 0.23 718
0 1 0.23 719
0 1 0.23 720
0 1 0.23 721
0 1 0.23 722
0 1 0.23 723
0 1 0.23 724
0 1 0.23 725
0 1 0.23 726
0 1 0.23 727
0 1 0.23 728
0 1 0.23 729
0 1 0.23 730
0 1 0.23 731
0 1 0.23 732
0 1 0.23 733
0 1 0.23 734
0 1 0.23 735
0 1 0.23 736
0 1 0.23 737
0 1 0.23 738
0 1 0.23 739
0 1 0.23 740
0 1 0.23 741
0 1 0.23 742
0 1 0.23 743
0 1 0.23 744
0 1 0.23 745
0 1 0.23 746
0 1 0.23 747
0 1 0.23 748
0 1 0.23 749
0 1 0.23 750
0 1 0.23 751
0 1 0.23 752
0 1 0.23 753
0 1 0.23 754
0 1 0.23 755
0 1 0.23 756
0 1 0.23 757
0 1 0.23 758
0 1 0.23 759
0 1 0.23 760
0 1 0.23 761
0 1 0.23 762
0 1 0.23 763
0 1 0.23 764
0 1 0.23 765
0 1 0.23 766
0 1 0.23 767
0 1 0.23 768
0 1 0.23 769
0 1 0.23 770
0 1 0.23 771
0 1 0.23 772
0 1 0.23 773
0 1 0.23 774
0 1 0.23 775
0 1 0.23 776
0 1 0.23 777
0 1 0.23 778
0 1 0.23 779
0 1 0.23 780
0 1 0.23 781
0 1 0.23 782
0 1 0.23 783
0 1 0.23 784
0 1 0.23 785
0 1 0.23 786
0 1 0.23 787
0 1 0.23 788
0 1 0.23 789
0 1 0.23 790
0 1 0.23 791
0 1 0.23 792
0 1 0.23 793
0 1 0.23 794
0 1 0.23 795
0 1 0.23 796
0 1 0.23 797
0 1 0.23 798
0 1 0.23 799
0 1 0.23 800
0 1 0.23 801
0 1 0.23 802
0 1 0.23 803
0 1 0.23 804
0 1 0.23 805
0 1 0.23 806
0 1 0.23 807
0 1 0.23 808
0 1 0.23 809
0 1 0.23 810
0 1 0.23 811
0 1 0.24 812
0 1 0.23 813
0 1 0.24 814
0 1 0.24 815
0 1 0.24 816
0 1 0.24 817
0 1 0.24 818
0 1 0.24 819
0 1 0.24 820
0 1 0.24 821
0 1 0.24 822
0 1 0.24 823
0 1 0.24 824
0 1 0.24 825
0 1 0.24 826
0 1 0.24 827
0 1 0.24 828
0 1 0.24 829
0 1 0.24 830
0 1 0.24 831
0 1 0.24 832
0 1 0.24 833
0 1 0.24 834
0 1 0.24 835
0 1 0.24 836
0 1 0.24 837
0 1 0.24 838
0 1 0.24 839
0 1 0.24 840
0 1 0.24 841
0 1 0.24 842
0 1 0.24 843
0 1 0.24 844
0 1 0.24 845
0 1 0.24 846
0 1 0.24 847
0 1 0.24 848
0 1 0.24 849
0 1 0.24 850
0 1 0.24 851
0 1 0.24 852
0 1 0.24 853
0 1 0.24 854
0 1 0.24 855
0 1 0.24 856
0 1 0.24 857
0 1 0.24 858
0 1 0.24 859
0 1 0.23 860
0 1 0.23 861
0 1 0.23 862
0 1 0.23 863
0 1 0.23 864
0 1 0.23 865
0 1 0.23 866
0 1 0.23 867
0 1 0.23 868
0 1 0.23 869
0 1 0.23 870
0 1 0.23 871
0 1 0.23 872
0 1 0.23 873
0 1 0.23 874
0 1 0.23 875
0 1 0.23 876
0 1 0.23 877
0 1 0.23 878
0 1 0.23 879
0 1 0.23 880
0 1 0.23 881
0 1 0.23 882
0 1 0.23 883
0 1 0.23 884
0 1 0.23 885
0 1 0.23 886
0 1 0.23 887
0 1 0.23 888
0 1 0.23 889
0 1 0.23 890
0 1 0.23 891
0 1 0.23 892
0 1 0.23 893
0 1 0.23 894
0 1 0.23 895
0 1 0.23 896
0 1 0.23 897
0 1 0.23 898
0 1 0.23 899
0 1 0.23 900
0 1 0.24 901
0 1 0.24 902
0 1 0.23 903
0 1 0.24 904
0 1 0.24 905
0 1 0.24 906
0 1 0.24 907
0 1 0.24 908
0 1 0.24 909
0 1 0.24 910
0 1 0.24 911
0 1 0.24 912
0 1 0.24 913
0 1 0.24 914
0 1 0.24 915
0 1 0.24 916
0 1 0.24 917
0 1 0.24 918
0 1 0.24 919
0 1 0.24 920
0 1 0.24 921
0 1 0.24 922
0 1 0.24 923
0 1 0.24 924
0 1 0.24 925
0 1 0.24 926
0 1 0.24 927
0 1 0.24 928
0 1 0.24 929
0 1 0.24 930
0 1 0.24 931
0 1 0.24 932
0 1 0.24 933
0 1 0.24 934
0 1 0.24 935
0 1 0.24 936
0 1 0.24 937
0 1 0.24 938
0 1 0.24 939
0 1 0.24 940
0 1 0.24 941
0 1 0.24 942
0 1 0.24 943
0 1 0.24 944
0 1 0.24 945
0 1 0.24 946
0 1 0.24 947
0 1 0.24 948
0 1 0.24 949
0 1 0.24 950
0 1 0.24 951
0 1 0.24 952
0 1 0.24 953
0 1 0.2