10 10 10.00 1
5 10 7.50 2
5 10 7.00 3
4 10 6.25 4
4 10 6.40 5
4 10 6.00 6
4 10 6.00 7
4 10 6.00 8
4 10 5.78 9
4 10 5.80 10
4 10 5.82 11
4 10 5.92 12
4 10 5.77 13
4 10 5.79 14
4 10 5.80 15
4 10 5.69 16
4 10 5.59 17
3 10 5.44 18
3 10 5.47 19
3 10 5.55 20
3 10 5.43 21
3 10 5.45 22
3 10 5.43 23
3 10 5.42 24
3 10 5.44 25
3 10 5.46 26
3 10 5.48 27
3 10 5.50 28
3 10 5.52 29
3 10 5.50 30
3 10 5.52 31
3 10 5.53 32
3 10 5.55 33
3 10 5.56 34
3 10 5.57 35
3 10 5.53 36
3 10 5.51 37
3 10 5.55 38
3 10 5.56 39
3 10 5.60 40
3 10 5.59 41
3 10 5.60 42
3 10 5.56 43
3 10 5.55 44
3 10 5.58 45
3 10 5.61 46
3 10 5.64 47
3 10 5.65 48
3 10 5.65 49
3 10 5.62 50
3 10 5.61 51
3 10 5.62 52
3 10 5.60 53
3 10 5.56 54
3 10 5.53 55
3 10 5.54 56
3 10 5.53 57
3 10 5.52 58
3 10 5.53 59
3 10 5.52 60
3 10 5.52 61
3 10 5.52 62
3 10 5.52 63
3 10 5.52 64
3 10 5.52 65
3 10 5.53 66
3 10 5.54 67
3 10 5.56 68
3 10 5.57 69
3 10 5.56 70
3 10 5.55 71
3 10 5.56 72
3 10 5.56 73
3 10 5.55 74
3 10 5.56 75
3 10 5.57 76
3 10 5.56 77
3 10 5.58 78
3 10 5.57 79
3 10 5.55 80
3 10 5.56 81
3 10 5.57 82
3 10 5.58 83
3 10 5.57 84
3 10 5.58 85
3 10 5.58 86
3 10 5.59 87
3 10 5.59 88
3 10 5.60 89
3 10 5.59 90
3 10 5.58 91
3 10 5.60 92
3 10 5.60 93
3 10 5.61 94
3 10 5.62 95
3 10 5.62 96
3 10 5.62 97
3 10 5.62 98
3 10 5.62 99
3 10 5.62 100
3 10 5.62 101
3 10 5.63 102
3 10 5.63 103
3 10 5.62 104
3 10 5.63 105
3 10 5.63 106
3 10 5.64 107
3 10 5.64 108
3 10 5.61 109
3 10 5.62 110
3 10 5.64 111
3 10 5.64 112
3 10 5.65 113
3 10 5.65 114
3 10 5.63 115
3 10 5.64 116
3 10 5.62 117
3 10 5.63 118
3 10 5.63 119
3 10 5.63 120
3 10 5.64 121
3 10 5.64 122
3 10 5.64 123
3 10 5.63 124
3 10 5.62 125
3 10 5.63 126
3 10 5.64 127
3 10 5.62 128
3 10 5.63 129
3 10 5.62 130
3 10 5.62 131
3 10 5.62 132
3 10 5.61 133
3 10 5.62 134
3 10 5.61 135
3 10 5.61 136
3 10 5.61 137
3 10 5.62 138
3 10 5.60 139
3 10 5.59 140
3 10 5.58 141
3 10 5.57 142
3 10 5.56 143
3 10 5.56 144
3 10 5.56 145
3 10 5.55 146
3 10 5.56 147
3 10 5.55 148
3 10 5.54 149
3 10 5.53 150
3 10 5.51 151
3 10 5.51 152
3 10 5.51 153
3 10 5.50 154
3 10 5.50 155
3 10 5.48 156
3 10 5.49 157
3 10 5.49 158
3 10 5.50 159
3 10 5.49 160
3 10 5.50 161
3 10 5.51 162
3 10 5.51 163
3 10 5.50 164
3 10 5.51 165
3 10 5.51 166
3 10 5.51 167
3 10 5.50 168
3 10 5.51 169
3 10 5.52 170
3 10 5.53 171
3 10 5.52 172
3 10 5.52 173
3 10 5.52 174
3 10 5.53 175
3 10 5.53 176
3 10 5.52 177
3 10 5.51 178
3 10 5.49 179
3 10 5.48 180
3 10 5.49 181
3 10 5.47 182
3 10 5.47 183
3 10 5.47 184
3 10 5.48 185
3 10 5.47 186
3 10 5.47 187
3 10 5.47 188
3 10 5.47 189
3 10 5.46 190
3 10 5.47 191
3 10 5.47 192
3 10 5.47 193
3 10 5.47 194
3 10 5.46 195
3 10 5.46 196
3 10 5.47 197
3 10 5.48 198
3 10 5.48 199
3 10 5.47 200
3 10 5.47 201
3 10 5.47 202
3 10 5.47 203
3 10 5.47 204
3 10 5.48 205
3 10 5.48 206
3 10 5.49 207
3 10 5.50 208
3 10 5.51 209
3 10 5.50 210
3 10 5.49 211
3 10 5.49 212
3 10 5.51 213
3 10 5.50 214
3 10 5.50 215
3 10 5.50 216
3 10 5.49 217
3 10 5.50 218
3 10 5.51 219
3 10 5.50 220
3 10 5.50 221
3 10 5.50 222
3 10 5.50 223
3 10 5.50 224
3 10 5.50 225
3 10 5.50 226
3 10 5.50 227
3 10 5.50 228
3 10 5.50 229
3 10 5.50 230
3 10 5.50 231
3 10 5.50 232
3 10 5.50 233
3 10 5.50 234
3 10 5.50 235
3 10 5.50 236
3 10 5.51 237
3 10 5.51 238
3 10 5.51 239
3 10 5.52 240
3 10 5.52 241
3 10 5.52 242
3 10 5.52 243
3 10 5.52 244
3 10 5.52 245
3 10 5.52 246
3 10 5.52 247
3 10 5.52 248
3 10 5.52 249
3 10 5.52 250
3 10 5.52 251
3 10 5.52 252
3 10 5.53 253
3 10 5.53 254
3 10 5.54 255
3 10 5.54 256
3 10 5.53 257
3 10 5.53 258
3 10 5.53 259
3 10 5.53 260
3 10 5.54 261
3 10 5.53 262
3 10 5.53 263
3 10 5.52 264
3 10 5.53 265
3 10 5.53 266
3 10 5.53 267
3 10 5.53 268
3 10 5.54 269
3 10 5.53 270
3 10 5.54 271
3 10 5.54 272
3 10 5.54 273
3 10 5.54 274
3 10 5.54 275
3 10 5.54 276
3 10 5.54 277
3 10 5.55 278
3 10 5.55 279
3 10 5.55 280
3 10 5.55 281
3 10 5.55 282
3 10 5.55 283
3 10 5.55 284
3 10 5.55 285
3 10 5.55 286
3 10 5.55 287
3 10 5.55 288
3 10 5.55 289
3 10 5.54 290
3 10 5.54 291
3 10 5.53 292
3 10 5.54 293
3 10 5.54 294
3 10 5.54 295
3 10 5.54 296
3 10 5.54 297
3 10 5.54 298
3 10 5.54 299
3 10 5.54 300
3 10 5.54 301
3 10 5.54 302
3 10 5.55 303
3 10 5.55 304
3 10 5.55 305
3 10 5.55 306
3 10 5.55 307
3 10 5.55 308
3 10 5.55 309
3 10 5.55 310
3 10 5.55 311
3 10 5.55 312
3 10 5.55 313
3 10 5.55 314
3 10 5.56 315
3 10 5.56 316
3 10 5.56 317
3 10 5.56 318
3 10 5.56 319
3 10 5.56 320
3 10 5.56 321
3 10 5.57 322
3 10 5.56 323
3 10 5.56 324
3 10 5.56 325
3 10 5.56 326
3 10 5.56 327
3 10 5.56 328
3 10 5.57 329
3 10 5.57 330
3 10 5.56 331
3 10 5.57 332
3 10 5.57 333
3 10 5.57 334
3 10 5.57 335
3 10 5.57 336
3 10 5.57 337
3 10 5.58 338
3 10 5.58 339
3 10 5.58 340
3 10 5.59 341
3 10 5.58 342
3 10 5.58 343
3 10 5.57 344
3 10 5.57 345
3 10 5.57 346
3 10 5.56 347
3 10 5.55 348
3 10 5.54 349
3 10 5.54 350
3 10 5.54 351
3 10 5.54 352
3 10 5.54 353
3 10 5.54 354
3 10 5.54 355
3 10 5.54 356
3 10 5.54 357
3 10 5.54 358
3 10 5.54 359
3 10 5.54 360
3 10 5.54 361
3 10 5.54 362
3 10 5.55 363
3 10 5.55 364
3 10 5.55 365
3 10 5.55 366
3 10 5.55 367
3 10 5.55 368
3 10 5.55 369
3 10 5.55 370
3 10 5.55 371
3 10 5.55 372
3 10 5.55 373
3 10 5.55 374
3 10 5.55 375
3 10 5.55 376
3 10 5.55 377
3 10 5.56 378
3 10 5.55 379
3 10 5.55 380
3 10 5.55 381
3 10 5.55 382
3 10 5.56 383
3 10 5.56 384
3 10 5.56 385
3 10 5.56 386
3 10 5.56 387
3 10 5.56 388
3 10 5.56 389
3 10 5.56 390
3 10 5.56 391
3 10 5.56 392
3 10 5.55 393
3 10 5.56 394
3 10 5.56 395
3 10 5.55 396
3 10 5.55 397
3 10 5.55 398
3 10 5.55 399
3 10 5.55 400
3 10 5.55 401
3 10 5.54 402
3 10 5.55 403
3 10 5.55 404
3 10 5.55 405
3 10 5.54 406
3 10 5.55 407
3 10 5.55 408
3 10 5.55 409
3 10 5.54 410
3 10 5.54 411
3 10 5.53 412
3 10 5.53 413
3 10 5.53 414
3 10 5.53 415
3 10 5.53 416
3 10 5.53 417
3 10 5.53 418
3 10 5.53 419
3 10 5.53 420
3 10 5.53 421
3 10 5.54 422
3 10 5.54 423
3 10 5.54 424
3 10 5.54 425
3 10 5.54 426
3 10 5.54 427
3 10 5.53 428
3 10 5.53 429
3 10 5.53 430
3 10 5.54 431
3 10 5.54 432
3 10 5.54 433
3 10 5.54 434
3 10 5.54 435
3 10 5.54 436
3 10 5.54 437
3 10 5.54 438
3 10 5.54 439
3 10 5.54 440
3 10 5.55 441
3 10 5.54 442
3 10 5.54 443
3 10 5.54 444
3 10 5.54 445
3 10 5.54 446
3 10 5.54 447
3 10 5.54 448
3 10 5.54 449
3 10 5.54 450
3 10 5.54 451
3 10 5.54 452
3 10 5.54 453
3 10 5.54 454
3 10 5.54 455
3 10 5.54 456
3 10 5.54 457
3 10 5.54 458
3 10 5.54 459
3 10 5.54 460
3 10 5.55 461
3 10 5.55 462
3 10 5.55 463
3 10 5.55 464
3 10 5.55 465
3 10 5.55 466
3 10 5.55 467
3 10 5.55 468
3 10 5.55 469
3 10 5.55 470
3 10 5.55 471
3 10 5.55 472
3 10 5.55 473
3 10 5.55 474
3 10 5.55 475
3 10 5.54 476
3 10 5.54 477
3 10 5.54 478
3 10 5.53 479
2 10 5.52 480
2 10 5.52 481
2 10 5.52 482
2 10 5.52 483
2 10 5.52 484
2 10 5.52 485
2 10 5.52 486
2 10 5.52 487
2 10 5.52 488
2 10 5.51 489
2 10 5.51 490
2 10 5.51 491
2 10 5.50 492
2 10 5.50 493
2 10 5.50 494
2 10 5.50 495
2 10 5.50 496
2 10 5.50 497
2 10 5.50 498
2 10 5.50 499
2 10 5.50 500
2 10 5.50 501
2 10 5.51 502
2 10 5.51 503
2 10 5.51 504
2 10 5.50 505
2 10 5.50 506
2 10 5.50 507
2 10 5.50 508
2 10 5.50 509
2 10 5.50 510
2 10 5.50 511
2 10 5.51 512
2 10 5.50 513
2 10 5.51 514
2 10 5.51 515
2 10 5.51 516
2 10 5.51 517
2 10 5.51 518
2 10 5.50 519
2 10 5.50 520
2 10 5.50 521
2 10 5.50 522
2 10 5.50 523
2 10 5.50 524
2 10 5.50 525
2 10 5.50 526
2 10 5.50 527
2 10 5.50 528
2 10 5.50 529
2 10 5.51 530
2 10 5.51 531
2 10 5.51 532
2 10 5.51 533
2 10 5.51 534
2 10 5.51 535
2 10 5.51 536
2 10 5.51 537
2 10 5.51 538
2 10 5.51 539
2 10 5.51 540
2 10 5.51 541
2 10 5.51 542
2 10 5.51 543
2 10 5.51 544
2 10 5.52 545
2 10 5.52 546
2 10 5.52 547
2 10 5.52 548
2 10 5.52 549
2 10 5.52 550
2 10 5.52 551
2 10 5.52 552
2 10 5.52 553
2 10 5.52 554
2 10 5.52 555
2 10 5.52 556
2 10 5.52 557
2 10 5.52 558
2 10 5.52 559
2 10 5.52 560
2 10 5.52 561
2 10 5.52 562
2 10 5.52 563
2 10 5.52 564
2 10 5.53 565
2 10 5.53 566
2 10 5.53 567
2 10 5.53 568
2 10 5.52 569
2 10 5.52 570
2 10 5.52 571
2 10 5.52 572
2 10 5.52 573
2 10 5.52 574
2 10 5.53 575
2 10 5.52 576
2 10 5.52 577
2 10 5.53 578
2 10 5.53 579
2 10 5.53 580
2 10 5.54 581
2 10 5.53 582
2 10 5.53 583
2 10 5.53 584
2 10 5.53 585
2 10 5.54 586
2 10 5.53 587
2 10 5.54 588
2 11 5.54 589
2 11 5.54 590
2 11 5.54 591
2 11 5.54 592
2 11 5.54 