0 0 0.00 1
0 0 0.00 2
0 2 0.67 3
0 2 0.75 4
0 2 1.00 5
0 2 1.00 6
0 2 1.14 7
0 2 1.25 8
0 2 1.22 9
0 2 1.30 10
0 2 1.36 11
0 2 1.33 12
0 2 1.31 13
0 2 1.29 14
0 2 1.33 15
0 2 1.25 16
0 2 1.24 17
0 2 1.28 18
0 2 1.26 19
0 2 1.25 20
0 2 1.29 21
0 2 1.27 22
0 2 1.26 23
0 2 1.25 24
0 2 1.24 25
0 2 1.23 26
0 2 1.22 27
0 2 1.21 28
0 2 1.21 29
0 2 1.20 30
0 2 1.19 31
0 2 1.19 32
0 2 1.21 33
0 2 1.24 34
0 2 1.20 35
0 3 1.25 36
0 3 1.24 37
0 3 1.26 38
0 3 1.26 39
0 3 1.27 40
0 3 1.27 41
0 3 1.26 42
0 3 1.26 43
0 3 1.23 44
0 3 1.24 45
0 3 1.26 46
0 3 1.26 47
0 3 1.25 48
0 3 1.24 49
0 3 1.24 50
0 3 1.24 51
0 3 1.23 52
0 3 1.25 53
0 3 1.26 54
0 3 1.25 55
0 3 1.27 56
0 3 1.26 57
0 3 1.28 58
0 3 1.29 59
0 3 1.30 60
0 3 1.31 61
0 3 1.31 62
0 3 1.32 63
0 3 1.31 64
0 3 1.31 65
0 3 1.30 66
0 3 1.30 67
0 3 1.29 68
0 3 1.29 69
0 3 1.29 70
0 3 1.28 71
0 3 1.28 72
0 3 1.27 73
0 3 1.27 74
0 3 1.27 75
0 3 1.28 76
0 3 1.27 77
0 3 1.27 78
0 3 1.25 79
0 3 1.26 80
0 3 1.25 81
0 3 1.23 82
0 3 1.22 83
0 3 1.23 84
0 3 1.24 85
0 3 1.23 86
0 3 1.23 87
0 3 1.23 88
0 3 1.21 89
0 3 1.21 90
0 3 1.21 91
0 3 1.21 92
0 3 1.20 93
0 3 1.19 94
0 3 1.19 95
0 3 1.19 96
0 3 1.19 97
0 3 1.18 98
0 3 1.17 99
0 3 1.17 100
0 3 1.17 101
0 3 1.17 102
0 3 1.16 103
0 3 1.15 104
0 3 1.16 105
0 3 1.15 106
0 3 1.16 107
0 3 1.15 108
0 3 1.17 109
0 3 1.16 110
0 3 1.16 111
0 3 1.17 112
0 3 1.18 113
0 3 1.18 114
0 3 1.19 115
0 3 1.19 116
0 3 1.20 117
0 3 1.20 118
0 3 1.21 119
0 3 1.20 120
0 3 1.20 121
0 3 1.19 122
0 3 1.20 123
0 3 1.19 124
0 3 1.19 125
0 3 1.19 126
0 3 1.19 127
0 3 1.19 128
0 3 1.19 129
0 3 1.19 130
0 3 1.20 131
0 3 1.20 132
0 3 1.20 133
0 3 1.22 134
0 3 1.23 135
0 3 1.24 136
0 3 1.23 137
0 3 1.23 138
0 3 1.24 139
0 3 1.24 140
0 3 1.23 141
0 3 1.24 142
0 3 1.24 143
0 3 1.24 144
0 3 1.24 145
0 3 1.25 146
0 3 1.25 147
0 3 1.25 148
0 3 1.25 149
0 3 1.25 150
0 3 1.25 151
0 3 1.26 152
0 3 1.25 153
0 3 1.25 154
0 3 1.26 155
0 3 1.26 156
0 3 1.26 157
0 3 1.27 158
0 3 1.26 159
0 3 1.26 160
0 3 1.26 161
0 3 1.25 162
0 3 1.25 163
0 3 1.25 164
0 3 1.25 165
0 3 1.25 166
0 3 1.25 167
0 3 1.25 168
0 3 1.25 169
0 3 1.25 170
0 3 1.25 171
0 3 1.26 172
0 3 1.25 173
0 3 1.26 174
0 3 1.26 175
0 3 1.26 176
0 3 1.26 177
0 3 1.25 178
0 3 1.26 179
0 3 1.26 180
0 3 1.27 181
0 3 1.26 182
0 3 1.26 183
0 3 1.27 184
0 3 1.26 185
0 3 1.27 186
0 3 1.27 187
0 3 1.27 188
0 3 1.27 189
0 3 1.27 190
0 3 1.27 191
0 3 1.28 192
0 3 1.27 193
0 3 1.28 194
0 3 1.28 195
0 3 1.28 196
0 3 1.27 197
0 3 1.27 198
0 3 1.27 199
0 3 1.27 200
0 3 1.27 201
0 3 1.27 202
0 3 1.27 203
0 3 1.27 204
0 3 1.27 205
0 3 1.27 206
0 3 1.27 207
0 3 1.27 208
0 3 1.26 209
0 3 1.27 210
0 3 1.27 211
0 3 1.26 212
0 3 1.26 213
0 3 1.26 214
0 3 1.26 215
0 3 1.26 216
0 3 1.26 217
0 3 1.26 218
0 3 1.26 219
0 3 1.27 220
0 3 1.27 221
0 3 1.27 222
0 3 1.27 223
0 3 1.28 224
0 3 1.28 225
0 3 1.27 226
0 3 1.27 227
0 3 1.28 228
0 3 1.28 229
0 3 1.28 230
0 3 1.27 231
0 3 1.28 232
0 3 1.27 233
0 3 1.27 234
0 3 1.27 235
0 3 1.27 236
0 3 1.27 237
0 3 1.26 238
0 3 1.27 239
0 3 1.27 240
0 3 1.27 241
0 3 1.27 242
0 3 1.27 243
0 3 1.27 244
0 3 1.27 245
0 3 1.28 246
0 3 1.28 247
0 3 1.28 248
0 3 1.28 249
0 3 1.28 250
0 3 1.28 251
0 3 1.28 252
0 3 1.28 253
0 3 1.28 254
0 3 1.28 255
0 3 1.28 256
0 3 1.28 257
0 3 1.28 258
0 3 1.28 259
0 3 1.28 260
0 3 1.28 261
0 3 1.28 262
0 3 1.29 263
0 3 1.29 264
0 3 1.28 265
0 3 1.28 266
0 3 1.28 267
0 3 1.28 268
0 3 1.28 269
0 3 1.28 270
0 3 1.27 271
0 3 1.27 272
0 3 1.27 273
0 3 1.28 274
0 3 1.27 275
0 3 1.27 276
0 3 1.27 277
0 3 1.27 278
0 3 1.27 279
0 3 1.27 280
0 3 1.27 281
0 3 1.27 282
0 3 1.27 283
0 3 1.27 284
0 3 1.27 285
0 3 1.27 286
0 3 1.28 287
0 3 1.27 288
0 3 1.28 289
0 3 1.28 290
0 3 1.28 291
0 3 1.27 292
0 3 1.28 293
0 3 1.28 294
0 3 1.27 295
0 3 1.27 296
0 3 1.27 297
0 3 1.28 298
0 3 1.28 299
0 3 1.28 300
0 3 1.28 301
0 3 1.28 302
0 3 1.28 303
0 3 1.28 304
0 3 1.28 305
0 3 1.28 306
0 3 1.28 307
0 3 1.28 308
0 3 1.28 309
0 3 1.28 310
0 3 1.28 311
0 3 1.28 312
0 3 1.28 313
0 3 1.28 314
0 3 1.28 315
0 3 1.28 316
0 3 1.28 317
0 3 1.28 318
0 3 1.28 319
0 3 1.28 320
0 3 1.28 321
0 3 1.28 322
0 3 1.28 323
0 3 1.28 324
0 3 1.28 325
0 3 1.28 326
0 3 1.28 327
0 3 1.27 328
0 3 1.27 329
0 3 1.27 330
0 3 1.27 331
0 3 1.27 332
0 3 1.27 333
0 3 1.27 334
0 3 1.27 335
0 3 1.26 336
0 3 1.26 337
0 3 1.26 338
0 3 1.26 339
0 3 1.26 340
0 3 1.26 341
0 3 1.26 342
0 3 1.26 343
0 3 1.26 344
0 3 1.26 345
0 3 1.26 346
0 3 1.26 347
0 3 1.26 348
0 3 1.26 349
0 3 1.25 350
0 3 1.25 351
0 3 1.24 352
0 3 1.24 353
0 3 1.24 354
0 3 1.24 355
0 3 1.23 356
0 3 1.24 357
0 3 1.23 358
0 3 1.23 359
0 3 1.24 360
0 3 1.24 361
0 3 1.23 362
0 3 1.23 363
0 3 1.23 364
0 3 1.24 365
0 3 1.24 366
0 3 1.23 367
0 3 1.23 368
0 3 1.23 369
0 3 1.24 370
0 3 1.23 371
0 3 1.23 372
0 3 1.23 373
0 3 1.23 374
0 3 1.23 375
0 3 1.23 376
0 3 1.23 377
0 3 1.24 378
0 3 1.23 379
0 3 1.23 380
0 3 1.24 381
0 3 1.24 382
0 3 1.24 383
0 3 1.24 384
0 3 1.24 385
0 3 1.24 386
0 3 1.24 387
0 3 1.24 388
0 3 1.24 389
0 3 1.24 390
0 3 1.24 391
0 3 1.24 392
0 3 1.25 393
0 3 1.25 394
0 3 1.25 395
0 3 1.25 396
0 3 1.25 397
0 3 1.25 398
0 3 1.24 399
0 3 1.24 400
0 3 1.24 401
0 3 1.24 402
0 3 1.23 403
0 3 1.23 404
0 3 1.23 405
0 3 1.23 406
0 3 1.23 407
0 3 1.23 408
0 3 1.23 409
0 3 1.23 410
0 3 1.23 411
0 3 1.23 412
0 3 1.23 413
0 3 1.23 414
0 3 1.23 415
0 3 1.23 416
0 3 1.23 417
0 3 1.23 418
0 3 1.23 419
0 3 1.23 420
0 3 1.23 421
0 3 1.23 422
0 3 1.23 423
0 3 1.23 424
0 3 1.24 425
0 3 1.24 426
0 4 1.24 427
0 4 1.24 428
0 4 1.24 429
0 4 1.24 430
0 4 1.24 431
0 4 1.24 432
0 4 1.24 433
0 4 1.24 434
0 4 1.24 435
0 4 1.25 436
0 4 1.24 437
0 4 1.25 438
0 4 1.25 439
0 4 1.25 440
0 4 1.25 441
0 4 1.25 442
0 4 1.25 443
0 4 1.25 444
0 4 1.24 445
0 4 1.24 446
0 4 1.24 447
0 4 1.24 448
0 4 1.24 449
0 4 1.24 450
0 4 1.24 451
0 4 1.24 452
0 4 1.25 453
0 4 1.24 454
0 4 1.25 455
0 4 1.25 456
0 4 1.25 457
0 4 1.25 458
0 4 1.25 459
0 4 1.25 460
0 4 1.25 461
0 4 1.25 462
0 4 1.25 463
0 4 1.25 464
0 4 1.25 465
0 4 1.25 466
0 4 1.25 467
0 4 1.26 468
0 4 1.26 469
0 4 1.26 470
0 4 1.26 471
0 4 1.26 472
0 4 1.26 473
0 4 1.26 474
0 4 1.26 475
0 4 1.26 476
0 4 1.26 477
0 4 1.26 478
0 4 1.26 479
0 4 1.26 480
0 4 1.26 481
0 4 1.26 482
0 4 1.26 483
0 4 1.25 484
0 4 1.26 485
0 4 1.25 486
0 4 1.25 487
0 4 1.26 488
0 4 1.26 489
0 4 1.26 490
0 4 1.25 491
0 4 1.25 492
0 4 1.25 493
0 4 1.25 494
0 4 1.25 495
0 4 1.25 496
0 4 1.25 497
0 4 1.25 498
0 4 1.25 499
0 4 1.25 500
0 4 1.25 501
0 4 1.25 502
0 4 1.25 503
0 4 1.25 504
0 4 1.25 505
0 4 1.25 506
0 4 1.24 507
0 4 1.24 508
0 4 1.24 509
0 4 1.24 510
0 4 1.24 511
0 4 1.24 512
0 4 1.25 513
0 4 1.25 514
0 4 1.25 515
0 4 1.25 516
0 4 1.25 517
0 4 1.25 518
0 4 1.24 519
0 4 1.24 520
0 4 1.24 521
0 4 1.24 522
0 4 1.24 523
0 4 1.24 524
0 4 1.24 525
0 4 1.24 526
0 4 1.24 527
0 4 1.24 528
0 4 1.23 529
0 4 1.24 530
0 4 1.24 531
0 4 1.24 532
0 4 1.24 533
0 4 1.24 534
0 4 1.24 535
0 4 1.24 536
0 4 1.24 537
0 4 1.24 538
0 4 1.24 539
0 4 1.24 540
0 4 1.23 541
0 4 1.23 542
0 4 1.23 543
0 4 1.23 544
0 4 1.23 545
0 4 1.23 546
0 4 1.23 547
0 4 1.23 548
0 4 1.23 549
0 4 1.23 550
0 4 1.23 551
0 4 1.23 552
0 4 1.23 553
0 4 1.23 554
0 4 1.23 555
0 4 1.23 556
0 4 1.23 557
0 4 1.23 558
0 4 1.23 559
0 4 1.23 560
0 4 1.23 561
0 4 1.23 562
0 4 1.23 563
0 4 1.23 564
0 4 1.23 565
0 4 1.23 566
0 4 1.23 567
0 4 1.23 568
0 4 1.23 569
0 4 1.23 570
0 4 1.23 571
0 4 1.23 572
0 4 1.23 573
0 4 1.23 574
0 4 1.23 575
0 4 1.23 576
0 4 1.23 577
0 4 1.23 578
0 4 1.23 579
0 4 1.23 580
0 4 1.23 581
0 4 1.23 582
0 4 1.23 583
0 4 1.23 584
0 4 1.23 585
0 4 1.23 586
0 4 1.23 587
0 4 1.23 588
0 4 1.23 589
0 4 1.23 590
0 4 1.23 591
0 4 1.23 592
0 4 1.22 593
0 4 1.22 594
0 4 1.22 595
0 4 1.22 596
0 4 1.23 597
0 4 1.23 598
0 4 1.23 599
0 4 1.23 600
0 4 1.23 601
0 4 1.23 602
0 4 1.23 603
0 4 1.23 604
0 4 1.23 605
0 4 1.23 606
0 4 1.23 607
0 4 1.22 608
0 4 1.22 609
0 4 1.22 610
0 4 1.22 611
0 4 1.22 612
0 4 1.22 613
0 4 1.22 614
0 4 1.22 615
0 4 1.22 616
0 4 1.22 617
0 4 1.22 618
0 4 1.23 619
0 4 1.23 620
0 4 1.23 621
0 4 1.23 622
0 4 1.23 623
0 4 1.23 624
0 4 1.23 625
0 4 1.23 626
0 4 1.23 627
0 4 1.23 628
0 4 1.23 629
0 4 1.23 630
0 4 1.23 631
0 4 1.24 632
0 4 1.24 633
0 4 1.24 634
0 4 1.24 635
0 4 1.24 636
0 4 1.24 637
0 4 1.24 638
0 4 1.