0 0 0.00 1
0 2 1.00 2
0 2 1.00 3
0 2 0.75 4
0 2 1.00 5
0 2 0.83 6
0 2 1.00 7
0 2 1.12 8
0 2 1.22 9
0 2 1.10 10
0 2 1.18 11
0 2 1.08 12
0 2 1.15 13
0 2 1.07 14
0 2 1.00 15
0 2 1.00 16
0 2 1.00 17
0 2 1.00 18
0 2 0.95 19
0 2 0.95 20
0 2 0.90 21
0 2 0.91 22
0 2 0.87 23
0 2 0.88 24
0 2 0.88 25
0 2 0.85 26
0 2 0.89 27
0 2 0.89 28
0 2 0.86 29
0 2 0.87 30
0 2 0.87 31
0 2 0.88 32
0 2 0.88 33
0 2 0.88 34
0 2 0.89 35
0 2 0.86 36
0 2 0.84 37
0 2 0.84 38
0 2 0.85 39
0 2 0.85 40
0 2 0.85 41
0 2 0.83 42
0 2 0.84 43
0 2 0.84 44
0 2 0.84 45
0 2 0.85 46
0 2 0.87 47
0 2 0.88 48
0 2 0.90 49
0 2 0.88 50
0 2 0.88 51
0 2 0.90 52
0 2 0.91 53
0 2 0.93 54
0 2 0.91 55
0 2 0.91 56
0 2 0.89 57
0 2 0.90 58
0 2 0.90 59
0 2 0.90 60
0 2 0.90 61
0 2 0.90 62
0 2 0.89 63
0 2 0.89 64
0 2 0.89 65
0 2 0.88 66
0 2 0.90 67
0 2 0.90 68
0 2 0.90 69
0 2 0.90 70
0 2 0.89 71
0 2 0.90 72
0 2 0.90 73
0 2 0.91 74
0 2 0.91 75
0 2 0.91 76
0 2 0.90 77
0 2 0.90 78
0 2 0.90 79
0 2 0.91 80
0 2 0.91 81
0 2 0.91 82
0 2 0.92 83
0 2 0.90 84
0 2 0.92 85
0 2 0.93 86
0 2 0.93 87
0 2 0.93 88
0 2 0.92 89
0 2 0.93 90
0 2 0.93 91
0 2 0.93 92
0 2 0.94 93
0 2 0.94 94
0 2 0.93 95
0 2 0.93 96
0 2 0.94 97
0 2 0.95 98
0 2 0.94 99
0 2 0.95 100
0 2 0.95 101
0 2 0.96 102
0 2 0.97 103
0 2 0.97 104
0 2 0.97 105
0 2 0.97 106
0 2 0.97 107
0 2 0.97 108
0 2 0.96 109
0 2 0.95 110
0 2 0.95 111
0 2 0.95 112
0 2 0.95 113
0 2 0.95 114
0 2 0.95 115
0 2 0.95 116
0 2 0.95 117
0 2 0.95 118
0 2 0.95 119
0 2 0.94 120
0 2 0.94 121
0 2 0.94 122
0 2 0.94 123
0 2 0.94 124
0 2 0.94 125
0 2 0.95 126
0 2 0.96 127
0 2 0.96 128
0 2 0.97 129
0 2 0.98 130
0 2 0.97 131
0 2 0.97 132
0 2 0.97 133
0 2 0.97 134
0 2 0.97 135
0 2 0.96 136
0 2 0.96 137
0 2 0.96 138
0 2 0.96 139
0 2 0.96 140
0 2 0.95 141
0 2 0.94 142
0 2 0.94 143
0 2 0.94 144
0 2 0.94 145
0 2 0.95 146
0 2 0.95 147
0 2 0.95 148
0 2 0.95 149
0 2 0.94 150
0 2 0.93 151
0 2 0.93 152
0 2 0.93 153
0 2 0.94 154
0 2 0.94 155
0 2 0.94 156
0 2 0.95 157
0 2 0.94 158
0 2 0.95 159
0 2 0.94 160
0 2 0.95 161
0 2 0.94 162
0 2 0.94 163
0 2 0.94 164
0 2 0.95 165
0 2 0.95 166
0 2 0.94 167
0 2 0.94 168
0 2 0.93 169
0 2 0.94 170
0 2 0.93 171
0 2 0.93 172
0 2 0.93 173
0 2 0.93 174
0 2 0.93 175
0 2 0.93 176
0 2 0.93 177
0 2 0.93 178
0 2 0.93 179
0 2 0.93 180
0 2 0.93 181
0 2 0.93 182
0 2 0.93 183
0 3 0.94 184
0 3 0.94 185
0 3 0.95 186
0 3 0.95 187
0 3 0.95 188
0 3 0.94 189
0 3 0.95 190
0 3 0.95 191
0 3 0.95 192
0 3 0.94 193
0 3 0.94 194
0 3 0.94 195
0 3 0.94 196
0 3 0.94 197
0 3 0.93 198
0 3 0.93 199
0 3 0.94 200
0 3 0.95 201
0 3 0.94 202
0 3 0.94 203
0 3 0.94 204
0 3 0.94 205
0 3 0.94 206
0 3 0.94 207
0 3 0.94 208
0 3 0.95 209
0 3 0.95 210
0 3 0.94 211
0 3 0.95 212
0 3 0.95 213
0 3 0.95 214
0 3 0.95 215
0 3 0.95 216
0 3 0.95 217
0 3 0.96 218
0 3 0.96 219
0 3 0.95 220
0 3 0.96 221
0 3 0.96 222
0 3 0.96 223
0 3 0.96 224
0 3 0.97 225
0 3 0.97 226
0 3 0.98 227
0 3 0.98 228
0 3 0.98 229
0 3 0.98 230
0 3 0.99 231
0 3 0.99 232
0 3 0.99 233
0 3 1.00 234
0 3 1.00 235
0 3 1.00 236
0 3 1.00 237
0 3 1.00 238
0 3 1.00 239
0 3 1.01 240
0 3 1.00 241
0 3 1.00 242
0 3 1.01 243
0 3 1.01 244
0 3 1.01 245
0 3 1.01 246
0 3 1.02 247
0 3 1.01 248
0 3 1.02 249
0 3 1.02 250
0 3 1.02 251
0 3 1.02 252
0 3 1.01 253
0 3 1.02 254
0 3 1.02 255
0 3 1.02 256
0 3 1.02 257
0 3 1.01 258
0 3 1.01 259
0 3 1.02 260
0 3 1.01 261
0 3 1.01 262
0 3 1.01 263
0 3 1.00 264
0 3 1.00 265
0 3 1.00 266
0 3 1.00 267
0 3 1.01 268
0 3 1.00 269
0 3 1.00 270
0 3 1.00 271
0 3 1.00 272
0 3 1.00 273
0 3 1.00 274
0 3 1.01 275
0 3 1.00 276
0 3 1.00 277
0 3 1.00 278
0 3 1.00 279
0 3 1.00 280
0 3 1.00 281
0 3 1.00 282
0 3 1.00 283
0 3 1.00 284
0 3 0.99 285
0 3 0.99 286
0 3 1.00 287
0 3 1.00 288
0 3 1.00 289
0 3 1.00 290
0 3 1.00 291
0 3 0.99 292
0 3 1.00 293
0 3 1.00 294
0 3 0.99 295
0 3 0.99 296
0 3 0.99 297
0 3 1.00 298
0 3 1.00 299
0 3 1.00 300
0 3 1.00 301
0 3 1.00 302
0 3 1.00 303
0 3 1.00 304
0 3 1.00 305
0 3 1.00 306
0 3 1.00 307
0 3 1.00 308
0 3 1.00 309
0 3 1.00 310
0 3 1.00 311
0 3 1.00 312
0 3 1.00 313
0 3 1.00 314
0 3 1.00 315
0 3 1.00 316
0 3 1.00 317
0 3 1.00 318
0 3 1.00 319
0 3 0.99 320
0 3 1.00 321
0 3 1.00 322
0 3 1.00 323
0 3 1.00 324
0 3 1.00 325
0 3 1.00 326
0 3 1.00 327
0 3 1.00 328
0 3 1.00 329
0 3 1.00 330
0 3 1.00 331
0 3 1.00 332
0 3 1.00 333
0 3 1.00 334
0 3 1.00 335
0 3 1.00 336
0 3 1.00 337
0 3 0.99 338
0 3 1.00 339
0 3 1.00 340
0 3 0.99 341
0 3 0.99 342
0 3 1.00 343
0 3 0.99 344
0 3 0.99 345
0 3 0.99 346
0 3 0.99 347
0 3 0.99 348
0 3 0.99 349
0 3 0.99 350
0 3 0.99 351
0 3 0.99 352
0 3 0.99 353
0 3 0.99 354
0 3 0.99 355
0 3 0.99 356
0 3 0.99 357
0 3 0.99 358
0 3 0.99 359
0 3 0.99 360
0 3 0.99 361
0 3 0.99 362
0 3 0.99 363
0 3 0.99 364
0 3 0.99 365
0 3 0.99 366
0 3 0.99 367
0 3 0.99 368
0 3 0.99 369
0 3 0.99 370
0 3 0.99 371
0 3 0.99 372
0 3 0.99 373
0 3 0.99 374
0 3 0.99 375
0 3 0.99 376
0 3 0.99 377
0 3 0.99 378
0 3 0.99 379
0 3 0.99 380
0 3 0.99 381
0 3 0.99 382
0 3 0.99 383
0 3 0.99 384
0 3 0.98 385
0 3 0.98 386
0 3 0.98 387
0 3 0.98 388
0 3 0.98 389
0 3 0.99 390
0 3 0.98 391
0 3 0.98 392
0 3 0.98 393
0 3 0.98 394
0 3 0.98 395
0 3 0.98 396
0 3 0.98 397
0 3 0.98 398
0 3 0.98 399
0 3 0.98 400
0 3 0.98 401
0 3 0.98 402
0 3 0.98 403
0 3 0.98 404
0 3 0.98 405
0 3 0.98 406
0 3 0.98 407
0 3 0.98 408
0 3 0.98 409
0 3 0.98 410
0 3 0.98 411
0 3 0.98 412
0 3 0.98 413
0 3 0.98 414
0 3 0.98 415
0 3 0.97 416
0 3 0.97 417
0 3 0.97 418
0 3 0.97 419
0 3 0.97 420
0 3 0.97 421
0 3 0.97 422
0 3 0.97 423
0 3 0.97 424
0 3 0.97 425
0 3 0.97 426
0 3 0.97 427
0 3 0.97 428
0 3 0.97 429
0 3 0.97 430
0 3 0.97 431
0 3 0.97 432
0 3 0.97 433
0 3 0.97 434
0 3 0.97 435
0 3 0.97 436
0 3 0.97 437
0 3 0.97 438
0 3 0.98 439
0 3 0.98 440
0 3 0.98 441
0 3 0.98 442
0 3 0.98 443
0 3 0.98 444
0 3 0.98 445
0 3 0.98 446
0 3 0.98 447
0 3 0.98 448
0 3 0.98 449
0 3 0.98 450
0 3 0.98 451
0 3 0.98 452
0 3 0.98 453
0 3 0.98 454
0 3 0.98 455
0 3 0.98 456
0 3 0.98 457
0 3 0.98 458
0 3 0.98 459
0 3 0.98 460
0 3 0.98 461
0 3 0.98 462
0 3 0.98 463
0 3 0.98 464
0 3 0.98 465
0 3 0.98 466
0 3 0.98 467
0 3 0.98 468
0 3 0.98 469
0 3 0.98 470
0 3 0.97 471
0 3 0.97 472
0 3 0.97 473
0 3 0.97 474
0 3 0.97 475
0 3 0.98 476
0 3 0.97 477
0 3 0.98 478
0 3 0.97 479
0 3 0.97 480
0 3 0.98 481
0 3 0.98 482
0 3 0.98 483
0 3 0.98 484
0 3 0.98 485
0 3 0.98 486
0 3 0.98 487
0 3 0.98 488
0 3 0.98 489
0 3 0.98 490
0 3 0.98 491
0 3 0.98 492
0 3 0.98 493
0 3 0.98 494
0 3 0.98 495
0 3 0.98 496
0 3 0.98 497
0 3 0.98 498
0 3 0.97 499
0 3 0.97 500
0 3 0.97 501
0 3 0.97 502
0 3 0.97 503
0 3 0.97 504
0 3 0.97 505
0 3 0.97 506
0 3 0.97 507
0 3 0.97 508
0 3 0.97 509
0 3 0.97 510
0 3 0.97 511
0 3 0.97 512
0 3 0.97 513
0 3 0.97 514
0 3 0.97 515
0 3 0.97 516
0 3 0.97 517
0 3 0.97 518
0 3 0.97 519
0 3 0.97 520
0 3 0.97 521
0 3 0.97 522
0 3 0.97 523
0 3 0.97 524
0 3 0.97 525
0 3 0.97 526
0 3 0.97 527
0 3 0.97 528
0 3 0.97 529
0 3 0.97 530
0 3 0.97 531
0 3 0.97 532
0 3 0.97 533
0 3 0.97 534
0 3 0.97 535
0 3 0.98 536
0 3 0.98 537
0 3 0.98 538
0 3 0.98 539
0 3 0.98 540
0 3 0.98 541
0 3 0.98 542
0 3 0.98 543
0 3 0.98 544
0 3 0.98 545
0 3 0.98 546
0 3 0.98 547
0 3 0.98 548
0 3 0.98 549
0 3 0.98 550
0 3 0.98 551
0 3 0.98 552
0 3 0.98 553
0 3 0.98 554
0 3 0.98 555
0 3 0.99 556
0 3 0.99 557
0 3 0.98 558
0 3 0.99 559
0 3 0.99 560
0 3 0.99 561
0 3 0.99 562
0 3 0.99 563
0 3 0.99 564
0 3 0.99 565
0 3 0.99 566
0 3 0.99 567
0 3 0.99 568
0 3 0.99 569
0 3 0.99 570
0 3 0.99 571
0 3 0.99 572
0 3 0.98 573
0 3 0.98 574
0 3 0.98 575
0 3 0.98 576
0 3 0.98 577
0 3 0.98 578
0 3 0.98 579
0 3 0.98 580
0 3 0.98 581
0 3 0.98 582
0 3 0.98 583
0 3 0.98 584
0 3 0.98 585
0 3 0.98 586
0 3 0.98 587
0 3 0.98 588
0 3 0.98 589
0 3 0.98 590
0 3 0.98 591
0 3 0.98 592
0 3 0.98 593
0 3 0.98 594
0 3 0.98 595
0 3 0.98 596
0 3 0.98 597
0 3 0.98 598
0 3 0.98 599
0 3 0.98 600
0 3 0.98 601
0 3 0.98 602
0 3 0.98 603
0 3 0.98 604
0 3 0.98 605
0 3 0.98 606
0 3 0.98 607
0 3 0.98 608
0 3 0.98 609
0 3 0.97 610
0 3 0.97 611
0 3 0.97 612
0 3 0.98 613
0 3 0.98 614
0 3 0.98 615
0 3 0.98 616
0 3 0.98 617
0 3 0.98 618
0 3 0.97 619
0 3 0.97 620
0 3 0.97 621
0 3 0.97 622
0 3 0.97 623
0 3 0.97 624
0 3 0.97 625
0 3 0.97 626
0 3 0.97 627
0 3 0.97 628
0 3 0.97 629
0 3 0.97 630
0 3 0.97 631
0 3 0.97 632
0 3 0.97 633
0 3 0.97 634
0 3 0.97 635
0 3 0.97 636
0 3 0.97 637
0 3 0.97 638
0 3 0.