6 6 6.00 1
2 6 4.00 2
2 6 4.00 3
2 6 3.75 4
2 6 3.40 5
2 6 3.33 6
2 6 3.29 7
2 6 3.38 8
2 6 3.33 9
2 6 3.40 10
2 6 3.27 11
2 6 3.25 12
2 6 3.31 13
2 6 3.36 14
2 6 3.40 15
2 6 3.38 16
2 6 3.35 17
2 6 3.39 18
2 6 3.37 19
2 6 3.40 20
2 6 3.38 21
2 6 3.36 22
2 6 3.39 23
2 6 3.38 24
2 6 3.40 25
2 6 3.42 26
2 6 3.41 27
2 6 3.36 28
2 6 3.38 29
2 6 3.40 30
2 6 3.39 31
2 6 3.38 32
2 6 3.39 33
2 6 3.38 34
2 6 3.40 35
2 6 3.42 36
2 6 3.43 37
2 6 3.39 38
2 6 3.38 39
2 6 3.40 40
2 6 3.41 41
2 6 3.40 42
2 6 3.42 43
2 6 3.43 44
2 6 3.42 45
2 6 3.43 46
2 6 3.43 47
2 6 3.44 48
2 6 3.43 49
2 6 3.44 50
2 6 3.43 51
2 6 3.42 52
2 6 3.43 53
2 6 3.44 54
2 6 3.44 55
2 6 3.43 56
2 6 3.40 57
2 6 3.41 58
2 6 3.41 59
2 6 3.38 60
2 6 3.39 61
2 6 3.39 62
2 6 3.40 63
2 6 3.38 64
2 6 3.35 65
2 6 3.36 66
2 6 3.36 67
2 6 3.37 68
2 6 3.38 69
2 6 3.39 70
2 6 3.38 71
2 6 3.39 72
2 6 3.41 73
2 6 3.42 74
2 6 3.43 75
2 6 3.42 76
2 6 3.42 77
2 6 3.41 78
2 6 3.39 79
2 6 3.40 80
2 6 3.41 81
2 6 3.41 82
2 6 3.41 83
2 6 3.42 84
2 6 3.40 85
2 6 3.41 86
2 6 3.40 87
2 6 3.40 88
2 6 3.39 89
2 6 3.39 90
2 6 3.38 91
2 6 3.39 92
2 6 3.39 93
2 6 3.38 94
2 6 3.38 95
2 6 3.38 96
2 6 3.37 97
2 9 3.43 98
2 9 3.44 99
2 9 3.45 100
2 9 3.47 101
2 9 3.46 102
2 9 3.45 103
2 9 3.45 104
2 9 3.46 105
2 9 3.46 106
2 9 3.46 107
2 9 3.44 108
2 9 3.45 109
2 9 3.45 110
2 9 3.45 111
2 9 3.45 112
2 9 3.44 113
2 9 3.45 114
2 9 3.44 115
2 9 3.45 116
2 9 3.44 117
2 9 3.44 118
2 9 3.44 119
2 9 3.43 120
2 9 3.45 121
2 9 3.45 122
2 9 3.44 123
2 9 3.44 124
2 9 3.45 125
2 9 3.44 126
2 9 3.45 127
2 9 3.45 128
2 9 3.45 129
2 9 3.45 130
2 9 3.44 131
2 9 3.44 132
2 9 3.43 133
2 9 3.42 134
2 9 3.41 135
2 9 3.42 136
2 9 3.42 137
2 9 3.42 138
2 9 3.42 139
2 9 3.41 140
2 9 3.40 141
2 9 3.41 142
2 9 3.41 143
2 9 3.41 144
2 9 3.41 145
2 9 3.41 146
2 9 3.41 147
2 9 3.42 148
2 9 3.42 149
2 9 3.42 150
2 9 3.42 151
2 9 3.42 152
2 9 3.42 153
2 9 3.41 154
2 9 3.41 155
2 9 3.41 156
2 9 3.41 157
2 9 3.42 158
2 9 3.42 159
2 9 3.42 160
2 9 3.42 161
2 9 3.43 162
2 9 3.42 163
2 9 3.41 164
2 9 3.42 165
2 9 3.42 166
2 9 3.41 167
2 9 3.40 168
2 9 3.40 169
2 9 3.39 170
2 9 3.39 171
2 9 3.40 172
2 9 3.40 173
2 9 3.40 174
2 9 3.40 175
2 9 3.39 176
2 9 3.38 177
2 9 3.39 178
2 9 3.39 179
2 9 3.38 180
2 9 3.39 181
2 9 3.38 182
2 9 3.39 183
2 9 3.39 184
2 9 3.39 185
2 9 3.39 186
2 9 3.40 187
2 9 3.40 188
2 9 3.39 189
2 9 3.39 190
2 9 3.39 191
2 9 3.40 192
2 9 3.40 193
2 9 3.40 194
2 9 3.39 195
2 9 3.39 196
2 9 3.39 197
2 9 3.38 198
2 9 3.38 199
2 9 3.38 200
2 9 3.37 201
2 9 3.38 202
2 9 3.37 203
2 9 3.37 204
2 9 3.37 205
2 9 3.37 206
2 9 3.37 207
2 9 3.38 208
2 9 3.37 209
2 9 3.37 210
2 9 3.37 211
2 9 3.37 212
2 9 3.38 213
2 9 3.37 214
2 9 3.38 215
2 9 3.38 216
2 9 3.38 217
2 9 3.38 218
2 9 3.37 219
2 9 3.38 220
2 9 3.38 221
2 9 3.38 222
2 9 3.38 223
2 9 3.38 224
2 9 3.38 225
2 9 3.38 226
2 9 3.37 227
2 9 3.36 228
2 9 3.37 229
2 9 3.37 230
2 9 3.37 231
2 9 3.38 232
2 9 3.37 233
2 9 3.38 234
2 9 3.38 235
2 9 3.38 236
2 9 3.38 237
2 9 3.37 238
2 9 3.37 239
2 9 3.38 240
2 9 3.38 241
2 9 3.38 242
2 9 3.38 243
2 9 3.37 244
2 9 3.38 245
2 9 3.37 246
2 9 3.37 247
2 9 3.37 248
2 9 3.37 249
2 9 3.38 250
2 9 3.37 251
2 9 3.38 252
2 9 3.38 253
2 9 3.38 254
2 9 3.38 255
2 9 3.38 256
2 9 3.38 257
2 9 3.38 258
2 9 3.38 259
2 9 3.38 260
2 9 3.39 261
2 9 3.39 262
2 9 3.38 263
2 9 3.39 264
2 9 3.39 265
2 9 3.38 266
0 9 3.37 267
0 9 3.37 268
0 9 3.38 269
0 9 3.38 270
0 9 3.38 271
0 9 3.38 272
0 9 3.38 273
0 9 3.37 274
0 9 3.37 275
0 9 3.38 276
0 9 3.37 277
0 9 3.37 278
0 9 3.38 279
0 9 3.38 280
0 9 3.38 281
0 9 3.38 282
0 9 3.37 283
0 9 3.38 284
0 9 3.38 285
0 9 3.37 286
0 9 3.37 287
0 9 3.38 288
0 9 3.38 289
0 9 3.38 290
0 9 3.37 291
0 9 3.37 292
0 9 3.38 293
0 9 3.38 294
0 9 3.38 295
0 9 3.38 296
0 9 3.38 297
0 9 3.38 298
0 9 3.38 299
0 9 3.37 300
0 9 3.37 301
0 9 3.37 302
0 9 3.37 303
0 9 3.37 304
0 9 3.37 305
0 9 3.37 306
0 9 3.36 307
0 9 3.37 308
0 9 3.37 309
0 9 3.37 310
0 9 3.37 311
0 9 3.37 312
0 9 3.37 313
0 9 3.37 314
0 9 3.37 315
0 9 3.37 316
0 9 3.37 317
0 9 3.37 318
0 9 3.38 319
0 9 3.38 320
0 9 3.38 321
0 9 3.38 322
0 9 3.38 323
0 9 3.38 324
0 9 3.38 325
0 9 3.38 326
0 9 3.38 327
0 9 3.38 328
0 9 3.38 329
0 9 3.38 330
0 9 3.38 331
0 9 3.38 332
0 9 3.38 333
0 9 3.39 334
0 9 3.39 335
0 9 3.39 336
0 9 3.39 337
0 9 3.39 338
0 9 3.39 339
0 9 3.39 340
0 9 3.38 341
0 9 3.39 342
0 9 3.38 343
0 9 3.38 344
0 9 3.38 345
0 9 3.38 346
0 9 3.38 347
0 9 3.38 348
0 9 3.38 349
0 9 3.38 350
0 9 3.38 351
0 9 3.38 352
0 9 3.38 353
0 9 3.37 354
0 9 3.37 355
0 9 3.38 356
0 9 3.38 357
0 9 3.38 358
0 9 3.38 359
0 9 3.38 360
0 9 3.37 361
0 9 3.37 362
0 9 3.37 363
0 9 3.37 364
0 9 3.37 365
0 9 3.37 366
0 9 3.37 367
0 9 3.37 368
0 9 3.37 369
0 9 3.37 370
0 9 3.37 371
0 9 3.37 372
0 9 3.36 373
0 9 3.36 374
0 9 3.37 375
0 9 3.37 376
0 9 3.37 377
0 9 3.37 378
0 9 3.36 379
0 9 3.36 380
0 9 3.37 381
0 9 3.37 382
0 9 3.37 383
0 9 3.37 384
0 9 3.37 385
0 9 3.37 386
0 9 3.36 387
0 9 3.36 388
0 9 3.36 389
0 9 3.36 390
0 9 3.36 391
0 9 3.36 392
0 9 3.36 393
0 9 3.36 394
0 9 3.36 395
0 9 3.36 396
0 9 3.36 397
0 9 3.36 398
0 9 3.36 399
0 9 3.36 400
0 9 3.36 401
0 9 3.36 402
0 9 3.36 403
0 9 3.36 404
0 9 3.36 405
0 9 3.36 406
0 9 3.36 407
0 9 3.36 408
0 9 3.36 409
0 9 3.36 410
0 9 3.36 411
0 9 3.36 412
0 9 3.36 413
0 9 3.36 414
0 9 3.35 415
0 9 3.35 416
0 9 3.35 417
0 9 3.35 418
0 9 3.35 419
0 9 3.35 420
0 9 3.35 421
0 9 3.35 422
0 9 3.35 423
0 9 3.34 424
0 9 3.34 425
0 9 3.34 426
0 9 3.34 427
0 9 3.34 428
0 9 3.34 429
0 9 3.33 430
0 9 3.33 431
0 9 3.33 432
0 9 3.33 433
0 9 3.32 434
0 9 3.33 435
0 9 3.32 436
0 9 3.32 437
0 9 3.32 438
0 9 3.32 439
0 9 3.31 440
0 9 3.31 441
0 9 3.31 442
0 9 3.31 443
0 9 3.31 444
0 9 3.31 445
0 9 3.31 446
0 9 3.31 447
0 9 3.31 448
0 9 3.31 449
0 9 3.31 450
0 9 3.31 451
0 9 3.31 452
0 9 3.31 453
0 9 3.31 454
0 9 3.31 455
0 9 3.31 456
0 9 3.30 457
0 9 3.30 458
0 9 3.30 459
0 9 3.30 460
0 9 3.30 461
0 9 3.30 462
0 9 3.30 463
0 9 3.30 464
0 9 3.30 465
0 9 3.30 466
0 9 3.30 467
0 9 3.30 468
0 9 3.30 469
0 9 3.29 470
0 9 3.29 471
0 9 3.29 472
0 9 3.30 473
0 9 3.30 474
0 9 3.30 475
0 9 3.30 476
0 9 3.30 477
0 9 3.30 478
0 9 3.30 479
0 9 3.30 480
0 9 3.30 481
0 9 3.30 482
0 9 3.30 483
0 9 3.30 484
0 9 3.30 485
0 9 3.30 486
0 9 3.30 487
0 9 3.30 488
0 9 3.30 489
0 9 3.30 490
0 9 3.30 491
0 9 3.30 492
0 9 3.30 493
0 9 3.30 494
0 9 3.29 495
0 9 3.29 496
0 9 3.29 497
0 9 3.29 498
0 9 3.29 499
0 9 3.29 500
0 9 3.28 501
0 9 3.28 502
0 9 3.28 503
0 9 3.28 504
0 9 3.28 505
0 9 3.28 506
0 9 3.27 507
0 9 3.27 508
0 9 3.28 509
0 9 3.28 510
0 9 3.28 511
0 9 3.28 512
0 9 3.27 513
0 9 3.27 514
0 9 3.27 515
0 9 3.27 516
0 9 3.26 517
0 9 3.27 518
0 9 3.27 519
0 9 3.27 520
0 9 3.26 521
0 9 3.26 522
0 9 3.26 523
0 9 3.26 524
0 9 3.26 525
0 9 3.26 526
0 9 3.25 527
0 9 3.25 528
0 9 3.26 529
0 9 3.26 530
0 9 3.25 531
0 9 3.25 532
0 9 3.25 533
0 9 3.25 534
0 9 3.25 535
0 9 3.25 536
0 9 3.25 537
0 9 3.25 538
0 9 3.25 539
0 9 3.25 540
0 9 3.25 541
0 9 3.24 542
0 9 3.24 543
0 9 3.24 544
0 9 3.24 545
0 9 3.24 546
0 9 3.24 547
0 9 3.24 548
0 9 3.24 549
0 9 3.24 550
0 9 3.24 551
0 9 3.24 552
0 9 3.24 553
0 9 3.24 554
0 9 3.24 555
0 9 3.24 556
0 9 3.24 557
0 9 3.24 558
0 9 3.24 559
0 9 3.24 560
0 9 3.24 561
0 9 3.24 562
0 9 3.24 563
0 9 3.24 564
0 9 3.24 565
0 9 3.23 566
0 9 3.23 567
0 9 3.24 568
0 9 3.24 569
0 9 3.24 570
0 9 3.24 571
0 9 3.24 572
0 9 3.24 573
0 9 3.24 574
0 9 3.24 575
0 9 3.24 576
0 9 3.24 577
0 9 3.24 578
0 9 3.24 579
0 9 3.24 580
0 9 3.24 581
0 9 3.24 582
0 9 3.24 583
0 9 3.24 584
0 9 3.23 585
0 9 3.23 586
0 9 3.23 587
0 9 3.23 588
0 9 3.23 589
0 9 3.23 590
0 9 3.23 591
0 9 3.23 592
0 9 3.23 593
0 9 3.23 594
0 9 3.23 595
0 9 3.23 596
0 9 3.23 597
0 9 3.23 598
0 9 3.23 599
0 9 3.23 600
0 9 3.23 601
0 9 3.23 602
0 9 3.23 603
0 9 3.22 604
0 9 3.22 605
0 9 3.23 606
0 9 3.22 607
0 9 3.22 608
0 9 3.22 609
0 9 3.23 610
0 9 3.23 611
0 9 3.23 612
0 9 3.23 613
0 9 3.23 614
0 9 3.23 615
0 9 3.23 616
0 9 3.23 617
0 9 3.23 618
0 9 3.23 619
0 9 3.22 620
0 9 3.23 621
0 9 3.23 622
0 9 3.22 623
0 9 3.22 624
0 9 3.22 625
0 9 3.22 626
0 9 3.22 627
0 9 3.22 628
0 9 3.22 629
0 9 3.22 630
0 9 3.22 631
0 9 3.22 632
0 9 3.22 633
0 9 3.22 634
0 9 3.22 635
0 9 3.22 636
0 9 3.22 637
0 9 3.22 638
0 9 3.