6 6 6.00 1
4 6 5.00 2
3 6 4.33 3
2 6 3.75 4
2 6 3.60 5
2 6 3.67 6
2 6 3.57 7
2 6 3.50 8
2 6 3.44 9
2 6 3.50 10
2 6 3.45 11
2 6 3.42 12
2 6 3.38 13
2 6 3.36 14
2 6 3.40 15
2 6 3.31 16
2 6 3.29 17
2 6 3.28 18
2 6 3.26 19
2 6 3.30 20
2 6 3.29 21
2 6 3.32 22
2 6 3.30 23
2 6 3.29 24
2 6 3.24 25
2 6 3.27 26
2 6 3.30 27
2 6 3.29 28
2 6 3.28 29
2 6 3.30 30
2 6 3.29 31
2 6 3.31 32
2 6 3.30 33
2 6 3.26 34
2 6 3.26 35
2 6 3.25 36
2 6 3.27 37
2 6 3.29 38
2 6 3.31 39
2 6 3.27 40
2 6 3.29 41
2 6 3.26 42
2 6 3.28 43
2 6 3.30 44
2 6 3.31 45
2 6 3.30 46
2 6 3.30 47
2 6 3.29 48
2 6 3.31 49
2 6 3.34 50
2 6 3.35 51
2 6 3.35 52
2 6 3.38 53
2 6 3.37 54
2 10 3.49 55
1 10 3.45 56
1 10 3.40 57
1 10 3.38 58
1 10 3.34 59
0 10 3.28 60
0 10 3.23 61
0 10 3.19 62
0 10 3.16 63
0 10 3.14 64
0 10 3.09 65
0 10 3.06 66
0 10 3.01 67
0 10 3.04 68
0 10 3.00 69
0 10 2.97 70
0 10 2.94 71
0 10 2.92 72
0 10 2.89 73
0 10 2.86 74
0 10 2.83 75
0 10 2.79 76
0 10 2.75 77
0 10 2.74 78
0 10 2.72 79
0 10 2.69 80
0 10 2.67 81
0 10 2.65 82
0 10 2.61 83
0 10 2.58 84
0 10 2.55 85
0 10 2.53 86
0 10 2.53 87
0 10 2.51 88
0 10 2.49 89
0 10 2.48 90
0 10 2.45 91
0 10 2.48 92
0 10 2.45 93
0 10 2.43 94
0 10 2.41 95
0 10 2.41 96
0 10 2.39 97
0 10 2.38 98
0 10 2.35 99
0 10 2.38 100
0 10 2.37 101
0 10 2.35 102
0 10 2.35 103
0 10 2.34 104
0 10 2.32 105
0 10 2.31 106
0 10 2.29 107
0 10 2.27 108
0 10 2.25 109
0 10 2.23 110
0 10 2.22 111
0 10 2.21 112
0 10 2.20 113
0 10 2.18 114
0 10 2.17 115
0 10 2.16 116
0 10 2.15 117
0 10 2.19 118
0 10 2.18 119
0 10 2.20 120
0 10 2.18 121
0 10 2.18 122
0 10 2.17 123
0 10 2.16 124
0 10 2.14 125
0 10 2.13 126
0 10 2.12 127
0 10 2.10 128
0 10 2.10 129
0 10 2.08 130
0 10 2.08 131
0 10 2.09 132
0 10 2.08 133
0 10 2.07 134
0 10 2.06 135
0 10 2.05 136
0 10 2.04 137
0 10 2.02 138
0 10 2.04 139
0 10 2.03 140
0 10 2.04 141
0 10 2.03 142
0 10 2.04 143
0 10 2.05 144
0 10 2.06 145
0 10 2.06 146
0 10 2.09 147
0 10 2.07 148
0 10 2.07 149
0 10 2.05 150
0 10 2.05 151
0 10 2.03 152
0 10 2.03 153
0 10 2.02 154
0 10 2.01 155
0 10 2.00 156
0 10 2.03 157
0 10 2.02 158
0 10 2.01 159
0 10 2.00 160
0 10 1.99 161
0 10 1.98 162
0 10 1.97 163
0 10 1.96 164
0 10 1.98 165
0 10 1.99 166
0 10 1.98 167
0 10 1.97 168
0 10 1.98 169
0 10 1.96 170
0 10 1.96 171
0 10 1.95 172
0 10 1.95 173
0 10 1.94 174
0 10 1.93 175
0 10 1.91 176
0 10 1.90 177
0 10 1.89 178
0 10 1.88 179
0 10 1.88 180
0 10 1.89 181
0 10 1.88 182
0 10 1.87 183
0 10 1.87 184
0 10 1.86 185
0 10 1.86 186
0 10 1.85 187
0 10 1.84 188
0 10 1.84 189
0 10 1.83 190
0 10 1.82 191
0 10 1.81 192
0 10 1.81 193
0 10 1.80 194
0 10 1.79 195
0 10 1.79 196
0 10 1.78 197
0 10 1.77 198
0 10 1.76 199
0 10 1.76 200
0 10 1.75 201
0 10 1.77 202
0 10 1.76 203
0 10 1.76 204
0 10 1.75 205
0 10 1.74 206
0 10 1.73 207
0 10 1.73 208
0 10 1.72 209
0 10 1.71 210
0 10 1.71 211
0 10 1.70 212
0 10 1.71 213
0 10 1.71 214
0 10 1.71 215
0 10 1.70 216
0 10 1.70 217
0 10 1.69 218
0 10 1.68 219
0 10 1.69 220
0 10 1.70 221
0 10 1.69 222
0 10 1.69 223
0 10 1.68 224
0 10 1.68 225
0 10 1.67 226
0 10 1.66 227
0 10 1.65 228
0 10 1.65 229
0 10 1.65 230
0 10 1.65 231
0 10 1.64 232
0 10 1.64 233
0 10 1.63 234
0 10 1.64 235
0 10 1.63 236
0 10 1.63 237
0 10 1.62 238
0 10 1.62 239
0 10 1.62 240
0 10 1.61 241
0 10 1.60 242
0 10 1.60 243
0 10 1.59 244
0 10 1.58 245
0 10 1.58 246
0 10 1.59 247
0 10 1.59 248
0 10 1.58 249
0 10 1.59 250
0 10 1.59 251
0 10 1.58 252
0 10 1.58 253
0 10 1.57 254
0 10 1.56 255
0 10 1.56 256
0 10 1.55 257
0 10 1.56 258
0 10 1.56 259
0 10 1.56 260
0 10 1.55 261
0 10 1.55 262
0 10 1.54 263
0 10 1.55 264
0 10 1.55 265
0 10 1.55 266
0 10 1.54 267
0 10 1.54 268
0 10 1.54 269
0 10 1.53 270
0 10 1.52 271
0 10 1.53 272
0 10 1.52 273
0 10 1.52 274
0 10 1.52 275
0 10 1.53 276
0 10 1.53 277
0 10 1.53 278
0 10 1.52 279
0 10 1.52 280
0 10 1.52 281
0 10 1.52 282
0 10 1.52 283
0 10 1.52 284
0 10 1.51 285
0 10 1.51 286
0 10 1.51 287
0 10 1.50 288
0 10 1.49 289
0 10 1.50 290
0 10 1.50 291
0 10 1.50 292
0 10 1.49 293
0 10 1.49 294
0 10 1.48 295
0 10 1.48 296
0 10 1.47 297
0 10 1.47 298
0 10 1.46 299
0 10 1.46 300
0 10 1.46 301
0 10 1.45 302
0 10 1.45 303
0 10 1.45 304
0 10 1.44 305
0 10 1.44 306
0 10 1.44 307
0 10 1.44 308
0 10 1.43 309
0 10 1.43 310
0 10 1.43 311
0 10 1.43 312
0 10 1.42 313
0 19 1.48 314
0 19 1.49 315
0 19 1.48 316
0 19 1.48 317
0 19 1.48 318
0 19 1.49 319
0 19 1.48 320
0 19 1.49 321
0 19 1.48 322
0 19 1.48 323
0 19 1.49 324
0 19 1.50 325
0 19 1.50 326
0 19 1.50 327
0 19 1.50 328
0 19 1.50 329
0 19 1.49 330
0 19 1.50 331
0 19 1.50 332
0 19 1.50 333
0 19 1.49 334
0 19 1.49 335
0 19 1.49 336
0 19 1.48 337
0 19 1.48 338
0 19 1.48 339
0 19 1.48 340
0 19 1.48 341
0 19 1.47 342
0 19 1.47 343
0 19 1.47 344
0 19 1.46 345
0 19 1.46 346
0 19 1.46 347
0 19 1.46 348
0 19 1.46 349
0 19 1.45 350
0 19 1.45 351
0 19 1.45 352
0 19 1.44 353
0 19 1.44 354
0 19 1.45 355
0 19 1.46 356
0 19 1.46 357
0 19 1.47 358
0 19 1.47 359
0 19 1.47 360
0 19 1.46 361
0 19 1.47 362
0 19 1.47 363
0 19 1.47 364
0 19 1.47 365
0 19 1.47 366
0 19 1.47 367
0 19 1.47 368
0 19 1.47 369
0 19 1.46 370
0 19 1.46 371
0 19 1.46 372
0 19 1.46 373
0 19 1.46 374
0 19 1.46 375
0 19 1.45 376
0 19 1.45 377
0 19 1.44 378
0 19 1.44 379
0 19 1.44 380
0 19 1.44 381
0 19 1.43 382
0 19 1.43 383
0 19 1.43 384
0 19 1.43 385
0 19 1.43 386
0 19 1.43 387
0 19 1.42 388
0 19 1.42 389
0 19 1.42 390
0 19 1.43 391
0 19 1.44 392
0 19 1.44 393
0 19 1.44 394
0 19 1.43 395
0 19 1.43 396
0 19 1.43 397
0 19 1.42 398
0 19 1.42 399
0 19 1.42 400
0 19 1.41 401
0 19 1.41 402
0 19 1.41 403
0 19 1.40 404
0 19 1.40 405
0 19 1.40 406
0 19 1.40 407
0 19 1.39 408
0 19 1.39 409
0 19 1.39 410
0 19 1.38 411
0 19 1.39 412
0 19 1.39 413
0 19 1.39 414
0 19 1.39 415
0 19 1.38 416
0 19 1.38 417
0 19 1.38 418
0 19 1.38 419
0 19 1.38 420
0 19 1.37 421
0 19 1.37 422
0 19 1.37 423
0 19 1.37 424
0 19 1.36 425
0 19 1.38 426
0 19 1.38 427
0 19 1.39 428
0 19 1.39 429
0 19 1.39 430
0 19 1.39 431
0 19 1.38 432
0 19 1.38 433
0 19 1.38 434
0 19 1.38 435
0 19 1.38 436
0 19 1.38 437
0 19 1.38 438
0 19 1.38 439
0 19 1.38 440
0 19 1.38 441
0 19 1.38 442
0 19 1.37 443
0 19 1.37 444
0 19 1.37 445
0 19 1.37 446
0 19 1.37 447
0 19 1.36 448
0 19 1.36 449
0 19 1.36 450
0 19 1.36 451
0 19 1.35 452
0 19 1.36 453
0 19 1.35 454
0 19 1.35 455
0 19 1.36 456
0 19 1.36 457
0 19 1.37 458
0 19 1.36 459
0 19 1.36 460
0 19 1.36 461
0 19 1.36 462
0 19 1.35 463
0 19 1.35 464
0 19 1.35 465
0 19 1.35 466
0 19 1.35 467
0 19 1.34 468
0 19 1.34 469
0 19 1.34 470
0 19 1.34 471
0 19 1.34 472
0 19 1.34 473
0 19 1.33 474
0 19 1.33 475
0 19 1.33 476
0 19 1.32 477
0 19 1.33 478
0 19 1.33 479
0 19 1.32 480
0 19 1.32 481
0 19 1.32 482
0 19 1.32 483
0 19 1.31 484
0 19 1.31 485
0 19 1.31 486
0 19 1.31 487
0 19 1.30 488
0 19 1.30 489
0 19 1.30 490
0 19 1.30 491
0 19 1.30 492
0 19 1.30 493
0 19 1.29 494
0 19 1.29 495
0 19 1.29 496
0 19 1.29 497
0 19 1.29 498
0 19 1.28 499
0 19 1.28 500
0 19 1.28 501
0 19 1.28 502
0 19 1.27 503
0 19 1.27 504
0 19 1.27 505
0 19 1.27 506
0 19 1.27 507
0 19 1.27 508
0 19 1.27 509
0 19 1.26 510
0 19 1.27 511
0 19 1.27 512
0 19 1.27 513
0 19 1.27 514
0 19 1.27 515
0 19 1.27 516
0 19 1.27 517
0 19 1.26 518
0 19 1.26 519
0 19 1.26 520
0 19 1.26 521
0 19 1.26 522
0 19 1.26 523
0 19 1.26 524
0 19 1.26 525
0 19 1.25 526
0 19 1.25 527
0 19 1.25 528
0 19 1.25 529
0 19 1.25 530
0 19 1.25 531
0 19 1.25 532
0 19 1.26 533
0 19 1.25 534
0 19 1.25 535
0 19 1.25 536
0 19 1.25 537
0 19 1.25 538
0 19 1.24 539
0 19 1.24 540
0 19 1.25 541
0 19 1.25 542
0 19 1.24 543
0 19 1.24 544
0 19 1.25 545
0 19 1.25 546
0 19 1.25 547
0 19 1.24 548
0 19 1.24 549
0 19 1.24 550
0 19 1.24 551
0 19 1.24 552
0 19 1.24 553
0 19 1.24 554
0 19 1.24 555
0 19 1.24 556
0 19 1.24 557
0 19 1.24 558
0 19 1.24 559
0 19 1.24 560
0 19 1.24 561
0 19 1.24 562
0 19 1.24 563
0 19 1.23 564
0 19 1.23 565
0 19 1.23 566
0 19 1.23 567
0 19 1.23 568
0 19 1.23 569
0 19 1.23 570
0 19 1.23 571
0 19 1.23 572
0 19 1.23 573
0 19 1.22 574
0 19 1.22 575
0 19 1.22 576
0 19 1.22 577
0 19 1.22 578
0 19 1.22 579
0 19 1.22 580
0 19 1.21 581
0 19 1.21 582
0 19 1.21 583
0 19 1.21 584
0 19 1.21 585
0 19 1.21 586
0 19 1.21 587
0 19 1.21 588
0 19 1.21 589
0 19 1.20 590
0 19 1.20 591
0 19 1.20 592
0 19 1.20 593
0 19 1.20 594
0 19 1.20 595
0 19 1.20 596
0 19 1.19 597
0 19 1.19 598
0 19 1.19 599
0 19 1.19 600
0 19 1.19 601
0 19 1.19 602
0 19 1.19 603
0 19 1.19 604
0 19 1.19 605
0 19 1.19 606
0 19 1.19 607
0 19 1.19 608
0 19 1.20 609
0 19 1.20 610
0 19 1.21 611
0 19 1.20 612
0 19 1.21 613
0 19 1.21 614
0 19 1.21 615
0 19 1.22 616
0 19 1.21 617
0 19 1.21 618
0 19 1.21 619
0 19 1.21 620
0 19 1.21 621
0 19 1.21 622
0 19 1.21 623
0 19 1.21 624
0 19 1.21 625
0 19 1.21 626
0 19 1.20 627
0 19 1.20 628
0 19 1.20 629
0 19 1.20 630
0 19 1.20 631
0 19 1.20 632
0 19 1.20 633
0 19 1.20 634
0 19 1.19 635
0 19 1.19 636
0 19 1.19 637
0 19 1.19 638
0 19 1.19 639
0 19 1.19 640
0 19 1.19 641
0 19 1.19 642
0 19 1.19 643
0 19 1.18 644
0 19 1.19 645
0 19 1.19 646
0 19 1.20 647
0 19 1.20 648
0 19 1.20 649
0 19 1.19 650
0 19 1.19 651
0 19 1.19 652
0 19 1.19 653
0 19 1.19 654
0 19 1.19 655
0 19 1.18 656
0 19 1.18 657
0 19 1.18 658
0 19 1.18 659
0 19 1.18 660
0 19 1.18 661
0 19 1.18 662
0 19 1.18 663
0 19 1.18 664
0 19 1.18 665
0 19 1.18 666
0 19 1.18 667
0 19 1.17 668
0 19 1.17 669
0 19 1.17 670
0 19 1.18 671
0 19 1.17 672
0 19 1.17 673
0 19 1.17 674
0 19 1.17 675
0 19 1.17 676
0 19 1.17 677
0 19 1.17 678
0 19 1.17 679
0 19 1.17 680
0 19 1.16 681
0 19 1.16 682
0 19 1.17 683
0 19 1.17 684
0 19 1.18 685
0 19 1.18 686
0 19 1.18 687
0 19 1.18 688
0 19 1.18 689
0 19 1.18 690
0 19 1.17 691
0 19 1.17 692
0 19 1.17 693
0 19 1.17 694
0 19 1.17 695
0 19 1.17 696
0 19 1.17 697
0 19 1.16 698
0 19 1.16 699
0 19 1.16 700
0 19 1.16 701
0 19 1.16 702
0 19 1.16 703
0 19 1.16 704
0 19 1.16 705
0 19 1.16 706
0 19 1.16 707
0 19 1.16 708
0 19 1.16 709
0 19 1.15 710
0 19 1.15 711
0 19 1.15 712
0 19 1.15 713
0 19 1.15 714
0 19 1.15 715
0 19 1.15 716
0 19 1.15 717
0 19 1.15 718
0 19 1.16 719
0 19 1.16 720
0 19 1.16 721
0 19 1.16 722
0 19 1.16 723
0 19 1.17 724
0 19 1.16 725
0 19 1.17 726
0 19 1.17 727
0 19 1.17 728
0 19 1.16 729
0 19 1.17 730
0 19 1.17 731
0 19 1.17 732
0 19 1.17 733
0 19 1.17 734
0 19 1.17 735
0 19 1.17 736
0 19 1.17 737
0 19 1.17 738
0 19 1.16 739
0 19 1.16 740
0 19 1.16 741
0 19 1.16 742
0 19 1.16 743
0 19 1.16 744
0 19 1.16 745
0 19 1.16 746
0 19 1.16 747
0 19 1.16 748
0 19 1.16 749
0 19 1.16 750
0 19 1.16 751
0 19 1.15 752
0 19 1.15 753
0 19 1.15 754
0 19 1.15 755
0 19 1.15 756
0 19 1.15 757
0 19 1.15 758
0 19 1.15 759
0 19 1.15 760
0 19 1.15 761
0 19 1.15 762
0 19 1.15 763
0 19 1.15 764
0 19 1.15 765
0 19 1.15 766
0 19 1.15 767
0 19 1.15 768
0 19 1.15 769
0 19 1.15 770
0 19 1.15 771
0 19 1.15 772
0 19 1.15 773
0 19 1.15 774
0 19 1.15 775
0 19 1.15 776
0 19 1.15 777
0 19 1.15 778
0 19 1.14 779
0 19 1.14 780
0 19 1.14 781
0 19 1.14 782
0 19 1.14 783
0 19 1.14 784
0 19 1.14 785
0 19 1.14 786
0 19 1.13 787
0 19 1.13 788
0 19 1.13 789
0 19 1.14 790
0 19 1.14 791
0 19 1.14 792
0 19 1.13 793
0 19 1.13 794
0 19 1.13 795
0 19 1.13 796
0 19 1.13 797
0 19 1.13 798
0 19 1.13 799
0 19 1.13 800
0 19 1.13 801
0 19 1.13 802
0 19 1.12 803
0 19 1.12 804
0 19 1.12 805
0 19 1.12 806
0 19 1.12 807
0 19 1.12 808
0 19 1.12 809
0 19 1.12 810
0 19 1.12 811
0 19 1.12 812
0 19 1.12 813
0 19 1.12 814
0 19 1.12 815
0 19 1.11 816
0 19 1.11 817
0 19 1.11 818
0 19 1.11 819
0 19 1.11 820
0 19 1.11 821
0 19 1.11 822
0 19 1.11 823
0 19 1.12 824
0 19 1.12 825
0 19 1.12 826
0 19 1.12 827
0 19 1.12 828
0 19 1.12 829
0 19 1.12 830
0 19 1.12 831
0 19 1.12 832
0 19 1.12 833
0 19 1.11 834
0 19 1.11 835
0 19 1.11 836
0 19 1.11 837
0 19 1.11 838
0 19 1.11 839
0 19 1.11 840
0 19 1.11 841
0 19 1.11 842
0 19 1.11 843
0 19 1.10 844
0 19 1.10 845
0 19 1.10 846
0 19 1.10 847
0 19 1.10 848
0 19 1.10 849
0 19 1.10 850
0 19 1.10 851
0 19 1.10 852
0 19 1.10 853
0 19 1.10 854
0 19 1.10 855
0 19 1.10 856
0 19 1.09 857
0 19 1.09 858
0 19 1.09 859
0 19 1.09 860
0 19 1.09 861
0 19 1.10 862
0 19 1.10 863
0 19 1.09 864
0 19 1.09 865
0 19 1.09 866
0 19 1.09 867
0 19 1.09 868
0 19 1.09 869
0 19 1.09 870
0 19 1.09 871
0 19 1.10 872
0 19 1.10 873
0 19 1.10 874
0 19 1.10 875
0 19 1.10 876
0 19 1.10 877
0 19 1.10 878
0 19 1.10 879
0 19 1.10 880
0 19 1.10 881
0 19 1.10 882
0 19 1.10 883
0 19 1.10 884
0 19 1.10 885
0 19 1.10 886
0 19 1.09 887
0 19 1.09 888
0 19 1.09 889
0 19