8 8 8.00 1
4 8 6.00 2
4 8 5.67 3
4 8 5.50 4
4 8 5.40 5
4 8 5.17 6
3 8 4.86 7
3 8 4.75 8
3 8 4.78 9
3 8 4.70 10
3 8 4.64 11
3 8 4.50 12
3 8 4.38 13
3 8 4.29 14
3 8 4.27 15
3 8 4.25 16
3 8 4.24 17
3 8 4.17 18
3 8 4.16 19
3 8 4.15 20
3 8 4.14 21
3 8 4.18 22
3 8 4.22 23
3 8 4.21 24
3 8 4.16 25
3 8 4.15 26
3 8 4.15 27
3 8 4.11 28
3 8 4.10 29
3 8 4.10 30
3 8 4.10 31
3 8 4.09 32
3 8 4.09 33
3 8 4.06 34
3 8 4.06 35
3 8 4.06 36
3 8 4.05 37
3 8 4.03 38
3 8 4.05 39
3 8 4.05 40
3 8 4.05 41
3 8 4.05 42
3 8 4.05 43
3 8 4.05 44
3 8 4.09 45
3 8 4.11 46
3 8 4.13 47
3 8 4.15 48
3 8 4.16 49
3 8 4.18 50
3 8 4.18 51
3 8 4.17 52
3 8 4.17 53
3 8 4.19 54
3 8 4.22 55
3 8 4.23 56
3 8 4.25 57
3 8 4.24 58
3 8 4.24 59
3 8 4.23 60
3 8 4.23 61
3 8 4.24 62
3 8 4.24 63
2 8 4.20 64
2 8 4.18 65
2 8 4.18 66
2 8 4.18 67
2 8 4.18 68
2 8 4.17 69
2 8 4.17 70
2 8 4.15 71
2 8 4.14 72
2 8 4.15 73
2 8 4.16 74
2 8 4.17 75
2 8 4.17 76
2 8 4.16 77
2 8 4.14 78
2 8 4.13 79
2 8 4.12 80
2 8 4.12 81
2 8 4.15 82
2 8 4.16 83
2 8 4.14 84
2 8 4.14 85
2 8 4.14 86
2 8 4.14 87
2 8 4.15 88
2 8 4.15 89
2 8 4.16 90
2 8 4.15 91
2 8 4.15 92
2 8 4.16 93
2 8 4.16 94
2 8 4.17 95
2 8 4.17 96
2 8 4.16 97
2 8 4.16 98
2 8 4.15 99
2 8 4.16 100
2 8 4.17 101
2 8 4.17 102
2 8 4.16 103
2 8 4.16 104
2 8 4.16 105
2 8 4.16 106
2 8 4.16 107
2 8 4.15 108
2 8 4.15 109
2 8 4.16 110
2 8 4.15 111
2 8 4.15 112
2 8 4.16 113
2 8 4.17 114
2 8 4.17 115
2 8 4.17 116
2 8 4.18 117
2 8 4.19 118
2 8 4.21 119
2 8 4.22 120
2 8 4.21 121
2 8 4.22 122
2 8 4.24 123
2 8 4.23 124
2 8 4.23 125
2 8 4.23 126
2 8 4.23 127
2 8 4.23 128
2 8 4.23 129
2 8 4.24 130
2 8 4.24 131
2 8 4.23 132
2 8 4.23 133
2 8 4.22 134
2 8 4.22 135
2 8 4.23 136
2 8 4.23 137
2 8 4.22 138
2 8 4.23 139
2 8 4.24 140
2 8 4.23 141
2 8 4.24 142
2 8 4.23 143
2 8 4.24 144
2 8 4.23 145
2 8 4.24 146
2 8 4.24 147
2 8 4.24 148
2 8 4.23 149
2 8 4.23 150
2 8 4.22 151
2 8 4.22 152
2 8 4.22 153
2 8 4.22 154
2 8 4.22 155
2 8 4.23 156
2 8 4.22 157
2 8 4.22 158
2 8 4.22 159
2 8 4.21 160
2 8 4.21 161
2 8 4.22 162
2 8 4.21 163
2 8 4.21 164
2 8 4.21 165
2 8 4.20 166
2 8 4.20 167
2 8 4.19 168
2 8 4.18 169
2 8 4.18 170
2 8 4.18 171
2 8 4.17 172
2 8 4.17 173
2 8 4.17 174
2 8 4.18 175
2 8 4.18 176
2 8 4.19 177
2 8 4.19 178
2 8 4.19 179
2 8 4.19 180
2 8 4.19 181
2 8 4.19 182
2 8 4.19 183
2 8 4.19 184
2 8 4.19 185
2 8 4.19 186
2 8 4.19 187
2 8 4.20 188
2 8 4.22 189
2 9 4.24 190
2 9 4.25 191
2 9 4.26 192
2 9 4.27 193
2 9 4.27 194
2 9 4.28 195
2 9 4.28 196
2 9 4.28 197
2 9 4.28 198
2 9 4.28 199
2 9 4.28 200
2 9 4.28 201
2 9 4.27 202
2 9 4.27 203
2 9 4.27 204
2 9 4.27 205
2 9 4.27 206
2 9 4.27 207
2 9 4.27 208
2 9 4.27 209
2 9 4.27 210
2 9 4.27 211
2 9 4.27 212
2 9 4.27 213
2 9 4.27 214
2 9 4.27 215
2 9 4.26 216
2 9 4.27 217
2 9 4.27 218
2 9 4.27 219
2 9 4.27 220
2 9 4.26 221
2 9 4.26 222
2 9 4.26 223
2 9 4.26 224
2 9 4.26 225
2 9 4.26 226
2 9 4.25 227
2 9 4.25 228
2 9 4.25 229
2 9 4.25 230
2 9 4.26 231
2 9 4.26 232
2 9 4.26 233
2 9 4.25 234
2 9 4.26 235
2 9 4.25 236
2 9 4.25 237
2 9 4.26 238
2 9 4.26 239
2 9 4.26 240
2 9 4.26 241
2 9 4.26 242
2 9 4.26 243
2 9 4.26 244
2 9 4.27 245
2 9 4.27 246
2 9 4.27 247
2 9 4.27 248
2 9 4.27 249
2 9 4.26 250
2 9 4.27 251
2 9 4.27 252
2 9 4.27 253
2 9 4.27 254
2 9 4.26 255
2 9 4.26 256
2 9 4.26 257
2 9 4.26 258
1 9 4.25 259
1 9 4.24 260
1 9 4.24 261
1 9 4.23 262
1 9 4.22 263
1 9 4.22 264
1 9 4.22 265
1 9 4.21 266
1 9 4.22 267
1 9 4.22 268
1 9 4.21 269
1 9 4.20 270
1 9 4.20 271
1 9 4.19 272
1 9 4.19 273
1 9 4.19 274
1 9 4.19 275
1 9 4.18 276
1 9 4.17 277
1 9 4.17 278
1 9 4.16 279
1 9 4.16 280
1 9 4.15 281
1 9 4.16 282
1 9 4.16 283
1 9 4.15 284
0 9 4.14 285
0 9 4.14 286
0 9 4.14 287
0 9 4.13 288
0 9 4.13 289
0 9 4.12 290
0 9 4.12 291
0 9 4.12 292
0 9 4.11 293
0 9 4.12 294
0 9 4.12 295
0 9 4.11 296
0 9 4.10 297
0 9 4.10 298
0 9 4.10 299
0 9 4.10 300
0 9 4.10 301
0 9 4.09 302
0 9 4.09 303
0 9 4.08 304
0 9 4.08 305
0 9 4.07 306
0 9 4.07 307
0 9 4.06 308
0 9 4.06 309
0 9 4.06 310
0 9 4.05 311
0 9 4.05 312
0 9 4.04 313
0 9 4.04 314
0 9 4.04 315
0 9 4.03 316
0 9 4.03 317
0 9 4.03 318
0 9 4.02 319
0 9 4.03 320
0 9 4.02 321
0 9 4.02 322
0 9 4.02 323
0 9 4.01 324
0 9 4.01 325
0 9 4.01 326
0 9 4.01 327
0 9 4.00 328
0 9 4.00 329
0 9 4.00 330
0 9 4.00 331
0 9 4.00 332
0 9 4.00 333
0 9 4.00 334
0 9 3.99 335
0 9 3.99 336
0 9 4.00 337
0 9 3.99 338
0 9 3.99 339
0 9 3.99 340
0 9 3.99 341
0 9 3.99 342
0 9 3.99 343
0 9 3.98 344
0 9 3.98 345
0 9 3.98 346
0 9 3.97 347
0 9 3.98 348
0 9 3.98 349
0 9 3.97 350
0 9 3.97 351
0 9 3.97 352
0 9 3.96 353
0 9 3.97 354
0 9 3.97 355
0 9 3.97 356
0 9 3.96 357
0 9 3.96 358
0 9 3.96 359
0 9 3.96 360
0 9 3.95 361
0 9 3.96 362
0 9 3.96 363
0 9 3.95 364
0 9 3.96 365
0 9 3.96 366
0 9 3.96 367
0 9 3.95 368
0 9 3.95 369
0 9 3.95 370
0 9 3.95 371
0 9 3.94 372
0 9 3.94 373
0 9 3.94 374
0 9 3.94 375
0 9 3.94 376
0 9 3.94 377
0 9 3.93 378
0 9 3.93 379
0 9 3.93 380
0 9 3.93 381
0 9 3.93 382
0 9 3.93 383
0 9 3.94 384
0 9 3.94 385
0 9 3.94 386
0 9 3.93 387
0 9 3.93 388
0 9 3.93 389
0 9 3.92 390
0 9 3.92 391
0 9 3.92 392
0 9 3.92 393
0 9 3.92 394
0 9 3.91 395
0 9 3.91 396
0 9 3.91 397
0 9 3.90 398
0 9 3.90 399
0 9 3.90 400
0 9 3.90 401
0 9 3.90 402
0 9 3.89 403
0 9 3.89 404
0 9 3.89 405
0 9 3.89 406
0 9 3.89 407
0 9 3.89 408
0 9 3.89 409
0 9 3.89 410
0 9 3.89 411
0 9 3.89 412
0 9 3.89 413
0 9 3.89 414
0 9 3.88 415
0 9 3.88 416
0 9 3.88 417
0 9 3.88 418
0 9 3.88 419
0 9 3.88 420
0 9 3.87 421
0 9 3.87 422
0 9 3.87 423
0 9 3.87 424
0 9 3.87 425
0 9 3.87 426
0 9 3.87 427
0 9 3.86 428
0 9 3.86 429
0 9 3.86 430
0 9 3.86 431
0 9 3.85 432
0 9 3.85 433
0 9 3.85 434
0 9 3.85 435
0 9 3.85 436
0 9 3.84 437
0 9 3.84 438
0 9 3.84 439
0 9 3.84 440
0 9 3.84 441
0 9 3.84 442
0 9 3.83 443
0 9 3.83 444
0 9 3.83 445
0 9 3.83 446
0 9 3.82 447
0 9 3.82 448
0 9 3.82 449
0 9 3.82 450
0 9 3.81 451
0 9 3.81 452
0 9 3.81 453
0 9 3.81 454
0 9 3.81 455
0 9 3.80 456
0 9 3.80 457
0 9 3.81 458
0 9 3.81 459
0 9 3.80 460
0 9 3.80 461
0 9 3.80 462
0 9 3.80 463
0 9 3.80 464
0 9 3.80 465
0 9 3.80 466
0 9 3.79 467
0 9 3.79 468
0 9 3.79 469
0 9 3.79 470
0 9 3.79 471
0 9 3.79 472
0 9 3.78 473
0 9 3.78 474
0 9 3.78 475
0 9 3.78 476
0 9 3.78 477
0 9 3.77 478
0 9 3.77 479
0 9 3.77 480
0 9 3.77 481
0 9 3.77 482
0 9 3.77 483
0 9 3.76 484
0 9 3.77 485
0 9 3.77 486
0 9 3.77 487
0 9 3.76 488
0 9 3.76 489
0 9 3.76 490
0 9 3.76 491
0 9 3.76 492
0 9 3.75 493
0 9 3.75 494
0 9 3.75 495
0 9 3.75 496
0 9 3.75 497
0 9 3.75 498
0 9 3.75 499
0 9 3.74 500
0 9 3.75 501
0 9 3.75 502
0 9 3.75 503
0 9 3.75 504
0 9 3.75 505
0 9 3.75 506
0 9 3.74 507
0 9 3.74 508
0 9 3.74 509
0 9 3.74 510
0 9 3.74 511
0 9 3.73 512
0 9 3.73 513
0 9 3.73 514
0 9 3.73 515
0 9 3.73 516
0 9 3.73 517
0 9 3.72 518
0 9 3.72 519
0 9 3.72 520
0 9 3.72 521
0 9 3.72 522
0 9 3.73 523
0 9 3.73 524
0 9 3.72 525
0 9 3.72 526
0 9 3.72 527
0 9 3.72 528
0 9 3.72 529
0 9 3.72 530
0 9 3.71 531
0 9 3.71 532
0 9 3.71 533
0 9 3.71 534
0 9 3.71 535
0 9 3.71 536
0 9 3.71 537
0 9 3.72 538
0 9 3.71 539
0 9 3.71 540
0 9 3.71 541
0 9 3.71 542
0 9 3.71 543
0 9 3.71 544
0 9 3.71 545
0 9 3.71 546
0 9 3.71 547
0 9 3.71 548
0 9 3.71 549
0 9 3.71 550
0 9 3.71 551
0 9 3.71 552
0 9 3.71 553
0 9 3.70 554
0 9 3.70 555
0 9 3.70 556
0 9 3.70 557
0 9 3.70 558
0 9 3.70 559
0 9 3.70 560
0 9 3.70 561
0 9 3.70 562
0 9 3.70 563
0 9 3.70 564
0 9 3.70 565
0 9 3.70 566
0 9 3.69 567
0 9 3.68 568
0 9 3.68 569
0 9 3.68 570
0 9 3.68 571
0 9 3.68 572
0 9 3.68 573
0 9 3.68 574
0 9 3.67 575
0 9 3.67 576
0 9 3.67 577
0 9 3.67 578
0 9 3.67 579
0 9 3.67 580
0 9 3.66 581
0 9 3.66 582
0 9 3.66 583
0 9 3.66 584
0 9 3.66 585
0 9 3.66 586
0 9 3.66 587
0 9 3.66 588
0 9 3.66 589
0 9 3.65 590
0 9 3.65 591
0 9 3.65 592
0 9 3.65 593
0 9 3.65 594
0 9 3.65 595
0 9 3.65 596
0 9 3.65 597
0 9 3.65 598
0 9 3.64 599
0 9 3.64 600
0 9 3.64 601
0 9 3.64 602
0 9 3.64 603
0 9 3.64 604
0 9 3.64 605
0 9 3.64 606
0 9 3.65 607
0 9 3.65 608
0 9 3.64 609
0 9 3.64 610
0 9 3.64 611
0 9 3.64 612
0 9 3.64 613
0 9 3.64 614
0 9 3.64 615
0 9 3.63 616
0 9 3.63 617
0 9 3.63 618
0 9 3.63 619
0 9 3.63 620
0 9 3.62 621
0 9 3.62 622
0 9 3.62 623
0 9 3.62 624
0 9 3.62 625
0 9 3.62 626
0 9 3.62 627
0 9 3.61 628
0 9 3.61 629
0 9 3.61 630
0 9 3.61 631
0 9 3.61 632
0 9 3.61 633
0 9 3.61 634
0 9 3.61 635
0 9 3.61 636
0 9 3.61 637
0 9 3.61 638
0 9 3.