6 6 6.00 1
4 6 5.00 2
3 6 4.33 3
3 6 4.00 4
3 6 4.00 5
3 6 4.00 6
3 6 3.86 7
3 6 4.12 8
3 6 4.11 9
3 6 4.10 10
3 6 4.09 11
3 6 4.08 12
3 6 4.08 13
3 6 4.00 14
3 7 4.20 15
3 7 4.19 16
3 7 4.12 17
3 7 4.06 18
3 7 4.11 19
2 7 4.00 20
2 7 4.00 21
2 7 4.00 22
2 7 4.00 23
2 7 4.00 24
2 7 4.00 25
2 7 4.00 26
2 7 3.96 27
2 7 3.93 28
2 7 3.93 29
2 7 3.93 30
2 7 3.94 31
2 7 3.94 32
2 7 3.91 33
2 7 3.94 34
2 7 3.94 35
2 7 3.92 36
2 7 3.92 37
2 7 3.92 38
2 7 3.92 39
2 7 3.90 40
2 7 3.88 41
2 7 3.88 42
2 7 3.88 43
2 7 3.89 44
2 7 3.89 45
2 7 3.89 46
2 7 3.91 47
2 7 3.92 48
2 7 3.92 49
2 7 3.92 50
2 7 3.90 51
2 7 3.90 52
2 7 3.87 53
2 7 3.91 54
2 7 3.91 55
2 7 3.91 56
2 7 3.89 57
2 7 3.91 58
2 7 3.90 59
2 7 3.93 60
2 7 3.95 61
2 7 3.94 62
2 7 3.92 63
2 7 3.92 64
2 7 3.95 65
2 7 3.95 66
2 7 3.94 67
2 7 3.94 68
2 7 3.94 69
2 7 3.93 70
2 7 3.93 71
2 7 3.92 72
2 7 3.95 73
2 7 3.95 74
2 7 3.96 75
2 7 3.95 76
2 7 3.96 77
2 7 3.96 78
2 7 3.94 79
2 7 3.96 80
2 7 3.95 81
2 7 3.95 82
2 7 3.94 83
2 7 3.93 84
2 7 3.93 85
2 7 3.94 86
2 7 3.93 87
2 7 3.94 88
2 7 3.96 89
2 7 3.94 90
2 7 3.93 91
2 7 3.93 92
2 7 3.92 93
2 7 3.91 94
2 7 3.92 95
2 7 3.91 96
2 7 3.92 97
2 7 3.92 98
2 7 3.93 99
2 7 3.92 100
2 7 3.92 101
2 7 3.93 102
2 7 3.92 103
2 7 3.92 104
2 7 3.93 105
2 7 3.92 106
2 7 3.91 107
2 7 3.89 108
2 7 3.87 109
2 7 3.87 110
2 7 3.88 111
2 7 3.87 112
2 7 3.86 113
2 7 3.84 114
2 7 3.83 115
2 7 3.83 116
2 7 3.82 117
2 7 3.81 118
2 7 3.82 119
2 7 3.82 120
2 7 3.81 121
2 7 3.80 122
2 7 3.80 123
2 7 3.80 124
2 7 3.81 125
2 7 3.81 126
2 7 3.83 127
2 7 3.84 128
2 7 3.83 129
2 7 3.84 130
2 7 3.84 131
2 7 3.84 132
2 7 3.84 133
2 7 3.84 134
2 7 3.84 135
2 7 3.85 136
2 7 3.85 137
2 7 3.85 138
2 7 3.85 139
2 7 3.85 140
2 7 3.84 141
2 7 3.85 142
2 7 3.84 143
2 7 3.85 144
2 7 3.84 145
2 7 3.84 146
2 7 3.83 147
2 7 3.82 148
2 7 3.82 149
2 7 3.81 150
2 7 3.81 151
2 7 3.80 152
2 7 3.80 153
2 7 3.80 154
2 7 3.81 155
2 7 3.80 156
2 7 3.81 157
2 7 3.81 158
2 7 3.81 159
2 7 3.81 160
2 7 3.81 161
2 18 3.90 162
2 18 3.91 163
2 18 3.90 164
2 18 3.90 165
2 18 3.90 166
2 18 3.90 167
2 18 3.90 168
2 18 3.91 169
2 18 3.91 170
2 18 3.91 171
2 18 3.90 172
2 18 3.90 173
2 18 3.89 174
2 18 3.90 175
2 18 3.89 176
2 18 3.89 177
2 18 3.89 178
2 18 3.88 179
2 18 3.88 180
2 18 3.88 181
2 18 3.88 182
2 18 3.87 183
2 18 3.87 184
2 18 3.86 185
2 18 3.86 186
2 18 3.86 187
2 18 3.86 188
2 18 3.86 189
2 18 3.85 190
2 18 3.85 191
2 18 3.84 192
2 18 3.84 193
2 18 3.85 194
2 18 3.86 195
2 18 3.85 196
2 18 3.85 197
2 18 3.86 198
2 18 3.86 199
2 18 3.87 200
2 18 3.86 201
2 18 3.86 202
2 18 3.86 203
2 18 3.87 204
2 18 3.86 205
2 18 3.86 206
2 18 3.86 207
2 18 3.86 208
2 18 3.86 209
2 18 3.85 210
2 18 3.85 211
2 18 3.84 212
2 18 3.85 213
2 18 3.84 214
2 18 3.84 215
2 18 3.83 216
2 18 3.83 217
2 18 3.83 218
2 18 3.83 219
2 18 3.84 220
2 18 3.84 221
2 18 3.84 222
2 18 3.83 223
2 18 3.83 224
2 18 3.83 225
2 18 3.82 226
2 18 3.82 227
2 18 3.82 228
2 18 3.82 229
2 18 3.82 230
2 18 3.81 231
2 18 3.82 232
2 18 3.82 233
2 18 3.81 234
2 18 3.81 235
2 18 3.81 236
2 18 3.81 237
2 18 3.81 238
2 18 3.81 239
2 18 3.80 240
2 18 3.80 241
2 18 3.81 242
2 18 3.80 243
2 18 3.81 244
2 18 3.80 245
2 18 3.80 246
2 18 3.80 247
2 18 3.80 248
2 18 3.80 249
2 18 3.80 250
2 18 3.80 251
2 18 3.80 252
2 18 3.80 253
2 18 3.80 254
2 18 3.80 255
2 18 3.80 256
2 18 3.80 257
2 18 3.81 258
2 18 3.80 259
2 18 3.80 260
2 18 3.81 261
2 18 3.80 262
2 18 3.80 263
2 18 3.80 264
2 18 3.80 265
2 18 3.80 266
2 18 3.80 267
2 18 3.79 268
2 18 3.79 269
2 18 3.80 270
2 18 3.79 271
2 18 3.80 272
2 18 3.80 273
2 18 3.80 274
2 18 3.80 275
2 18 3.80 276
2 18 3.80 277
2 18 3.80 278
2 18 3.80 279
2 18 3.80 280
2 18 3.80 281
2 18 3.79 282
2 18 3.80 283
2 18 3.80 284
2 18 3.80 285
2 18 3.80 286
2 18 3.79 287
2 18 3.79 288
2 18 3.80 289
2 18 3.79 290
2 18 3.79 291
2 18 3.79 292
2 18 3.79 293
2 18 3.79 294
2 18 3.79 295
2 18 3.79 296
2 18 3.78 297
2 18 3.78 298
2 18 3.78 299
2 18 3.79 300
2 18 3.79 301
2 18 3.79 302
2 18 3.79 303
2 18 3.79 304
2 18 3.78 305
2 18 3.78 306
2 18 3.78 307
2 18 3.78 308
2 18 3.78 309
2 18 3.78 310
2 18 3.78 311
2 18 3.78 312
2 18 3.78 313
2 18 3.78 314
2 18 3.78 315
2 18 3.78 316
2 18 3.78 317
2 18 3.78 318
2 18 3.79 319
2 18 3.79 320
2 18 3.79 321
2 18 3.80 322
2 18 3.79 323
2 18 3.80 324
2 18 3.80 325
2 18 3.80 326
2 18 3.80 327
2 18 3.81 328
2 18 3.81 329
2 18 3.81 330
2 18 3.80 331
2 18 3.81 332
2 18 3.81 333
2 18 3.81 334
2 18 3.81 335
2 18 3.81 336
2 18 3.81 337
2 18 3.80 338
2 18 3.81 339
2 18 3.81 340
2 18 3.81 341
2 18 3.81 342
2 18 3.81 343
2 18 3.81 344
2 18 3.81 345
2 18 3.81 346
2 18 3.81 347
2 18 3.82 348
2 18 3.81 349
2 18 3.81 350
2 18 3.81 351
2 18 3.81 352
2 18 3.81 353
2 18 3.81 354
2 18 3.81 355
2 18 3.80 356
2 18 3.80 357
2 18 3.80 358
2 18 3.80 359
2 18 3.80 360
2 18 3.80 361
2 18 3.79 362
2 18 3.79 363
2 18 3.79 364
2 18 3.79 365
2 18 3.79 366
2 18 3.79 367
2 18 3.79 368
2 18 3.79 369
2 18 3.79 370
2 18 3.79 371
2 18 3.78 372
2 18 3.78 373
2 18 3.78 374
2 18 3.78 375
2 18 3.78 376
2 18 3.78 377
2 18 3.79 378
2 18 3.78 379
2 18 3.78 380
2 18 3.78 381
2 18 3.78 382
2 18 3.78 383
2 18 3.78 384
2 18 3.78 385
2 18 3.78 386
2 18 3.78 387
2 18 3.78 388
2 18 3.78 389
2 18 3.78 390
2 18 3.78 391
2 18 3.78 392
2 18 3.78 393
2 18 3.77 394
2 18 3.77 395
2 18 3.77 396
2 18 3.77 397
2 18 3.77 398
2 18 3.78 399
2 18 3.78 400
2 18 3.78 401
2 18 3.77 402
2 18 3.77 403
2 18 3.78 404
2 18 3.78 405
2 18 3.78 406
2 18 3.78 407
2 18 3.78 408
2 18 3.78 409
2 18 3.78 410
2 18 3.78 411
2 18 3.78 412
2 18 3.78 413
2 18 3.78 414
2 18 3.78 415
2 18 3.78 416
2 18 3.78 417
2 18 3.77 418
2 18 3.77 419
2 18 3.77 420
2 18 3.78 421
2 18 3.78 422
2 18 3.78 423
2 18 3.78 424
2 18 3.78 425
2 18 3.78 426
2 18 3.78 427
2 18 3.78 428
2 18 3.78 429
2 18 3.78 430
2 18 3.78 431
2 18 3.78 432
2 18 3.78 433
2 18 3.78 434
2 18 3.78 435
2 18 3.78 436
2 18 3.78 437
2 18 3.78 438
2 18 3.78 439
2 18 3.77 440
2 18 3.77 441
2 18 3.77 442
2 18 3.77 443
2 18 3.77 444
2 18 3.77 445
2 18 3.76 446
2 18 3.76 447
2 18 3.76 448
2 18 3.77 449
2 18 3.77 450
2 18 3.77 451
2 18 3.77 452
2 18 3.77 453
2 18 3.76 454
2 18 3.77 455
2 18 3.77 456
2 18 3.77 457
2 18 3.77 458
2 18 3.77 459
2 18 3.77 460
2 18 3.77 461
2 18 3.77 462
2 18 3.77 463
2 18 3.77 464
2 18 3.78 465
2 18 3.77 466
2 18 3.78 467
2 18 3.77 468
2 18 3.77 469
2 18 3.77 470
2 18 3.77 471
2 18 3.77 472
2 18 3.77 473
2 18 3.77 474
2 18 3.77 475
2 18 3.77 476
2 18 3.77 477
2 18 3.77 478
2 18 3.77 479
2 18 3.77 480
2 18 3.77 481
2 18 3.77 482
2 18 3.77 483
2 18 3.77 484
2 18 3.77 485
2 18 3.77 486
2 18 3.77 487
2 18 3.77 488
2 18 3.77 489
2 18 3.77 490
2 18 3.76 491
2 18 3.76 492
2 18 3.76 493
2 18 3.76 494
2 18 3.76 495
2 18 3.76 496
2 18 3.76 497
2 18 3.76 498
2 18 3.76 499
2 18 3.76 500
2 18 3.76 501
2 18 3.75 502
2 18 3.75 503
2 18 3.75 504
2 18 3.75 505
2 18 3.75 506
2 18 3.75 507
2 18 3.76 508
2 18 3.75 509
2 18 3.75 510
2 18 3.75 511
2 18 3.75 512
2 18 3.75 513
2 18 3.75 514
2 18 3.76 515
2 18 3.76 516
2 18 3.76 517
2 18 3.76 518
2 18 3.76 519
2 18 3.76 520
2 18 3.76 521
2 18 3.75 522
2 18 3.76 523
2 18 3.76 524
2 18 3.76 525
2 18 3.76 526
2 18 3.76 527
2 18 3.76 528
2 18 3.76 529
2 18 3.76 530
2 18 3.76 531
2 18 3.76 532
2 18 3.76 533
2 18 3.76 534
2 18 3.76 535
2 18 3.76 536
2 18 3.76 537
2 18 3.76 538
2 18 3.76 539
2 18 3.76 540
2 18 3.76 541
2 18 3.76 542
2 18 3.76 543
2 18 3.76 544
2 18 3.76 545
2 18 3.76 546
2 18 3.76 547
2 18 3.76 548
2 18 3.75 549
2 18 3.76 550
2 18 3.75 551
2 18 3.75 552
2 18 3.75 553
2 18 3.75 554
2 18 3.75 555
2 18 3.75 556
2 18 3.75 557
2 18 3.75 558
2 18 3.75 559
2 18 3.75 560
2 18 3.75 561
2 18 3.75 562
2 18 3.75 563
2 18 3.75 564
2 18 3.75 565
2 18 3.75 566
2 18 3.75 567
2 18 3.75 568
2 18 3.75 569
2 18 3.75 570
2 18 3.75 571
2 18 3.75 572
2 18 3.75 573
2 18 3.75 574
2 18 3.75 575
2 18 3.75 576
2 18 3.75 577
2 18 3.75 578
2 18 3.75 579
2 18 3.75 580
2 18 3.75 581
2 18 3.75 582
2 18 3.75 583
2 18 3.75 584
2 18 3.75 585
2 18 3.74 586
2 18 3.74 587
2 18 3.74 588
2 18 3.75 589
2 18 3.75 590
2 18 3.74 591
2 18 3.74 592
2 18 3.74 593
2 18 3.74 594
2 18 3.74 595
2 18 3.74 596
2 18 3.74 597
2 18 3.74 598
2 18 3.74 599
2 18 3.74 600
2 18 3.74 601
2 18 3.74 602
2 18 3.74 603
2 18 3.74 604
2 18 