5 5 5.00 1
2 5 3.50 2
2 5 3.33 3
2 5 3.50 4
2 5 3.60 5
2 5 3.50 6
2 5 3.29 7
2 5 3.12 8
2 5 3.11 9
2 5 3.10 10
2 5 3.09 11
2 5 3.00 12
2 5 3.08 13
2 5 3.07 14
2 5 3.07 15
2 5 3.06 16
2 5 3.06 17
2 5 3.00 18
2 5 3.00 19
2 5 2.95 20
2 5 2.95 21
2 5 2.91 22
2 5 2.91 23
2 5 2.92 24
2 5 2.88 25
2 5 2.92 26
2 5 2.93 27
2 5 2.96 28
2 5 2.97 29
2 5 2.97 30
2 5 2.94 31
2 5 2.97 32
2 5 2.97 33
2 5 2.97 34
2 5 2.94 35
2 5 2.94 36
2 5 2.97 37
2 5 2.97 38
2 5 2.97 39
2 5 2.95 40
2 5 2.95 41
2 5 2.95 42
2 5 2.93 43
2 5 2.95 44
2 5 2.98 45
2 5 2.98 46
2 5 2.98 47
2 5 2.98 48
2 5 2.96 49
2 5 2.94 50
2 5 2.96 51
2 5 2.96 52
2 5 2.96 53
2 5 2.98 54
2 5 2.96 55
2 5 2.96 56
2 5 2.96 57
2 5 2.95 58
2 5 2.95 59
2 5 2.95 60
2 5 2.95 61
2 5 2.97 62
1 5 2.94 63
1 5 2.92 64
1 5 2.92 65
1 5 2.89 66
1 5 2.93 67
1 5 2.94 68
1 5 2.96 69
1 5 2.96 70
1 5 2.96 71
1 5 2.96 72
1 5 2.95 73
1 5 2.95 74
1 5 2.93 75
1 5 2.93 76
1 5 2.94 77
1 5 2.94 78
1 5 2.94 79
1 5 2.95 80
1 5 2.95 81
1 5 2.96 82
1 5 2.96 83
1 5 2.96 84
1 5 2.98 85
1 5 2.98 86
1 5 2.97 87
1 5 2.97 88
1 5 2.96 89
1 5 2.97 90
1 5 2.97 91
1 5 2.98 92
1 5 2.97 93
1 5 2.97 94
1 5 2.97 95
1 5 2.97 96
1 5 2.97 97
1 5 2.96 98
1 5 2.96 99
1 5 2.97 100
1 5 2.97 101
1 5 2.96 102
1 5 2.96 103
1 5 2.95 104
1 5 2.95 105
1 5 2.96 106
1 5 2.95 107
1 5 2.94 108
1 5 2.95 109
1 5 2.95 110
1 5 2.95 111
1 5 2.95 112
1 5 2.96 113
1 5 2.96 114
1 5 2.97 115
1 5 2.96 116
1 5 2.96 117
1 5 2.97 118
1 5 2.96 119
1 5 2.95 120
1 5 2.96 121
1 5 2.97 122
1 5 2.98 123
1 5 2.98 124
1 5 2.98 125
1 5 2.97 126
1 6 2.99 127
1 6 3.00 128
1 6 3.00 129
1 6 3.00 130
1 6 2.99 131
1 6 3.00 132
1 6 3.00 133
1 6 3.00 134
1 6 3.00 135
1 6 3.00 136
1 6 3.00 137
1 6 3.00 138
1 6 3.00 139
1 6 3.00 140
1 6 3.01 141
1 6 3.01 142
1 6 3.01 143
1 6 3.01 144
1 6 3.00 145
1 6 3.00 146
1 6 3.00 147
1 6 3.00 148
1 6 2.99 149
1 6 2.99 150
1 6 3.01 151
1 6 3.01 152
1 6 3.01 153
1 6 3.02 154
1 6 3.01 155
1 6 3.01 156
1 6 3.02 157
1 6 3.01 158
1 6 3.01 159
1 6 3.00 160
1 6 3.01 161
1 6 3.00 162
1 6 2.99 163
1 6 2.99 164
1 6 2.99 165
1 6 2.98 166
1 6 2.98 167
1 6 2.98 168
1 6 2.98 169
1 6 2.97 170
1 6 2.97 171
1 6 2.97 172
1 6 2.97 173
1 6 2.97 174
1 6 2.98 175
1 6 2.98 176
1 6 2.97 177
1 6 2.97 178
1 6 2.97 179
1 6 2.97 180
1 6 2.97 181
1 6 2.97 182
1 6 2.98 183
1 6 2.98 184
1 6 2.98 185
1 6 2.97 186
1 6 2.97 187
1 6 2.97 188
1 6 2.97 189
1 6 2.98 190
1 6 2.98 191
1 6 2.98 192
1 6 2.98 193
1 6 2.98 194
1 6 2.98 195
1 6 2.98 196
1 6 2.98 197
1 6 2.98 198
1 6 2.98 199
1 6 2.98 200
1 6 2.98 201
1 6 2.98 202
1 6 2.98 203
1 6 2.97 204
1 6 2.98 205
1 6 2.98 206
1 6 2.98 207
1 6 2.98 208
1 6 2.98 209
1 6 2.98 210
1 6 2.98 211
1 6 2.97 212
1 6 2.98 213
1 6 2.98 214
1 6 2.98 215
1 6 2.98 216
1 6 2.98 217
1 6 2.98 218
1 6 2.98 219
1 6 2.98 220
1 6 2.98 221
1 6 2.98 222
1 6 2.97 223
1 6 2.97 224
1 6 2.97 225
1 6 2.97 226
1 6 2.97 227
1 6 2.97 228
1 6 2.97 229
1 6 2.97 230
1 6 2.97 231
1 6 2.97 232
1 6 2.97 233
1 6 2.97 234
1 6 2.97 235
1 6 2.97 236
1 6 2.97 237
1 6 2.97 238
1 6 2.97 239
1 6 2.97 240
1 6 2.97 241
1 6 2.97 242
1 6 2.96 243
1 6 2.96 244
1 6 2.96 245
1 6 2.97 246
1 6 2.96 247
1 6 2.97 248
1 6 2.96 249
1 6 2.97 250
1 6 2.97 251
1 6 2.97 252
1 6 2.97 253
1 6 2.98 254
1 6 2.98 255
1 6 2.98 256
1 6 2.98 257
1 6 2.98 258
1 6 2.98 259
1 6 2.99 260
1 6 2.99 261
1 6 2.98 262
1 6 2.99 263
1 6 2.99 264
1 6 2.99 265
1 6 2.99 266
1 6 3.00 267
1 6 3.00 268
1 6 3.00 269
1 6 3.00 270
1 6 3.00 271
1 6 3.00 272
1 6 3.00 273
1 6 3.00 274
1 6 3.00 275
1 6 2.99 276
1 6 2.99 277
1 6 2.99 278
1 6 2.99 279
1 6 2.99 280
1 6 2.99 281
1 6 2.99 282
1 6 3.00 283
1 6 3.00 284
1 6 3.01 285
1 6 3.01 286
1 6 3.01 287
1 6 3.01 288
1 6 3.01 289
1 6 3.01 290
1 6 3.02 291
1 6 3.02 292
1 6 3.02 293
1 6 3.03 294
1 6 3.03 295
1 6 3.02 296
1 6 3.03 297
1 6 3.03 298
1 6 3.03 299
1 6 3.03 300
1 6 3.02 301
1 6 3.02 302
1 6 3.02 303
1 6 3.03 304
0 6 3.02 305
0 6 3.01 306
0 6 3.01 307
0 6 3.02 308
0 6 3.02 309
0 6 3.02 310
0 6 3.02 311
0 6 3.02 312
0 6 3.03 313
0 6 3.02 314
0 6 3.02 315
0 6 3.02 316
0 6 3.02 317
0 6 3.02 318
0 6 3.02 319
0 6 3.02 320
0 6 3.02 321
0 6 3.02 322
0 6 3.02 323
0 6 3.02 324
0 6 3.02 325
0 6 3.02 326
0 6 3.02 327
0 6 3.02 328
0 6 3.02 329
0 6 3.02 330
0 6 3.02 331
0 6 3.02 332
0 6 3.02 333
0 6 3.01 334
0 6 3.01 335
0 6 3.01 336
0 6 3.01 337
0 6 3.01 338
0 6 3.01 339
0 6 3.01 340
0 6 3.01 341
0 6 3.01 342
0 6 3.01 343
0 6 3.01 344
0 6 3.01 345
0 6 3.01 346
0 6 3.01 347
0 6 3.01 348
0 6 3.01 349
0 6 3.01 350
0 6 3.01 351
0 6 3.01 352
0 6 3.01 353
0 6 3.01 354
0 6 3.01 355
0 6 3.01 356
0 6 3.01 357
0 6 3.01 358
0 6 3.01 359
0 6 3.01 360
0 6 3.01 361
0 6 3.01 362
0 6 3.01 363
0 6 3.01 364
0 6 3.01 365
0 6 3.01 366
0 6 3.01 367
0 6 3.01 368
0 6 3.01 369
0 6 3.01 370
0 6 3.01 371
0 6 3.01 372
0 6 3.01 373
0 6 3.01 374
0 6 3.01 375
0 6 3.01 376
0 6 3.01 377
0 6 3.01 378
0 6 3.01 379
0 6 3.00 380
0 6 3.00 381
0 6 3.00 382
0 6 3.00 383
0 6 3.00 384
0 6 3.00 385
0 6 3.00 386
0 6 3.00 387
0 6 3.00 388
0 6 3.00 389
0 6 3.00 390
0 6 3.00 391
0 6 3.00 392
0 6 3.01 393
0 6 3.00 394
0 6 3.00 395
0 6 3.00 396
0 6 3.00 397
0 6 3.00 398
0 6 3.00 399
0 6 3.00 400
0 6 3.00 401
0 6 3.00 402
0 6 3.00 403
0 6 3.00 404
0 6 3.00 405
0 6 3.00 406
0 6 3.00 407
0 6 3.00 408
0 6 3.00 409
0 6 2.99 410
0 6 2.99 411
0 6 2.99 412
0 6 2.99 413
0 6 3.00 414
0 6 3.00 415
0 6 3.00 416
0 6 3.00 417
0 6 3.00 418
0 6 3.00 419
0 6 3.00 420
0 6 3.00 421
0 6 3.00 422
0 6 3.00 423
0 6 3.00 424
0 6 3.00 425
0 6 3.00 426
0 6 3.00 427
0 6 3.00 428
0 6 3.00 429
0 6 3.00 430
0 6 3.00 431
0 6 3.00 432
0 6 3.00 433
0 6 3.00 434
0 6 3.00 435
0 6 3.00 436
0 6 3.01 437
0 6 3.01 438
0 6 3.01 439
0 6 3.01 440
0 6 3.01 441
0 6 3.01 442
0 6 3.01 443
0 6 3.01 444
0 6 3.01 445
0 6 3.01 446
0 6 3.01 447
0 6 3.01 448
0 6 3.01 449
0 6 3.01 450
0 6 3.01 451
0 6 3.01 452
0 6 3.01 453
0 6 3.01 454
0 6 3.01 455
0 6 3.01 456
0 6 3.01 457
0 6 3.01 458
0 6 3.01 459
0 6 3.01 460
0 6 3.01 461
0 6 3.01 462
0 6 3.01 463
0 6 3.01 464
0 6 3.01 465
0 6 3.01 466
0 6 3.01 467
0 6 3.01 468
0 6 3.01 469
0 6 3.02 470
0 6 3.02 471
0 6 3.02 472
0 6 3.02 473
0 25 3.07 474
0 25 3.07 475
0 25 3.07 476
0 25 3.07 477
0 25 3.07 478
0 25 3.07 479
0 25 3.07 480
0 25 3.07 481
0 25 3.07 482
0 25 3.06 483
0 25 3.07 484
0 25 3.06 485
0 25 3.06 486
0 25 3.06 487
0 25 3.06 488
0 25 3.07 489
0 25 3.07 490
0 25 3.07 491
0 25 3.07 492
0 25 3.06 493
0 25 3.06 494
0 25 3.06 495
0 25 3.06 496
0 25 3.07 497
0 25 3.07 498
0 25 3.07 499
0 25 3.06 500
0 25 3.07 501
0 25 3.07 502
0 25 3.07 503
0 25 3.07 504
0 25 3.07 505
0 25 3.07 506
0 25 3.07 507
0 25 3.07 508
0 25 3.07 509
0 25 3.07 510
0 25 3.07 511
0 25 3.07 512
0 25 3.07 513
0 25 3.07 514
0 25 3.07 515
0 25 3.07 516
0 25 3.07 517
0 25 3.07 518
0 25 3.07 519
0 25 3.07 520
0 25 3.07 521
0 25 3.07 522
0 25 3.07 523
0 25 3.07 524
0 25 3.07 525
0 25 3.07 526
0 25 3.07 527
0 25 3.07 528
0 25 3.07 529
0 25 3.08 530
0 25 3.08 531
0 25 3.08 532
0 25 3.08 533
0 25 3.07 534
0 25 3.07 535
0 25 3.07 536
0 25 3.07 537
0 25 3.07 538
0 25 3.07 539
0 25 3.07 540
0 25 3.08 541
0 25 3.08 542
0 25 3.08 543
0 25 3.08 544
0 25 3.08 545
0 25 3.08 546
0 25 3.07 547
0 25 3.08 548
0 25 3.08 549
0 25 3.08 550
0 25 3.08 551
0 25 3.08 552
0 25 3.08 553
0 25 3.08 554
0 25 3.08 555
0 25 3.08 556
0 25 3.08 557
0 25 3.08 558
0 25 3.08 559
0 25 3.08 560
0 25 3.08 561
0 25 3.08 562
0 25 3.08 563
0 25 3.08 564
0 25 3.08 565
0 25 3.08 566
0 25 3.08 567
0 25 3.08 568
0 25 3.09 569
0 25 3.09 570
0 25 3.09 571
0 25 3.09 572
0 25 3.09 573
0 25 3.08 574
0 25 3.08 575
0 25 3.08 576
0 25 3.08 577
0 25 3.08 578
0 25 3.08 579
0 25 3.08 580
0 25 3.08 581
0 25 3.08 582
0 25 3.08 583
0 25 3.09 584
0 25 3.09 585
0 25 3.09 586
0 25 3.09 587
0 25 3.09 588
0 25 3.09 589
0 25 3.09 590
0 25 3.09 591
0 25 3.09 592
0 25 3.09 593
0 25 3.09 594
0 25 3.09 595
0 25 3.09 596
0 25 3.10 597
0 25 3.10 598
0 25 3.10 599
0 25 3.10 600
0 25 3.10 601
0 25 3.10 602
0 25 3.10 603
0 25 3.10 604
0 25 3.10 605
0 25 3.10 606
0 25 3.10 607
0 25 3.10 608
0 25 3.11 609
0 25 3.10 610
0 25 3.11 611
0 25 3.11 612
0 25 3.11 613
0 25 3.11 614
0 25 3.11 615
0 25 3.11 616
0 25 3.11 617
0 25 3.11 618
0 25 3.11 619
0 25 3.11 620
0 25 3.10 621
0 25 3.10 622
0 25 3.10 623
0 25 3.10 624
0 25 3.10 625
0 25 3.10 626
0 25 3.10