7 7 7.00 1
4 7 5.50 2
3 7 4.67 3
3 7 4.25 4
2 7 3.80 5
2 7 3.67 6
2 7 3.43 7
2 7 3.50 8
2 7 3.44 9
2 7 3.40 10
2 7 3.36 11
2 7 3.33 12
2 7 3.23 13
2 7 3.29 14
2 7 3.27 15
2 7 3.25 16
2 7 3.29 17
2 7 3.39 18
2 8 3.63 19
2 8 3.60 20
2 8 3.57 21
2 8 3.55 22
2 8 3.57 23
2 8 3.58 24
2 8 3.56 25
2 8 3.54 26
2 8 3.52 27
2 8 3.54 28
2 8 3.52 29
2 8 3.50 30
2 8 3.48 31
2 8 3.50 32
2 8 3.48 33
2 8 3.50 34
2 8 3.51 35
2 8 3.50 36
2 8 3.49 37
2 8 3.47 38
2 8 3.49 39
2 8 3.50 40
2 8 3.49 41
2 8 3.50 42
2 8 3.49 43
2 8 3.48 44
2 8 3.44 45
2 8 3.43 46
2 8 3.43 47
2 8 3.42 48
2 8 3.41 49
2 8 3.40 50
2 8 3.37 51
2 8 3.37 52
2 8 3.36 53
2 8 3.35 54
2 8 3.35 55
2 8 3.36 56
2 8 3.39 57
2 8 3.40 58
2 8 3.39 59
2 8 3.42 60
2 8 3.39 61
2 8 3.40 62
2 8 3.43 63
2 8 3.44 64
2 8 3.42 65
2 8 3.41 66
2 8 3.39 67
2 8 3.38 68
2 8 3.38 69
2 8 3.37 70
2 8 3.38 71
2 8 3.38 72
2 8 3.37 73
2 8 3.38 74
2 8 3.36 75
2 8 3.36 76
2 8 3.36 77
2 8 3.36 78
2 8 3.35 79
2 8 3.34 80
2 8 3.33 81
2 8 3.33 82
2 8 3.33 83
2 8 3.33 84
2 8 3.33 85
2 8 3.33 86
2 8 3.32 87
2 8 3.32 88
2 8 3.33 89
2 8 3.32 90
2 8 3.32 91
2 8 3.36 92
2 8 3.37 93
2 8 3.36 94
2 8 3.37 95
2 8 3.36 96
2 8 3.36 97
2 8 3.36 98
2 8 3.36 99
2 8 3.37 100
2 8 3.37 101
2 8 3.36 102
2 8 3.36 103
2 8 3.37 104
2 8 3.36 105
2 8 3.36 106
2 8 3.36 107
2 8 3.37 108
2 8 3.38 109
2 8 3.38 110
2 8 3.39 111
2 8 3.38 112
2 8 3.39 113
2 8 3.39 114
2 8 3.39 115
2 8 3.38 116
2 8 3.38 117
2 8 3.38 118
2 8 3.39 119
2 8 3.38 120
2 8 3.37 121
2 8 3.36 122
2 8 3.35 123
2 8 3.35 124
2 8 3.35 125
2 8 3.35 126
2 8 3.35 127
2 8 3.34 128
2 8 3.34 129
2 8 3.35 130
2 8 3.35 131
2 8 3.36 132
2 8 3.35 133
2 8 3.34 134
2 8 3.35 135
2 8 3.35 136
2 8 3.34 137
2 8 3.34 138
2 8 3.33 139
2 8 3.34 140
2 8 3.33 141
2 8 3.33 142
2 8 3.33 143
2 8 3.32 144
2 8 3.32 145
2 8 3.32 146
2 8 3.31 147
2 8 3.31 148
2 8 3.30 149
2 8 3.29 150
2 8 3.30 151
2 8 3.30 152
2 8 3.30 153
2 8 3.31 154
2 8 3.30 155
2 8 3.30 156
2 8 3.31 157
2 8 3.30 158
2 8 3.31 159
2 8 3.31 160
2 8 3.30 161
2 8 3.31 162
2 8 3.33 163
2 8 3.33 164
2 8 3.33 165
2 8 3.33 166
2 8 3.32 167
2 8 3.33 168
2 8 3.33 169
2 8 3.32 170
2 8 3.32 171
2 8 3.32 172
2 8 3.32 173
2 8 3.32 174
2 8 3.32 175
2 8 3.32 176
2 8 3.32 177
2 8 3.31 178
2 8 3.31 179
2 8 3.31 180
2 8 3.31 181
2 8 3.31 182
2 8 3.31 183
2 8 3.32 184
2 8 3.31 185
2 8 3.31 186
2 8 3.31 187
2 8 3.31 188
1 8 3.30 189
1 8 3.31 190
1 8 3.30 191
1 8 3.31 192
1 8 3.31 193
1 8 3.30 194
1 8 3.31 195
1 8 3.31 196
1 8 3.31 197
1 8 3.31 198
1 8 3.32 199
1 8 3.33 200
1 8 3.32 201
1 8 3.32 202
1 8 3.32 203
1 8 3.31 204
1 8 3.31 205
1 8 3.31 206
1 8 3.30 207
1 8 3.30 208
1 8 3.30 209
1 8 3.30 210
1 8 3.30 211
1 8 3.31 212
1 8 3.31 213
0 8 3.29 214
0 8 3.29 215
0 8 3.30 216
0 8 3.31 217
0 8 3.32 218
0 8 3.32 219
0 8 3.32 220
0 8 3.32 221
0 8 3.32 222
0 8 3.31 223
0 8 3.31 224
0 8 3.31 225
0 8 3.31 226
0 8 3.31 227
0 8 3.31 228
0 8 3.31 229
0 8 3.30 230
0 8 3.31 231
0 8 3.31 232
0 8 3.31 233
0 8 3.31 234
0 8 3.31 235
0 8 3.31 236
0 8 3.31 237
0 8 3.31 238
0 8 3.31 239
0 8 3.31 240
0 8 3.31 241
0 8 3.31 242
0 8 3.31 243
0 8 3.30 244
0 8 3.30 245
0 8 3.30 246
0 8 3.30 247
0 8 3.29 248
0 8 3.30 249
0 8 3.30 250
0 8 3.30 251
0 8 3.29 252
0 8 3.29 253
0 8 3.29 254
0 8 3.29 255
0 8 3.29 256
0 8 3.28 257
0 8 3.28 258
0 8 3.28 259
0 8 3.28 260
0 8 3.29 261
0 8 3.28 262
0 8 3.28 263
0 8 3.28 264
0 8 3.28 265
0 8 3.28 266
0 8 3.28 267
0 8 3.27 268
0 8 3.26 269
0 8 3.27 270
0 8 3.27 271
0 8 3.26 272
0 8 3.26 273
0 8 3.26 274
0 8 3.27 275
0 8 3.26 276
0 8 3.26 277
0 8 3.26 278
0 8 3.26 279
0 8 3.26 280
0 8 3.26 281
0 8 3.26 282
0 8 3.26 283
0 8 3.26 284
0 8 3.26 285
0 8 3.26 286
0 8 3.26 287
0 8 3.26 288
0 8 3.26 289
0 8 3.26 290
0 8 3.26 291
0 8 3.26 292
0 8 3.26 293
0 8 3.26 294
0 8 3.26 295
0 8 3.27 296
0 8 3.27 297
0 8 3.27 298
0 8 3.26 299
0 8 3.26 300
0 8 3.26 301
0 8 3.26 302
0 8 3.26 303
0 8 3.26 304
0 8 3.26 305
0 8 3.26 306
0 8 3.26 307
0 8 3.26 308
0 8 3.26 309
0 8 3.26 310
0 8 3.26 311
0 8 3.25 312
0 8 3.25 313
0 8 3.25 314
0 8 3.25 315
0 8 3.25 316
0 8 3.25 317
0 8 3.25 318
0 8 3.25 319
0 8 3.25 320
0 8 3.25 321
0 8 3.24 322
0 8 3.24 323
0 8 3.24 324
0 8 3.24 325
0 8 3.23 326
0 8 3.23 327
0 8 3.23 328
0 8 3.23 329
0 8 3.23 330
0 8 3.22 331
0 8 3.22 332
0 8 3.22 333
0 8 3.22 334
0 8 3.22 335
0 8 3.23 336
0 8 3.23 337
0 8 3.22 338
0 8 3.22 339
0 8 3.22 340
0 8 3.22 341
0 8 3.22 342
0 8 3.22 343
0 8 3.22 344
0 8 3.23 345
0 8 3.23 346
0 8 3.22 347
0 8 3.22 348
0 8 3.22 349
0 8 3.22 350
0 8 3.22 351
0 8 3.22 352
0 8 3.22 353
0 8 3.21 354
0 8 3.21 355
0 8 3.21 356
0 8 3.21 357
0 8 3.21 358
0 8 3.21 359
0 8 3.22 360
0 8 3.21 361
0 8 3.21 362
0 8 3.21 363
0 8 3.21 364
0 8 3.21 365
0 8 3.20 366
0 8 3.20 367
0 8 3.20 368
0 8 3.20 369
0 8 3.20 370
0 8 3.20 371
0 8 3.21 372
0 8 3.21 373
0 8 3.21 374
0 8 3.21 375
0 8 3.21 376
0 8 3.21 377
0 8 3.21 378
0 8 3.20 379
0 8 3.20 380
0 8 3.20 381
0 8 3.20 382
0 8 3.21 383
0 8 3.21 384
0 8 3.21 385
0 8 3.21 386
0 8 3.21 387
0 8 3.21 388
0 8 3.22 389
0 8 3.22 390
0 8 3.22 391
0 8 3.22 392
0 8 3.22 393
0 8 3.22 394
0 8 3.22 395
0 8 3.23 396
0 8 3.22 397
0 8 3.22 398
0 8 3.22 399
0 8 3.22 400
0 8 3.22 401
0 8 3.22 402
0 8 3.22 403
0 8 3.22 404
0 8 3.22 405
0 8 3.22 406
0 8 3.22 407
0 8 3.23 408
0 8 3.22 409
0 8 3.23 410
0 8 3.23 411
0 8 3.23 412
0 8 3.23 413
0 8 3.23 414
0 8 3.23 415
0 8 3.23 416
0 8 3.23 417
0 8 3.22 418
0 8 3.22 419
0 8 3.22 420
0 8 3.22 421
0 8 3.22 422
0 8 3.22 423
0 8 3.22 424
0 8 3.22 425
0 8 3.22 426
0 8 3.22 427
0 8 3.22 428
0 8 3.22 429
0 8 3.22 430
0 8 3.22 431
0 8 3.22 432
0 8 3.21 433
0 8 3.21 434
0 8 3.22 435
0 8 3.22 436
0 8 3.22 437
0 8 3.21 438
0 8 3.22 439
0 8 3.22 440
0 8 3.22 441
0 8 3.21 442
0 8 3.21 443
0 8 3.21 444
0 8 3.21 445
0 8 3.21 446
0 8 3.21 447
0 8 3.21 448
0 8 3.21 449
0 8 3.21 450
0 8 3.21 451
0 8 3.21 452
0 8 3.21 453
0 8 3.20 454
0 8 3.20 455
0 8 3.21 456
0 8 3.21 457
0 8 3.20 458
0 8 3.20 459
0 8 3.21 460
0 8 3.21 461
0 8 3.21 462
0 8 3.21 463
0 8 3.21 464
0 8 3.21 465
0 8 3.21 466
0 8 3.21 467
0 8 3.21 468
0 8 3.21 469
0 8 3.21 470
0 8 3.21 471
0 8 3.21 472
0 8 3.21 473
0 8 3.21 474
0 8 3.21 475
0 8 3.21 476
0 8 3.21 477
0 8 3.21 478
0 8 3.21 479
0 8 3.20 480
0 8 3.20 481
0 8 3.20 482
0 8 3.20 483
0 8 3.20 484
0 8 3.20 485
0 8 3.20 486
0 8 3.20 487
0 8 3.19 488
0 8 3.19 489
0 8 3.19 490
0 8 3.19 491
0 8 3.19 492
0 8 3.19 493
0 8 3.19 494
0 8 3.20 495
0 8 3.20 496
0 8 3.20 497
0 8 3.20 498
0 8 3.20 499
0 8 3.20 500
0 8 3.20 501
0 8 3.20 502
0 8 3.19 503
0 8 3.20 504
0 8 3.20 505
0 8 3.20 506
0 8 3.20 507
0 8 3.20 508
0 8 3.20 509
0 8 3.20 510
0 8 3.20 511
0 8 3.20 512
0 8 3.20 513
0 8 3.20 514
0 8 3.20 515
0 8 3.20 516
0 8 3.20 517
0 8 3.20 518
0 8 3.20 519
0 8 3.20 520
0 8 3.20 521
0 8 3.20 522
0 8 3.20 523
0 8 3.20 524
0 8 3.20 525
0 8 3.20 526
0 8 3.20 527
0 8 3.20 528
0 8 3.20 529
0 8 3.20 530
0 8 3.20 531
0 8 3.20 532
0 8 3.20 533
0 8 3.20 534
0 8 3.20 535
0 8 3.20 536
0 8 3.20 537
0 8 3.21 538
0 8 3.21 539
0 8 3.21 540
0 8 3.21 541
0 8 3.21 542
0 8 3.21 543
0 8 3.21 544
0 8 3.21 545
0 8 3.21 546
0 8 3.21 547
0 8 3.21 548
0 8 3.21 549
0 8 3.21 550
0 8 3.21 551
0 8 3.20 552
0 8 3.21 553
0 8 3.21 554
0 8 3.21 555
0 8 3.21 556
0 8 3.20 557
0 8 3.20 558
0 8 3.20 559
0 8 3.20 560
0 8 3.20 561
0 8 3.20 562
0 8 3.20 563
0 8 3.20 564
0 8 3.20 565
0 8 3.20 566
0 8 3.20 567
0 8 3.20 568
0 8 3.20 569
0 8 3.20 570
0 8 3.19 571
0 8 3.19 572
0 8 3.19 573
0 8 3.20 574
0 8 3.20 575
0 8 3.20 576
0 8 3.20 577
0 8 3.20 578
0 8 3.19 579
0 8 3.19 580
0 8 3.19 581
0 8 3.19 582
0 8 3.19 583
0 8 3.20 584
0 8 3.19 585
0 8 3.20 586
0 8 3.20 587
0 8 3.20 588
0 8 3.20 589
0 8 3.20 590
0 8 3.19 591
0 8 3.19 592
0 8 3.19 593
0 8 3.19 594
0 8 3.19 595
0 8 3.20 596
0 8 3.20 597
0 8 3.20 598
0 8 3.19 599
0 8 3.19 600
0 8 3.20 601
0 8 3.20 602
0 8 3.20 603
0 8 3.20 604
0 8 3.20 605
0 8 3.19 606
0 8 3.19 607
0 8 3.19 608
0 8 3.19 609
0 8 3.19 610
0 8 3.19 611
0 8 3.19 612
0 8 3.20 613
0 8 3.20 614
0 8 3.20 615
0 8 3.19 616
0 8 3.19 617
0 8 3.19 618
0 8 3.19 619
0 8 3.19 620
0 8 3.19 621
0 8 3.19 622
0 8 3.19 623
0 8 3.19 624
0 8 3.19 625
0 8 3.19 626
0 8 3.19 627
0 8 3.19 628
0 8 3.19 629
0 8 3.19 630
0 8 3.19 631
0 8 3.19 632
0 8 3.19 633
0 8 3.19 634
0 8 3.19 635
0 8 3.19 636
0 8 3.19 637
0 8 3.19 638
0 8 3.