3 3 3.00 1
2 3 2.50 2
2 3 2.33 3
2 3 2.25 4
2 3 2.40 5
2 3 2.33 6
2 3 2.29 7
1 3 2.12 8
1 3 2.22 9
1 3 2.20 10
1 3 2.18 11
0 3 2.00 12
0 3 1.92 13
0 3 1.93 14
0 3 1.93 15
0 3 2.00 16
0 3 2.00 17
0 3 2.00 18
0 3 2.00 19
0 3 2.00 20
0 3 2.00 21
0 3 2.00 22
0 3 1.96 23
0 3 1.96 24
0 3 1.96 25
0 3 2.00 26
0 3 2.00 27
0 3 2.04 28
0 3 2.03 29
0 3 1.97 30
0 4 2.03 31
0 4 2.03 32
0 4 2.03 33
0 4 2.06 34
0 4 2.06 35
0 4 2.08 36
0 4 2.08 37
0 4 2.11 38
0 4 2.10 39
0 4 2.10 40
0 4 2.12 41
0 4 2.12 42
0 4 2.12 43
0 4 2.11 44
0 4 2.09 45
0 4 2.11 46
0 4 2.13 47
0 4 2.15 48
0 4 2.16 49
0 4 2.14 50
0 4 2.14 51
0 4 2.13 52
0 4 2.15 53
0 4 2.13 54
0 4 2.13 55
0 4 2.14 56
0 4 2.14 57
0 4 2.14 58
0 4 2.15 59
0 4 2.13 60
0 4 2.13 61
0 4 2.13 62
0 4 2.14 63
0 4 2.14 64
0 4 2.14 65
0 4 2.14 66
0 4 2.15 67
0 4 2.15 68
0 4 2.14 69
0 4 2.14 70
0 4 2.13 71
0 4 2.12 72
0 4 2.11 73
0 4 2.11 74
0 4 2.11 75
0 4 2.11 76
0 4 2.10 77
0 4 2.09 78
0 4 2.09 79
0 4 2.09 80
0 4 2.10 81
0 4 2.10 82
0 4 2.10 83
0 4 2.10 84
0 4 2.11 85
0 4 2.09 86
0 4 2.09 87
0 4 2.09 88
0 4 2.09 89
0 4 2.09 90
0 4 2.09 91
0 4 2.09 92
0 4 2.09 93
0 4 2.09 94
0 4 2.08 95
0 4 2.08 96
0 4 2.08 97
0 4 2.08 98
0 4 2.07 99
0 4 2.09 100
0 4 2.09 101
0 4 2.08 102
0 4 2.08 103
0 4 2.08 104
0 4 2.08 105
0 4 2.08 106
0 4 2.07 107
0 4 2.07 108
0 4 2.07 109
0 4 2.07 110
0 4 2.07 111
0 4 2.08 112
0 4 2.08 113
0 4 2.08 114
0 4 2.06 115
0 4 2.06 116
0 4 2.06 117
0 4 2.06 118
0 4 2.07 119
0 4 2.07 120
0 4 2.07 121
0 4 2.07 122
0 4 2.07 123
0 4 2.06 124
0 4 2.06 125
0 4 2.06 126
0 4 2.06 127
0 4 2.07 128
0 4 2.08 129
0 4 2.07 130
0 4 2.08 131
0 4 2.08 132
0 4 2.08 133
0 4 2.08 134
0 4 2.08 135
0 4 2.08 136
0 4 2.09 137
0 4 2.09 138
0 4 2.09 139
0 4 2.09 140
0 4 2.09 141
0 4 2.08 142
0 4 2.08 143
0 4 2.09 144
0 4 2.09 145
0 4 2.08 146
0 4 2.07 147
0 4 2.07 148
0 4 2.07 149
0 4 2.07 150
0 4 2.07 151
0 4 2.07 152
0 4 2.07 153
0 4 2.06 154
0 4 2.07 155
0 4 2.07 156
0 4 2.07 157
0 4 2.06 158
0 4 2.06 159
0 4 2.06 160
0 4 2.06 161
0 4 2.06 162
0 4 2.05 163
0 4 2.05 164
0 4 2.05 165
0 4 2.05 166
0 4 2.06 167
0 4 2.06 168
0 4 2.06 169
0 4 2.06 170
0 4 2.06 171
0 4 2.06 172
0 4 2.06 173
0 4 2.07 174
0 4 2.07 175
0 4 2.06 176
0 4 2.06 177
0 4 2.06 178
0 4 2.07 179
0 4 2.07 180
0 4 2.07 181
0 4 2.07 182
0 4 2.07 183
0 4 2.07 184
0 4 2.06 185
0 4 2.07 186
0 4 2.07 187
0 4 2.07 188
0 4 2.07 189
0 4 2.07 190
0 4 2.06 191
0 4 2.06 192
0 4 2.06 193
0 4 2.06 194
0 4 2.05 195
0 4 2.05 196
0 4 2.05 197
0 4 2.05 198
0 4 2.05 199
0 4 2.04 200
0 4 2.04 201
0 4 2.04 202
0 4 2.04 203
0 4 2.03 204
0 4 2.03 205
0 4 2.02 206
0 4 2.02 207
0 4 2.02 208
0 4 2.02 209
0 4 2.02 210
0 4 2.02 211
0 4 2.02 212
0 4 2.02 213
0 4 2.02 214
0 4 2.02 215
0 4 2.02 216
0 4 2.02 217
0 4 2.02 218
0 4 2.02 219
0 4 2.02 220
0 4 2.02 221
0 4 2.02 222
0 4 2.02 223
0 4 2.02 224
0 4 2.02 225
0 4 2.02 226
0 4 2.02 227
0 4 2.02 228
0 4 2.03 229
0 4 2.03 230
0 4 2.03 231
0 4 2.03 232
0 4 2.03 233
0 4 2.03 234
0 4 2.04 235
0 4 2.04 236
0 4 2.04 237
0 4 2.04 238
0 4 2.04 239
0 4 2.04 240
0 4 2.04 241
0 4 2.04 242
0 4 2.04 243
0 4 2.04 244
0 4 2.04 245
0 4 2.04 246
0 4 2.04 247
0 4 2.04 248
0 4 2.04 249
0 4 2.04 250
0 4 2.04 251
0 4 2.04 252
0 4 2.05 253
0 4 2.04 254
0 4 2.04 255
0 4 2.04 256
0 4 2.04 257
0 4 2.04 258
0 4 2.04 259
0 4 2.04 260
0 4 2.04 261
0 4 2.04 262
0 4 2.04 263
0 4 2.04 264
0 4 2.05 265
0 4 2.05 266
0 4 2.05 267
0 4 2.05 268
0 4 2.04 269
0 4 2.04 270
0 4 2.04 271
0 4 2.04 272
0 4 2.04 273
0 4 2.04 274
0 4 2.04 275
0 4 2.04 276
0 4 2.05 277
0 4 2.05 278
0 4 2.05 279
0 4 2.05 280
0 4 2.05 281
0 4 2.05 282
0 4 2.05 283
0 4 2.04 284
0 4 2.04 285
0 4 2.04 286
0 4 2.04 287
0 4 2.05 288
0 4 2.04 289
0 4 2.04 290
0 4 2.04 291
0 4 2.04 292
0 4 2.04 293
0 4 2.04 294
0 4 2.04 295
0 4 2.04 296
0 4 2.04 297
0 4 2.04 298
0 4 2.04 299
0 4 2.04 300
0 4 2.04 301
0 4 2.04 302
0 4 2.04 303
0 4 2.04 304
0 4 2.04 305
0 4 2.04 306
0 4 2.04 307
0 4 2.04 308
0 4 2.04 309
0 4 2.04 310
0 4 2.05 311
0 4 2.04 312
0 4 2.04 313
0 4 2.05 314
0 4 2.05 315
0 4 2.05 316
0 4 2.05 317
0 4 2.05 318
0 4 2.06 319
0 4 2.06 320
0 4 2.06 321
0 4 2.06 322
0 4 2.06 323
0 4 2.06 324
0 4 2.06 325
0 4 2.06 326
0 4 2.06 327
0 4 2.06 328
0 4 2.06 329
0 4 2.06 330
0 4 2.06 331
0 4 2.06 332
0 4 2.06 333
0 4 2.06 334
0 4 2.06 335
0 4 2.06 336
0 4 2.07 337
0 4 2.07 338
0 4 2.06 339
0 4 2.06 340
0 4 2.06 341
0 4 2.07 342
0 4 2.07 343
0 4 2.07 344
0 4 2.07 345
0 4 2.07 346
0 4 2.07 347
0 4 2.07 348
0 4 2.07 349
0 4 2.07 350
0 4 2.07 351
0 4 2.07 352
0 4 2.06 353
0 4 2.06 354
0 4 2.06 355
0 4 2.06 356
0 4 2.06 357
0 4 2.06 358
0 4 2.06 359
0 4 2.06 360
0 4 2.06 361
0 4 2.06 362
0 4 2.06 363
0 4 2.05 364
0 4 2.05 365
0 4 2.05 366
0 4 2.05 367
0 4 2.05 368
0 4 2.05 369
0 4 2.05 370
0 4 2.05 371
0 4 2.05 372
0 4 2.05 373
0 4 2.05 374
0 4 2.05 375
0 4 2.04 376
0 4 2.04 377
0 4 2.04 378
0 4 2.04 379
0 4 2.04 380
0 4 2.04 381
0 4 2.04 382
0 4 2.04 383
0 4 2.04 384
0 4 2.04 385
0 4 2.04 386
0 4 2.04 387
0 4 2.03 388
0 4 2.03 389
0 4 2.03 390
0 4 2.03 391
0 4 2.02 392
0 4 2.02 393
0 4 2.02 394
0 4 2.02 395
0 4 2.02 396
0 4 2.03 397
0 4 2.03 398
0 4 2.02 399
0 4 2.02 400
0 4 2.02 401
0 4 2.02 402
0 4 2.02 403
0 4 2.02 404
0 4 2.02 405
0 4 2.02 406
0 4 2.02 407
0 4 2.02 408
0 4 2.02 409
0 4 2.02 410
0 4 2.02 411
0 4 2.02 412
0 4 2.02 413
0 4 2.02 414
0 4 2.02 415
0 4 2.02 416
0 4 2.02 417
0 4 2.02 418
0 4 2.02 419
0 4 2.02 420
0 4 2.02 421
0 4 2.02 422
0 4 2.02 423
0 4 2.02 424
0 4 2.02 425
0 4 2.02 426
0 4 2.02 427
0 4 2.02 428
0 4 2.02 429
0 4 2.02 430
0 4 2.02 431
0 4 2.02 432
0 4 2.02 433
0 4 2.02 434
0 4 2.02 435
0 4 2.02 436
0 4 2.02 437
0 4 2.02 438
0 4 2.02 439
0 4 2.02 440
0 4 2.02 441
0 4 2.02 442
0 4 2.02 443
0 4 2.02 444
0 4 2.02 445
0 4 2.02 446
0 4 2.02 447
0 4 2.02 448
0 4 2.02 449
0 4 2.02 450
0 4 2.02 451
0 4 2.02 452
0 4 2.02 453
0 4 2.02 454
0 4 2.02 455
0 4 2.02 456
0 4 2.02 457
0 4 2.02 458
0 4 2.02 459
0 4 2.02 460
0 4 2.02 461
0 4 2.02 462
0 4 2.02 463
0 4 2.02 464
0 4 2.02 465
0 4 2.02 466
0 4 2.02 467
0 4 2.02 468
0 4 2.02 469
0 4 2.02 470
0 4 2.02 471
0 4 2.02 472
0 4 2.02 473
0 4 2.02 474
0 4 2.02 475
0 4 2.02 476
0 4 2.02 477
0 4 2.02 478
0 4 2.02 479
0 4 2.02 480
0 4 2.02 481
0 4 2.02 482
0 4 2.02 483
0 4 2.02 484
0 4 2.02 485
0 4 2.02 486
0 4 2.02 487
0 4 2.02 488
0 4 2.02 489
0 4 2.02 490
0 4 2.03 491
0 4 2.03 492
0 4 2.03 493
0 4 2.02 494
0 4 2.02 495
0 4 2.02 496
0 4 2.02 497
0 4 2.02 498
0 4 2.02 499
0 4 2.02 500
0 4 2.02 501
0 4 2.02 502
0 4 2.02 503
0 4 2.02 504
0 4 2.02 505
0 4 2.02 506
0 4 2.02 507
0 4 2.02 508
0 4 2.02 509
0 4 2.02 510
0 4 2.02 511
0 4 2.02 512
0 4 2.02 513
0 4 2.02 514
0 4 2.02 515
0 4 2.02 516
0 4 2.02 517
0 4 2.02 518
0 4 2.02 519
0 4 2.02 520
0 4 2.02 521
0 4 2.01 522
0 4 2.01 523
0 4 2.01 524
0 4 2.02 525
0 4 2.01 526
0 4 2.01 527
0 4 2.01 528
0 4 2.01 529
0 4 2.01 530
0 4 2.01 531
0 4 2.01 532
0 4 2.01 533
0 4 2.01 534
0 4 2.01 535
0 4 2.01 536
0 4 2.01 537
0 4 2.01 538
0 4 2.01 539
0 4 2.01 540
0 4 2.01 541
0 4 2.01 542
0 4 2.01 543
0 4 2.00 544
0 4 2.00 545
0 4 2.01 546
0 4 2.00 547
0 4 2.00 548
0 4 2.00 549
0 4 2.00 550
0 4 2.00 551
0 4 2.00 552
0 4 2.00 553
0 4 2.00 554
0 4 2.00 555
0 4 2.00 556
0 4 2.00 557
0 4 2.00 558
0 4 2.00 559
0 4 2.00 560
0 4 2.00 561
0 4 2.00 562
0 4 2.00 563
0 4 2.00 564
0 4 2.00 565
0 4 2.00 566
0 4 2.00 567
0 4 2.00 568
0 4 2.00 569
0 4 2.00 570
0 4 2.00 571
0 5 2.01 572
0 5 2.01 573
0 5 2.01 574
0 5 2.01 575
0 5 2.01 576
0 5 2.01 577
0 5 2.01 578
0 5 2.01 579
0 5 2.01 580
0 5 2.01 581
0 5 2.01 582
0 5 2.01 583
0 5 2.01 584
0 5 2.01 585
0 5 2.01 586
0 5 2.01 587
0 5 2.01 588
0 5 2.01 589
0 5 2.01 590
0 5 2.01 591
0 5 2.01 592
0 5 2.01 593
0 5 2.01 594
0 5 2.01 595
0 5 2.01 596
0 5 2.01 597
0 5 2.01 598
0 5 2.01 599
0 5 2.00 600
0 5 2.00 601
0 5 2.00 602
0 5 2.00 603
0 5 2.00 604
0 5 2.00 605
0 5 2.00 606
0 5 2.00 607
0 5 2.00 608
0 5 2.00 609
0 5 2.00 610
0 5 2.00 611
0 5 2.00 612
0 5 2.00 613
0 5 2.00 614
0 5 2.00 615
0 5 2.00 616
0 5 2.00 617
0 5 2.00 618
0 5 2.00 619
0 5 2.00 620
0 5 2.00 621
0 5 2.00 622
0 5 2.00 623
0 5 2.00 624
0 5 2.00 625
0 5 2.00 626
0 5 2.00 627
0 5 2.00 628
0 5 2.00 629
0 5 2.00 630
0 5 2.00 631
0 5 2.00 632
0 5 2.00 633
0 5 2.00 634
0 5 2.00 635
0 5 2.00 636
0 5 2.00 637
0 5 2.00 638
0 5 2.