8 8 8.00 1
4 8 6.00 2
4 8 6.00 3
4 8 5.75 4
4 8 5.40 5
4 8 5.33 6
4 8 5.14 7
4 8 5.12 8
3 8 4.89 9
3 8 4.80 10
3 8 4.82 11
3 8 4.75 12
3 8 4.69 13
2 8 4.50 14
2 8 4.53 15
2 8 4.44 16
2 8 4.29 17
2 8 4.22 18
2 8 4.16 19
2 8 4.05 20
2 8 4.00 21
2 8 3.95 22
2 8 3.91 23
2 8 3.83 24
2 8 3.76 25
2 8 3.69 26
2 8 3.63 27
2 8 3.57 28
2 8 3.52 29
2 8 3.47 30
2 8 3.48 31
2 8 3.50 32
1 8 3.42 33
1 8 3.35 34
1 8 3.31 35
1 8 3.31 36
1 8 3.30 37
1 8 3.26 38
1 8 3.26 39
1 8 3.23 40
1 8 3.20 41
1 8 3.14 42
1 8 3.12 43
1 8 3.11 44
1 8 3.09 45
1 8 3.09 46
1 8 3.09 47
1 8 3.06 48
1 8 3.02 49
1 8 3.00 50
1 8 3.00 51
1 8 2.98 52
1 8 2.98 53
1 8 2.96 54
1 8 2.96 55
1 8 3.04 56
1 8 3.04 57
1 8 3.00 58
1 8 2.97 59
1 8 2.97 60
1 8 2.98 61
1 8 2.98 62
1 8 2.98 63
1 8 2.97 64
1 8 2.97 65
0 8 2.92 66
0 8 2.91 67
0 8 2.90 68
0 8 2.90 69
0 8 2.90 70
0 8 2.90 71
0 8 2.90 72
0 8 2.89 73
0 8 2.86 74
0 8 2.84 75
0 8 2.83 76
0 8 2.82 77
0 8 2.82 78
0 8 2.81 79
0 8 2.81 80
0 8 2.81 81
0 8 2.80 82
0 8 2.78 83
0 8 2.79 84
0 8 2.78 85
0 8 2.78 86
0 8 2.77 87
0 8 2.77 88
0 8 2.76 89
0 8 2.76 90
0 8 2.75 91
0 8 2.74 92
0 8 2.74 93
0 8 2.74 94
0 8 2.75 95
0 8 2.79 96
0 8 2.79 97
0 8 2.79 98
0 8 2.77 99
0 8 2.76 100
0 8 2.75 101
0 8 2.75 102
0 8 2.75 103
0 8 2.75 104
0 8 2.75 105
0 8 2.75 106
0 8 2.75 107
0 8 2.73 108
0 8 2.72 109
0 8 2.73 110
0 8 2.73 111
0 8 2.76 112
0 8 2.73 113
0 8 2.73 114
0 8 2.74 115
0 8 2.76 116
0 8 2.75 117
0 8 2.75 118
0 8 2.76 119
0 8 2.77 120
0 8 2.78 121
0 8 2.77 122
0 8 2.76 123
0 8 2.75 124
0 8 2.74 125
0 8 2.74 126
0 8 2.74 127
0 8 2.74 128
0 8 2.74 129
0 8 2.73 130
0 8 2.73 131
0 8 2.73 132
0 8 2.71 133
0 8 2.71 134
0 8 2.71 135
0 8 2.74 136
0 8 2.77 137
0 8 2.75 138
0 8 2.75 139
0 8 2.75 140
0 8 2.74 141
0 8 2.73 142
0 8 2.73 143
0 8 2.72 144
0 8 2.72 145
0 8 2.72 146
0 8 2.71 147
0 8 2.71 148
0 8 2.70 149
0 8 2.69 150
0 8 2.70 151
0 8 2.70 152
0 8 2.70 153
0 8 2.69 154
0 8 2.70 155
0 8 2.70 156
0 8 2.69 157
0 8 2.69 158
0 8 2.69 159
0 8 2.68 160
0 8 2.68 161
0 8 2.69 162
0 8 2.69 163
0 8 2.69 164
0 8 2.68 165
0 8 2.68 166
0 8 2.67 167
0 8 2.69 168
0 8 2.69 169
0 8 2.69 170
0 8 2.69 171
0 8 2.69 172
0 8 2.71 173
0 8 2.71 174
0 8 2.71 175
0 8 2.71 176
0 8 2.71 177
0 8 2.72 178
0 8 2.72 179
0 8 2.71 180
0 8 2.71 181
0 8 2.71 182
0 8 2.70 183
0 8 2.70 184
0 8 2.70 185
0 8 2.70 186
0 8 2.71 187
0 8 2.71 188
0 8 2.70 189
0 8 2.69 190
0 8 2.70 191
0 8 2.70 192
0 8 2.71 193
0 8 2.71 194
0 8 2.71 195
0 8 2.70 196
0 8 2.70 197
0 8 2.70 198
0 8 2.70 199
0 8 2.69 200
0 8 2.69 201
0 8 2.69 202
0 8 2.69 203
0 8 2.69 204
0 8 2.69 205
0 8 2.68 206
0 8 2.68 207
0 8 2.68 208
0 8 2.67 209
0 8 2.67 210
0 8 2.66 211
0 8 2.66 212
0 8 2.66 213
0 8 2.66 214
0 8 2.66 215
0 8 2.65 216
0 8 2.65 217
0 8 2.67 218
0 10 2.70 219
0 10 2.70 220
0 10 2.69 221
0 10 2.70 222
0 10 2.71 223
0 10 2.72 224
0 10 2.72 225
0 10 2.72 226
0 10 2.71 227
0 10 2.71 228
0 10 2.71 229
0 10 2.71 230
0 10 2.71 231
0 10 2.70 232
0 10 2.70 233
0 10 2.69 234
0 10 2.69 235
0 10 2.69 236
0 10 2.69 237
0 10 2.69 238
0 10 2.69 239
0 10 2.69 240
0 10 2.69 241
0 10 2.69 242
0 10 2.69 243
0 10 2.69 244
0 10 2.69 245
0 10 2.70 246
0 10 2.69 247
0 10 2.69 248
0 10 2.69 249
0 10 2.68 250
0 10 2.68 251
0 10 2.68 252
0 10 2.68 253
0 10 2.68 254
0 10 2.68 255
0 10 2.68 256
0 10 2.68 257
0 10 2.67 258
0 10 2.67 259
0 10 2.67 260
0 10 2.67 261
0 10 2.67 262
0 10 2.67 263
0 10 2.67 264
0 10 2.67 265
0 10 2.67 266
0 10 2.66 267
0 10 2.66 268
0 10 2.66 269
0 10 2.66 270
0 10 2.66 271
0 10 2.65 272
0 10 2.66 273
0 10 2.66 274
0 10 2.65 275
0 10 2.66 276
0 10 2.66 277
0 10 2.66 278
0 10 2.66 279
0 10 2.66 280
0 10 2.65 281
0 10 2.65 282
0 10 2.65 283
0 10 2.65 284
0 10 2.65 285
0 10 2.65 286
0 10 2.64 287
0 10 2.65 288
0 10 2.65 289
0 10 2.64 290
0 10 2.64 291
0 10 2.64 292
0 10 2.65 293
0 10 2.66 294
0 10 2.66 295
0 10 2.67 296
0 10 2.67 297
0 10 2.66 298
0 10 2.66 299
0 10 2.66 300
0 10 2.66 301
0 10 2.66 302
0 10 2.66 303
0 10 2.66 304
0 10 2.66 305
0 10 2.66 306
0 10 2.65 307
0 10 2.65 308
0 10 2.65 309
0 10 2.65 310
0 10 2.66 311
0 10 2.66 312
0 10 2.66 313
0 10 2.66 314
0 10 2.66 315
0 10 2.66 316
0 10 2.66 317
0 10 2.65 318
0 10 2.66 319
0 10 2.65 320
0 10 2.65 321
0 10 2.66 322
0 10 2.66 323
0 10 2.66 324
0 10 2.66 325
0 10 2.66 326
0 10 2.66 327
0 10 2.66 328
0 10 2.67 329
0 10 2.66 330
0 10 2.66 331
0 10 2.66 332
0 10 2.66 333
0 10 2.66 334
0 10 2.66 335
0 10 2.66 336
0 10 2.67 337
0 10 2.67 338
0 10 2.67 339
0 10 2.67 340
0 10 2.67 341
0 10 2.67 342
0 10 2.67 343
0 10 2.67 344
0 10 2.67 345
0 10 2.67 346
0 10 2.67 347
0 10 2.67 348
0 10 2.68 349
0 10 2.67 350
0 10 2.68 351
0 10 2.68 352
0 10 2.67 353
0 10 2.67 354
0 10 2.67 355
0 10 2.67 356
0 10 2.67 357
0 10 2.67 358
0 10 2.67 359
0 10 2.67 360
0 10 2.67 361
0 10 2.67 362
0 10 2.67 363
0 10 2.66 364
0 10 2.67 365
0 10 2.67 366
0 10 2.67 367
0 10 2.67 368
0 10 2.67 369
0 10 2.67 370
0 10 2.67 371
0 10 2.67 372
0 10 2.67 373
0 10 2.67 374
0 10 2.67 375
0 10 2.66 376
0 10 2.67 377
0 10 2.67 378
0 10 2.66 379
0 10 2.66 380
0 10 2.66 381
0 10 2.66 382
0 10 2.66 383
0 10 2.66 384
0 10 2.66 385
0 10 2.66 386
0 10 2.66 387
0 10 2.65 388
0 10 2.66 389
0 10 2.66 390
0 10 2.65 391
0 10 2.66 392
0 10 2.65 393
0 10 2.65 394
0 10 2.65 395
0 10 2.65 396
0 10 2.65 397
0 10 2.65 398
0 10 2.65 399
0 10 2.65 400
0 10 2.65 401
0 10 2.64 402
0 10 2.64 403
0 10 2.64 404
0 10 2.64 405
0 10 2.64 406
0 10 2.64 407
0 10 2.64 408
0 10 2.64 409
0 10 2.64 410
0 10 2.64 411
0 10 2.63 412
0 10 2.63 413
0 10 2.63 414
0 10 2.63 415
0 10 2.62 416
0 10 2.62 417
0 10 2.62 418
0 10 2.62 419
0 10 2.62 420
0 10 2.62 421
0 10 2.62 422
0 10 2.61 423
0 10 2.61 424
0 10 2.61 425
0 10 2.62 426
0 10 2.61 427
0 10 2.61 428
0 10 2.61 429
0 10 2.60 430
0 10 2.61 431
0 10 2.61 432
0 10 2.61 433
0 10 2.62 434
0 10 2.62 435
0 10 2.62 436
0 10 2.62 437
0 10 2.63 438
0 10 2.64 439
0 10 2.64 440
0 10 2.64 441
0 10 2.64 442
0 10 2.64 443
0 10 2.64 444
0 10 2.64 445
0 10 2.64 446
0 10 2.64 447
0 10 2.64 448
0 10 2.64 449
0 10 2.64 450
0 10 2.64 451
0 10 2.64 452
0 10 2.64 453
0 10 2.64 454
0 10 2.64 455
0 10 2.64 456
0 10 2.64 457
0 10 2.64 458
0 10 2.64 459
0 10 2.64 460
0 10 2.64 461
0 10 2.64 462
0 10 2.64 463
0 10 2.64 464
0 10 2.63 465
0 10 2.64 466
0 10 2.63 467
0 10 2.63 468
0 10 2.64 469
0 10 2.65 470
0 10 2.66 471
0 10 2.66 472
0 10 2.66 473
0 10 2.66 474
0 10 2.65 475
0 10 2.65 476
0 10 2.65 477
0 10 2.65 478
0 10 2.65 479
0 10 2.64 480
0 10 2.64 481
0 10 2.64 482
0 10 2.64 483
0 10 2.64 484
0 10 2.64 485
0 10 2.64 486
0 10 2.64 487
0 10 2.64 488
0 10 2.65 489
0 10 2.64 490
0 10 2.64 491
0 10 2.64 492
0 10 2.64 493
0 10 2.64 494
0 10 2.64 495
0 10 2.65 496
0 10 2.65 497
0 10 2.66 498
0 10 2.66 499
0 10 2.66 500
0 10 2.66 501
0 10 2.66 502
0 10 2.66 503
0 10 2.65 504
0 10 2.66 505
0 10 2.66 506
0 10 2.67 507
0 10 2.67 508
0 10 2.67 509
0 10 2.67 510
0 10 2.66 511
0 10 2.66 512
0 10 2.67 513
0 10 2.67 514
0 10 2.66 515
0 10 2.66 516
0 10 2.66 517
0 10 2.66 518
0 10 2.66 519
0 10 2.67 520
0 10 2.67 521
0 10 2.67 522
0 10 2.67 523
0 10 2.67 524
0 10 2.67 525
0 10 2.67 526
0 10 2.67 527
0 10 2.67 528
0 10 2.67 529
0 10 2.67 530
0 10 2.66 531
0 10 2.66 532
0 10 2.66 533
0 10 2.66 534
0 10 2.66 535
0 10 2.66 536
0 10 2.66 537
0 10 2.66 538
0 10 2.66 539
0 10 2.66 540
0 10 2.66 541
0 10 2.66 542
0 10 2.66 543
0 10 2.66 544
0 10 2.66 545
0 10 2.66 546
0 10 2.67 547
0 10 2.67 548
0 10 2.67 549
0 10 2.67 550
0 10 2.68 551
0 10 2.68 552
0 10 2.68 553
0 10 2.68 554
0 10 2.68 555
0 10 2.68 556
0 10 2.68 557
0 10 2.68 558
0 10 2.68 559
0 10 2.68 560
0 10 2.68 561
0 10 2.68 562
0 10 2.68 563
0 10 2.68 564
0 10 2.68 565
0 10 2.68 566
0 10 2.68 567
0 10 2.68 568
0 10 2.68 569
0 10 2.68 570
0 10 2.68 571
0 10 2.68 572
0 10 2.68 573
0 10 2.68 574
0 10 2.67 575
0 10 2.67 576
0 10 2.67 577
0 10 2.67 578
0 10 2.67 579
0 10 2.67 580
0 10 2.67 581
0 10 2.67 582
0 10 2.67 583
0 10 2.67 584
0 10 2.67 585
0 10 2.67 586
0 10 2.68 587
0 10 2.68 588
0 10 2.68 589
0 10 2.68 590
0 10 2.68 591
0 10 2.68 592
0 10 2.69 593
0 10 2.69 594
0 10 2.68 595
0 10 2.69 596
0 10 2.69 597
0 10 2.68 598
0 10 2.68 599
0 10 2.68 600
0 10 2.68 601
0 10 2.68 602
0 10 2.68 603
0 10 2.68 604
0 10 2.69 605
0 10 2.68 606
0 10 2.69 607
0 10 2.68 608
0 10 2