1 1 1.00 1
1 1 1.00 2
1 1 1.00 3
1 1 1.00 4
0 1 0.80 5
0 2 1.00 6
0 2 0.86 7
0 2 0.88 8
0 2 0.89 9
0 2 0.80 10
0 2 0.82 11
0 2 0.83 12
0 2 0.77 13
0 2 0.79 14
0 2 0.80 15
0 2 0.81 16
0 2 0.82 17
0 2 0.89 18
0 2 0.84 19
0 2 0.80 20
0 2 0.81 21
0 2 0.77 22
0 2 0.74 23
0 2 0.75 24
0 2 0.72 25
0 2 0.73 26
0 2 0.74 27
0 2 0.75 28
0 2 0.76 29
0 2 0.77 30
0 2 0.74 31
0 2 0.72 32
0 2 0.70 33
0 2 0.71 34
0 2 0.71 35
0 2 0.72 36
0 2 0.70 37
0 2 0.71 38
0 2 0.72 39
0 2 0.72 40
0 2 0.71 41
0 2 0.74 42
0 2 0.72 43
0 2 0.75 44
0 2 0.78 45
0 2 0.78 46
0 2 0.77 47
0 2 0.77 48
0 2 0.78 49
0 2 0.78 50
0 2 0.78 51
0 2 0.79 52
0 2 0.79 53
0 2 0.81 54
0 2 0.82 55
0 2 0.82 56
0 2 0.82 57
0 2 0.83 58
0 2 0.83 59
0 2 0.82 60
0 2 0.82 61
0 2 0.81 62
0 2 0.79 63
0 2 0.80 64
0 2 0.80 65
0 2 0.79 66
0 2 0.79 67
0 2 0.79 68
0 2 0.80 69
0 2 0.80 70
0 2 0.79 71
0 2 0.79 72
0 2 0.79 73
0 2 0.80 74
0 2 0.80 75
0 2 0.79 76
0 2 0.79 77
0 2 0.78 78
0 2 0.78 79
0 2 0.79 80
0 2 0.78 81
0 2 0.78 82
0 2 0.77 83
0 2 0.76 84
0 2 0.75 85
0 2 0.74 86
0 2 0.75 87
0 2 0.75 88
0 2 0.75 89
0 2 0.76 90
0 2 0.76 91
0 2 0.75 92
0 2 0.74 93
0 2 0.73 94
0 2 0.75 95
0 2 0.75 96
0 2 0.75 97
0 2 0.74 98
0 2 0.76 99
0 2 0.75 100
0 2 0.75 101
0 2 0.75 102
0 2 0.75 103
0 2 0.75 104
0 2 0.75 105
0 2 0.75 106
0 2 0.76 107
0 2 0.76 108
0 2 0.76 109
0 2 0.76 110
0 2 0.77 111
0 2 0.77 112
0 2 0.77 113
0 2 0.76 114
0 2 0.77 115
0 2 0.78 116
0 2 0.78 117
0 2 0.78 118
0 2 0.77 119
0 2 0.77 120
0 2 0.77 121
0 2 0.77 122
0 2 0.77 123
0 2 0.77 124
0 2 0.77 125
0 2 0.77 126
0 2 0.76 127
0 2 0.77 128
0 2 0.77 129
0 2 0.77 130
0 2 0.76 131
0 2 0.76 132
0 2 0.75 133
0 2 0.75 134
0 2 0.75 135
0 2 0.74 136
0 2 0.74 137
0 2 0.75 138
0 2 0.75 139
0 2 0.74 140
0 2 0.74 141
0 2 0.73 142
0 2 0.73 143
0 2 0.73 144
0 2 0.73 145
0 2 0.73 146
0 2 0.72 147
0 2 0.72 148
0 2 0.71 149
0 2 0.71 150
0 2 0.71 151
0 2 0.71 152
0 2 0.71 153
0 2 0.70 154
0 2 0.70 155
0 2 0.70 156
0 2 0.69 157
0 2 0.70 158
0 2 0.69 159
0 2 0.69 160
0 2 0.70 161
0 2 0.70 162
0 2 0.70 163
0 2 0.70 164
0 2 0.69 165
0 2 0.69 166
0 2 0.69 167
0 2 0.70 168
0 2 0.70 169
0 2 0.69 170
0 2 0.69 171
0 2 0.69 172
0 2 0.68 173
0 2 0.68 174
0 2 0.68 175
0 2 0.68 176
0 2 0.68 177
0 2 0.67 178
0 2 0.68 179
0 2 0.68 180
0 2 0.68 181
0 2 0.68 182
0 2 0.68 183
0 2 0.68 184
0 2 0.68 185
0 2 0.68 186
0 2 0.68 187
0 2 0.68 188
0 2 0.68 189
0 2 0.68 190
0 2 0.68 191
0 2 0.68 192
0 2 0.68 193
0 2 0.68 194
0 2 0.68 195
0 2 0.68 196
0 2 0.68 197
0 2 0.67 198
0 2 0.67 199
0 2 0.67 200
0 2 0.67 201
0 2 0.66 202
0 2 0.67 203
0 2 0.67 204
0 2 0.67 205
0 2 0.67 206
0 2 0.66 207
0 2 0.66 208
0 2 0.67 209
0 2 0.67 210
0 2 0.66 211
0 2 0.66 212
0 2 0.66 213
0 2 0.66 214
0 2 0.67 215
0 2 0.67 216
0 2 0.66 217
0 2 0.66 218
0 2 0.67 219
0 2 0.67 220
0 2 0.67 221
0 2 0.66 222
0 2 0.66 223
0 2 0.66 224
0 2 0.66 225
0 2 0.66 226
0 2 0.67 227
0 2 0.67 228
0 2 0.67 229
0 2 0.67 230
0 2 0.67 231
0 2 0.67 232
0 2 0.67 233
0 2 0.67 234
0 2 0.67 235
0 2 0.67 236
0 2 0.66 237
0 2 0.66 238
0 2 0.66 239
0 2 0.66 240
0 2 0.66 241
0 2 0.66 242
0 2 0.66 243
0 2 0.66 244
0 2 0.65 245
0 2 0.65 246
0 2 0.65 247
0 2 0.65 248
0 2 0.65 249
0 2 0.65 250
0 2 0.65 251
0 2 0.65 252
0 2 0.65 253
0 2 0.65 254
0 2 0.65 255
0 2 0.65 256
0 2 0.65 257
0 2 0.64 258
0 2 0.64 259
0 2 0.64 260
0 2 0.64 261
0 2 0.63 262
0 2 0.63 263
0 2 0.64 264
0 2 0.64 265
0 2 0.64 266
0 2 0.64 267
0 2 0.64 268
0 2 0.64 269
0 2 0.64 270
0 2 0.64 271
0 2 0.64 272
0 2 0.64 273
0 2 0.64 274
0 2 0.64 275
0 2 0.65 276
0 2 0.65 277
0 2 0.65 278
0 2 0.65 279
0 2 0.65 280
0 2 0.65 281
0 2 0.65 282
0 2 0.65 283
0 2 0.65 284
0 2 0.65 285
0 2 0.65 286
0 2 0.66 287
0 2 0.65 288
0 2 0.65 289
0 2 0.65 290
0 2 0.65 291
0 2 0.65 292
0 2 0.65 293
0 2 0.65 294
0 2 0.65 295
0 2 0.65 296
0 2 0.65 297
0 2 0.65 298
0 2 0.65 299
0 2 0.65 300
0 2 0.65 301
0 2 0.65 302
0 2 0.65 303
0 2 0.65 304
0 2 0.65 305
0 2 0.65 306
0 2 0.65 307
0 2 0.65 308
0 2 0.65 309
0 2 0.65 310
0 2 0.65 311
0 2 0.65 312
0 2 0.65 313
0 2 0.65 314
0 2 0.64 315
0 2 0.64 316
0 2 0.64 317
0 2 0.64 318
0 2 0.64 319
0 2 0.64 320
0 2 0.64 321
0 2 0.64 322
0 2 0.64 323
0 2 0.64 324
0 2 0.64 325
0 2 0.64 326
0 2 0.64 327
0 2 0.64 328
0 2 0.64 329
0 2 0.64 330
0 2 0.64 331
0 2 0.64 332
0 2 0.64 333
0 2 0.64 334
0 2 0.64 335
0 2 0.64 336
0 2 0.64 337
0 2 0.64 338
0 2 0.64 339
0 2 0.64 340
0 2 0.64 341
0 2 0.64 342
0 2 0.64 343
0 2 0.64 344
0 2 0.64 345
0 2 0.64 346
0 2 0.64 347
0 2 0.64 348
0 2 0.64 349
0 2 0.64 350
0 2 0.64 351
0 2 0.63 352
0 2 0.63 353
0 2 0.63 354
0 2 0.63 355
0 2 0.63 356
0 2 0.63 357
0 2 0.63 358
0 2 0.63 359
0 2 0.63 360
0 2 0.63 361
0 2 0.64 362
0 2 0.63 363
0 2 0.63 364
0 2 0.64 365
0 2 0.64 366
0 2 0.64 367
0 2 0.64 368
0 2 0.64 369
0 2 0.64 370
0 2 0.64 371
0 2 0.64 372
0 2 0.64 373
0 2 0.64 374
0 2 0.64 375
0 2 0.64 376
0 2 0.64 377
0 2 0.64 378
0 2 0.64 379
0 2 0.64 380
0 2 0.64 381
0 2 0.64 382
0 2 0.64 383
0 2 0.64 384
0 2 0.64 385
0 2 0.65 386
0 2 0.64 387
0 2 0.64 388
0 2 0.64 389
0 2 0.64 390
0 2 0.65 391
0 2 0.65 392
0 2 0.65 393
0 2 0.65 394
0 2 0.65 395
0 2 0.65 396
0 2 0.65 397
0 2 0.65 398
0 2 0.65 399
0 2 0.65 400
0 2 0.65 401
0 2 0.65 402
0 2 0.65 403
0 2 0.65 404
0 2 0.65 405
0 2 0.65 406
0 2 0.65 407
0 2 0.64 408
0 2 0.64 409
0 2 0.64 410
0 2 0.64 411
0 2 0.64 412
0 2 0.64 413
0 2 0.64 414
0 2 0.64 415
0 2 0.64 416
0 2 0.64 417
0 2 0.64 418
0 2 0.64 419
0 2 0.64 420
0 2 0.64 421
0 2 0.64 422
0 2 0.65 423
0 2 0.65 424
0 2 0.64 425
0 2 0.65 426
0 2 0.65 427
0 2 0.65 428
0 2 0.65 429
0 2 0.65 430
0 2 0.65 431
0 2 0.65 432
0 2 0.65 433
0 2 0.65 434
0 2 0.65 435
0 2 0.65 436
0 2 0.65 437
0 2 0.65 438
0 2 0.65 439
0 2 0.65 440
0 2 0.65 441
0 2 0.65 442
0 2 0.65 443
0 2 0.65 444
0 2 0.65 445
0 2 0.65 446
0 2 0.66 447
0 2 0.65 448
0 2 0.65 449
0 2 0.65 450
0 2 0.65 451
0 2 0.65 452
0 2 0.65 453
0 2 0.65 454
0 2 0.65 455
0 2 0.65 456
0 2 0.65 457
0 2 0.65 458
0 2 0.65 459
0 2 0.65 460
0 2 0.65 461
0 2 0.65 462
0 2 0.65 463
0 2 0.65 464
0 2 0.65 465
0 2 0.65 466
0 2 0.65 467
0 2 0.65 468
0 2 0.65 469
0 2 0.65 470
0 2 0.65 471
0 2 0.65 472
0 2 0.65 473
0 2 0.65 474
0 2 0.65 475
0 2 0.65 476
0 2 0.65 477
0 2 0.65 478
0 2 0.65 479
0 2 0.65 480
0 2 0.65 481
0 2 0.65 482
0 2 0.65 483
0 2 0.65 484
0 2 0.65 485
0 2 0.65 486
0 2 0.65 487
0 2 0.65 488
0 2 0.65 489
0 2 0.65 490
0 2 0.65 491
0 2 0.65 492
0 2 0.65 493
0 2 0.65 494
0 2 0.65 495
0 2 0.65 496
0 2 0.65 497
0 2 0.65 498
0 2 0.65 499
0 2 0.65 500
0 2 0.65 501
0 2 0.65 502
0 2 0.65 503
0 2 0.65 504
0 2 0.65 505
0 2 0.65 506
0 2 0.65 507
0 2 0.65 508
0 2 0.65 509
0 2 0.65 510
0 2 0.65 511
0 2 0.65 512
0 2 0.65 513
0 2 0.65 514
0 2 0.65 515
0 2 0.65 516
0 2 0.65 517
0 2 0.65 518
0 2 0.65 519
0 2 0.65 520
0 2 0.65 521
0 2 0.65 522
0 2 0.65 523
0 2 0.65 524
0 2 0.65 525
0 2 0.65 526
0 2 0.65 527
0 2 0.65 528
0 2 0.65 529
0 2 0.65 530
0 2 0.65 531
0 2 0.65 532
0 2 0.65 533
0 2 0.65 534
0 2 0.65 535
0 2 0.65 536
0 2 0.65 537
0 2 0.65 538
0 2 0.65 539
0 2 0.65 540
0 2 0.65 541
0 2 0.65 542
0 2 0.65 543
0 2 0.65 544
0 2 0.65 545
0 2 0.65 546
0 2 0.65 547
0 2 0.65 548
0 2 0.65 549
0 2 0.65 550
0 2 0.65 551
0 2 0.64 552
0 2 0.65 553
0 2 0.64 554
0 2 0.65 555
0 2 0.64 556
0 2 0.64 557
0 2 0.64 558
0 2 0.64 559
0 2 0.64 560
0 2 0.64 561
0 2 0.64 562
0 2 0.64 563
0 2 0.64 564
0 2 0.64 565
0 2 0.64 566
0 2 0.64 567
0 2 0.64 568
0 2 0.64 569
0 2 0.64 570
0 2 0.64 571
0 2 0.64 572
0 2 0.64 573
0 2 0.64 574
0 2 0.64 575
0 2 0.64 576
0 2 0.64 577
0 2 0.64 578
0 2 0.64 579
0 2 0.64 580
0 2 0.64 581
0 2 0.64 582
0 2 0.64 583
0 2 0.64 584
0 2 0.64 585
0 2 0.64 586
0 2 0.64 587
0 2 0.64 588
0 2 0.64 589
0 2 0.64 590
0 2 0.64 591
0 2 0.64 592
0 2 0.64 593
0 2 0.64 594
0 2 0.64 595
0 2 0.64 596
0 2 0.64 597
0 2 0.64 598
0 2 0.64 599
0 2 0.64 600
0 2 0.64 601
0 2 0.64 602
0 2 0.64 603
0 2 0.64 604
0 2 0.64 605
0 2 0.64 606
0 2 0.64 607
0 2 0.64 608
0 2 0.64 609
0 2 0.64 610
0 2 0.64 611
0 2 0.64 612
0 2 0.64 613
0 2 0.64 614
0 2 0.64 615
0 2 0.64 616
0 2 0.64 617
0 2 0.64 618
0 2 0.64 619
0 2 0.64 620
0 2 0.64 621
0 2 0.64 622
0 2 0.64 623
0 2 0.64 624
0 2 0.64 625
0 2 0.64 626
0 2 0.64 627
0 2 0.64 628
0 2 0.64 629
0 2 0.64 630
0 2 0.64 631
0 2 0.64 632
0 2 0.64 633
0 2 0.64 634
0 2 0.64 635
0 2 0.64 636
0 2 0.64 637
0 2 0.64 638
0 3 0.