8 8 8.00 1
5 8 6.50 2
5 8 6.33 3
5 8 6.00 4
5 10 6.80 5
4 10 6.33 6
4 10 6.43 7
4 10 6.25 8
4 10 6.11 9
4 10 6.00 10
4 10 5.91 11
4 10 5.92 12
4 10 5.92 13
4 10 5.86 14
4 10 5.80 15
4 10 5.75 16
4 10 5.65 17
4 10 5.61 18
4 10 5.68 19
4 10 5.65 20
4 10 5.62 21
4 10 5.59 22
4 10 5.61 23
4 10 5.54 24
4 10 5.52 25
4 10 5.46 26
4 10 5.41 27
4 10 5.46 28
4 10 5.45 29
4 10 5.47 30
4 10 5.42 31
4 10 5.44 32
4 10 5.45 33
4 10 5.47 34
4 10 5.49 35
4 10 5.47 36
4 10 5.49 37
4 10 5.45 38
4 10 5.49 39
4 10 5.55 40
4 10 5.56 41
4 10 5.57 42
4 10 5.58 43
4 10 5.57 44
4 10 5.53 45
4 10 5.57 46
4 10 5.57 47
4 10 5.58 48
4 10 5.59 49
4 10 5.60 50
4 10 5.57 51
4 10 5.56 52
4 10 5.57 53
4 10 5.56 54
4 10 5.56 55
4 10 5.55 56
4 10 5.54 57
4 10 5.53 58
4 10 5.54 59
4 10 5.55 60
4 10 5.59 61
4 10 5.61 62
4 10 5.62 63
4 10 5.61 64
4 10 5.65 65
4 10 5.65 66
4 10 5.67 67
4 10 5.68 68
4 10 5.68 69
4 10 5.69 70
4 10 5.68 71
4 10 5.68 72
4 10 5.68 73
4 10 5.68 74
4 10 5.68 75
4 10 5.67 76
4 10 5.68 77
4 10 5.67 78
4 10 5.67 79
4 10 5.67 80
4 10 5.68 81
4 10 5.68 82
4 10 5.69 83
4 10 5.68 84
4 10 5.67 85
4 10 5.67 86
4 10 5.68 87
4 10 5.68 88
4 10 5.69 89
4 10 5.69 90
2 10 5.65 91
2 10 5.64 92
2 10 5.62 93
2 10 5.63 94
2 10 5.60 95
2 10 5.58 96
2 10 5.57 97
2 10 5.55 98
2 10 5.53 99
2 10 5.50 100
2 10 5.49 101
2 10 5.47 102
0 10 5.42 103
0 10 5.42 104
0 10 5.41 105
0 10 5.40 106
0 10 5.36 107
0 10 5.33 108
0 10 5.30 109
0 10 5.30 110
0 10 5.29 111
0 10 5.28 112
0 10 5.27 113
0 10 5.25 114
0 10 5.24 115
0 10 5.23 116
0 10 5.21 117
0 10 5.18 118
0 10 5.17 119
0 10 5.16 120
0 10 5.15 121
0 10 5.15 122
0 10 5.14 123
0 10 5.13 124
0 10 5.11 125
0 10 5.09 126
0 10 5.09 127
0 10 5.08 128
0 10 5.08 129
0 10 5.07 130
0 10 5.08 131
0 10 5.07 132
0 10 5.05 133
0 10 5.04 134
0 10 5.04 135
0 10 5.03 136
0 10 5.02 137
0 10 5.01 138
0 10 5.01 139
0 10 5.01 140
0 10 5.00 141
0 10 4.99 142
0 10 4.97 143
0 10 4.97 144
0 10 4.96 145
0 10 4.95 146
0 10 4.95 147
0 10 4.96 148
0 10 4.97 149
0 10 4.93 150
0 10 4.93 151
0 10 4.93 152
0 10 4.92 153
0 10 4.92 154
0 10 4.92 155
0 10 4.91 156
0 10 4.90 157
0 10 4.89 158
0 10 4.87 159
0 10 4.87 160
0 10 4.86 161
0 10 4.86 162
0 10 4.85 163
0 10 4.85 164
0 10 4.84 165
0 10 4.84 166
0 10 4.83 167
0 10 4.82 168
0 10 4.80 169
0 10 4.80 170
0 10 4.80 171
0 10 4.79 172
0 10 4.79 173
0 10 4.78 174
0 10 4.77 175
0 10 4.76 176
0 10 4.75 177
0 10 4.74 178
0 10 4.74 179
0 10 4.73 180
0 10 4.73 181
0 10 4.73 182
0 10 4.72 183
0 10 4.71 184
0 10 4.70 185
0 10 4.69 186
0 10 4.69 187
0 10 4.69 188
0 10 4.69 189
0 10 4.68 190
0 10 4.68 191
0 10 4.67 192
0 10 4.66 193
0 10 4.66 194
0 10 4.66 195
0 10 4.65 196
0 10 4.65 197
0 10 4.63 198
0 10 4.64 199
0 10 4.63 200
0 10 4.65 201
0 10 4.65 202
0 10 4.65 203
0 10 4.65 204
0 10 4.65 205
0 10 4.65 206
0 10 4.65 207
0 10 4.64 208
0 10 4.64 209
0 10 4.63 210
0 10 4.63 211
0 10 4.64 212
0 10 4.64 213
0 10 4.64 214
0 10 4.64 215
0 10 4.63 216
0 10 4.63 217
0 10 4.62 218
0 10 4.62 219
0 10 4.62 220
0 10 4.62 221
0 10 4.62 222
0 10 4.62 223
0 10 4.64 224
0 10 4.62 225
0 10 4.62 226
0 10 4.61 227
0 10 4.60 228
0 10 4.60 229
0 10 4.59 230
0 10 4.59 231
0 10 4.59 232
0 10 4.58 233
0 10 4.58 234
0 10 4.57 235
0 10 4.57 236
0 10 4.57 237
0 10 4.58 238
0 10 4.58 239
0 10 4.58 240
0 10 4.58 241
0 10 4.57 242
0 10 4.56 243
0 10 4.56 244
0 10 4.55 245
0 10 4.55 246
0 10 4.55 247
0 10 4.54 248
0 10 4.54 249
0 10 4.54 250
0 10 4.53 251
0 10 4.53 252
0 10 4.53 253
0 10 4.52 254
0 10 4.52 255
0 10 4.52 256
0 10 4.52 257
0 10 4.51 258
0 10 4.51 259
0 10 4.50 260
0 10 4.49 261
0 10 4.49 262
0 10 4.49 263
0 10 4.49 264
0 10 4.49 265
0 10 4.48 266
0 10 4.49 267
0 10 4.50 268
0 10 4.51 269
0 10 4.50 270
0 10 4.50 271
0 10 4.50 272
0 10 4.50 273
0 10 4.50 274
0 10 4.50 275
0 10 4.50 276
0 10 4.49 277
0 10 4.49 278
0 10 4.49 279
0 10 4.49 280
0 10 4.49 281
0 10 4.49 282
0 10 4.48 283
0 10 4.48 284
0 10 4.48 285
0 10 4.48 286
0 10 4.48 287
0 10 4.48 288
0 10 4.47 289
0 10 4.47 290
0 10 4.47 291
0 10 4.47 292
0 10 4.46 293
0 10 4.46 294
0 10 4.46 295
0 10 4.46 296
0 10 4.45 297
0 10 4.46 298
0 10 4.45 299
0 10 4.46 300
0 10 4.46 301
0 10 4.45 302
0 10 4.44 303
0 10 4.44 304
0 10 4.45 305
0 10 4.44 306
0 10 4.44 307
0 10 4.44 308
0 10 4.44 309
0 10 4.43 310
0 10 4.43 311
0 10 4.43 312
0 10 4.43 313
0 10 4.43 314
0 10 4.43 315
0 10 4.43 316
0 10 4.43 317
0 10 4.43 318
0 10 4.43 319
0 10 4.42 320
0 10 4.43 321
0 10 4.43 322
0 10 4.43 323
0 10 4.43 324
0 10 4.42 325
0 10 4.43 326
0 10 4.42 327
0 10 4.42 328
0 10 4.41 329
0 10 4.41 330
0 10 4.41 331
0 10 4.41 332
0 10 4.41 333
0 10 4.40 334
0 10 4.40 335
0 10 4.41 336
0 10 4.41 337
0 10 4.41 338
0 10 4.41 339
0 10 4.41 340
0 10 4.41 341
0 10 4.42 342
0 10 4.42 343
0 10 4.42 344
0 10 4.42 345
0 10 4.42 346
0 10 4.42 347
0 10 4.42 348
0 10 4.42 349
0 10 4.41 350
0 10 4.42 351
0 10 4.41 352
0 10 4.41 353
0 10 4.41 354
0 10 4.41 355
0 10 4.41 356
0 10 4.41 357
0 10 4.41 358
0 10 4.40 359
0 10 4.40 360
0 10 4.40 361
0 10 4.40 362
0 10 4.40 363
0 10 4.40 364
0 10 4.40 365
0 10 4.40 366
0 10 4.39 367
0 10 4.39 368
0 10 4.39 369
0 10 4.39 370
0 10 4.39 371
0 10 4.39 372
0 10 4.39 373
0 10 4.39 374
0 10 4.39 375
0 10 4.39 376
0 10 4.39 377
0 10 4.39 378
0 10 4.39 379
0 10 4.39 380
0 10 4.38 381
0 10 4.38 382
0 10 4.38 383
0 10 4.38 384
0 10 4.38 385
0 10 4.38 386
0 10 4.38 387
0 10 4.38 388
0 10 4.38 389
0 10 4.38 390
0 10 4.38 391
0 10 4.38 392
0 10 4.38 393
0 10 4.38 394
0 10 4.38 395
0 10 4.38 396
0 10 4.38 397
0 10 4.37 398
0 10 4.37 399
0 10 4.38 400
0 10 4.37 401
0 10 4.37 402
0 10 4.37 403
0 10 4.37 404
0 10 4.37 405
0 10 4.37 406
0 10 4.37 407
0 10 4.37 408
0 10 4.37 409
0 10 4.37 410
0 10 4.36 411
0 10 4.36 412
0 10 4.36 413
0 10 4.36 414
0 10 4.35 415
0 10 4.36 416
0 10 4.36 417
0 10 4.36 418
0 10 4.36 419
0 10 4.36 420
0 10 4.36 421
0 10 4.36 422
0 10 4.36 423
0 10 4.36 424
0 10 4.36 425
0 10 4.35 426
0 10 4.35 427
0 10 4.35 428
0 10 4.35 429
0 10 4.35 430
0 10 4.35 431
0 10 4.35 432
0 10 4.34 433
0 10 4.34 434
0 10 4.34 435
0 10 4.33 436
0 10 4.33 437
0 10 4.33 438
0 10 4.33 439
0 10 4.33 440
0 10 4.33 441
0 10 4.33 442
0 10 4.32 443
0 10 4.32 444
0 10 4.32 445
0 10 4.32 446
0 10 4.32 447
0 10 4.32 448
0 10 4.32 449
0 10 4.32 450
0 10 4.32 451
0 10 4.32 452
0 10 4.32 453
0 10 4.32 454
0 10 4.32 455
0 10 4.32 456
0 10 4.32 457
0 10 4.33 458
0 10 4.32 459
0 10 4.32 460
0 10 4.32 461
0 10 4.32 462
0 10 4.32 463
0 10 4.32 464
0 10 4.32 465
0 10 4.32 466
0 10 4.33 467
0 10 4.32 468
0 10 4.32 469
0 10 4.32 470
0 10 4.32 471
0 10 4.32 472
0 10 4.33 473
0 10 4.32 474
0 10 4.32 475
0 10 4.32 476
0 10 4.31 477
0 10 4.31 478
0 10 4.31 479
0 10 4.31 480
0 10 4.31 481
0 10 4.30 482
0 10 4.30 483
0 19 4.33 484
0 19 4.33 485
0 19 4.33 486
0 19 4.33 487
0 19 4.33 488
0 19 4.32 489
0 19 4.32 490
0 19 4.33 491
0 19 4.33 492
0 19 4.33 493
0 19 4.33 494
0 19 4.33 495
0 19 4.33 496
0 19 4.33 497
0 19 4.33 498
0 19 4.33 499
0 19 4.33 500
0 19 4.33 501
0 19 4.33 502
0 19 4.33 503
0 19 4.33 504
0 19 4.33 505
0 19 4.33 506
0 19 4.33 507
0 19 4.32 508
0 19 4.33 509
0 19 4.33 510
0 19 4.33 511
0 19 4.33 512
0 19 4.33 513
0 19 4.33 514
0 19 4.33 515
0 19 4.33 516
0 19 4.33 517
0 19 4.33 518
0 19 4.33 519
0 19 4.33 520
0 19 4.33 521
0 19 4.33 522
0 19 4.33 523
0 19 4.34 524
0 19 4.34 525
0 19 4.34 526
0 19 4.34 527
0 19 4.34 528
0 19 4.34 529
0 19 4.34 530
0 19 4.34 531
0 19 4.34 532
0 19 4.34 533
0 19 4.34 534
0 19 4.34 535
0 19 4.34 536
0 19 4.34 537
0 19 4.34 538
0 19 4.34 539
0 19 4.34 540
0 19 4.34 541
0 19 4.34 542
0 19 4.34 543
0 19 4.34 544
0 19 4.33 545
0 19 4.34 546
0 19 4.34 547
0 19 4.34 548
0 19 4.34 549
0 19 4.34 550
0 19 4.34 551
0 19 4.34 552
0 19 4.34 553
0 19 4.34 554
0 19 4.34 555
0 19 4.34 556
0 19 4.34 557
0 19 4.34 558
0 19 4.34 559
0 19 4.34 560
0 19 4.34 561
0 19 4.33 562
0 19 4.33 563
0 19 4.32 564
0 19 4.32 565
0 19 4.32 566
0 19 4.32 567
0 19 4.32 568
0 19 4.31 569
0 19 4.31 570
0 19 4.31 571
0 19 4.31 572
0 19 4.31 573
0 19 4.31 574
0 19 4.31 575
0 19 4.31 576
0 19 4.31 577
0 19 4.31 578
0 19 4.31 579
0 19 4.31 580
0 19 4.31 581
0 19 4.31 582
0 19 4.31 583
0 19 4.31 584
0 19 4.31 585
0 19 4.31 586
0 19 4.31 587
0 19 4.31 588
0 19 4.32 589
0 19 4.32 590
0 19 4.31 591
0 19 4.31 592
0 19 4.32 593
0 