5 5 5.00 1
3 5 4.00 2
3 5 4.00 3
3 7 4.75 4
3 7 4.40 5
3 7 4.33 6
3 7 4.43 7
3 7 4.50 8
3 7 4.44 9
3 7 4.50 10
3 7 4.55 11
3 7 4.58 12
3 7 4.54 13
3 7 4.50 14
3 7 4.47 15
3 7 4.50 16
3 7 4.53 17
3 7 4.50 18
3 7 4.53 19
3 7 4.50 20
3 7 4.57 21
0 7 4.36 22
0 7 4.39 23
0 7 4.38 24
0 7 4.32 25
0 7 4.35 26
0 7 4.33 27
0 7 4.39 28
0 7 4.34 29
0 7 4.33 30
0 7 4.39 31
0 7 4.38 32
0 7 4.33 33
0 7 4.32 34
0 7 4.29 35
0 7 4.31 36
0 7 4.30 37
0 7 4.29 38
0 7 4.28 39
0 7 4.28 40
0 7 4.27 41
0 7 4.26 42
0 7 4.28 43
0 7 4.25 44
0 7 4.27 45
0 7 4.28 46
0 7 4.30 47
0 7 4.29 48
0 7 4.29 49
0 7 4.30 50
0 7 4.31 51
0 7 4.31 52
0 7 4.32 53
0 7 4.31 54
0 7 4.31 55
0 7 4.32 56
0 7 4.33 57
0 7 4.34 58
0 7 4.34 59
0 7 4.33 60
0 7 4.33 61
0 7 4.32 62
0 7 4.32 63
0 7 4.33 64
0 7 4.34 65
0 7 4.33 66
0 7 4.31 67
0 7 4.32 68
0 7 4.35 69
0 7 4.36 70
0 7 4.34 71
0 7 4.35 72
0 7 4.33 73
0 7 4.31 74
0 7 4.33 75
0 7 4.34 76
0 7 4.32 77
0 7 4.33 78
0 7 4.35 79
0 7 4.34 80
0 7 4.36 81
0 7 4.37 82
0 7 4.36 83
0 7 4.36 84
0 7 4.36 85
0 7 4.37 86
0 7 4.38 87
0 7 4.38 88
0 7 4.36 89
0 7 4.37 90
0 7 4.37 91
0 7 4.38 92
0 7 4.39 93
0 7 4.38 94
0 7 4.36 95
0 7 4.35 96
0 7 4.36 97
0 7 4.37 98
0 7 4.36 99
0 7 4.35 100
0 7 4.35 101
0 7 4.34 102
0 7 4.34 103
0 7 4.34 104
0 7 4.34 105
0 7 4.33 106
0 7 4.34 107
0 7 4.34 108
0 7 4.34 109
0 7 4.35 110
0 7 4.33 111
0 7 4.36 112
0 7 4.35 113
0 7 4.35 114
0 7 4.35 115
0 7 4.34 116
0 7 4.35 117
0 7 4.35 118
0 7 4.34 119
0 7 4.34 120
0 7 4.35 121
0 7 4.34 122
0 7 4.33 123
0 7 4.33 124
0 7 4.32 125
0 7 4.31 126
0 7 4.31 127
0 7 4.30 128
0 7 4.29 129
0 7 4.29 130
0 7 4.29 131
0 7 4.28 132
0 7 4.28 133
0 7 4.28 134
0 7 4.28 135
0 7 4.28 136
0 7 4.28 137
0 7 4.26 138
0 7 4.25 139
0 7 4.24 140
0 7 4.24 141
0 7 4.24 142
0 7 4.24 143
0 7 4.24 144
0 7 4.23 145
0 7 4.23 146
0 7 4.22 147
0 7 4.22 148
0 7 4.21 149
0 7 4.21 150
0 7 4.21 151
0 7 4.20 152
0 7 4.20 153
0 7 4.20 154
0 7 4.20 155
0 7 4.20 156
0 7 4.19 157
0 7 4.20 158
0 7 4.19 159
0 7 4.19 160
0 7 4.19 161
0 7 4.19 162
0 7 4.18 163
0 7 4.18 164
0 7 4.18 165
0 7 4.17 166
0 7 4.17 167
0 7 4.17 168
0 7 4.17 169
0 7 4.18 170
0 7 4.19 171
0 7 4.18 172
0 7 4.18 173
0 7 4.18 174
0 7 4.19 175
0 7 4.19 176
0 7 4.19 177
0 7 4.19 178
0 7 4.18 179
0 7 4.17 180
0 7 4.18 181
0 7 4.18 182
0 7 4.17 183
0 7 4.17 184
0 7 4.18 185
0 7 4.18 186
0 7 4.19 187
0 7 4.19 188
0 7 4.19 189
0 7 4.19 190
0 7 4.20 191
0 7 4.19 192
0 7 4.20 193
0 7 4.20 194
0 7 4.19 195
0 7 4.19 196
0 7 4.20 197
0 7 4.20 198
0 7 4.20 199
0 7 4.20 200
0 7 4.20 201
0 7 4.20 202
0 7 4.21 203
0 7 4.21 204
0 7 4.20 205
0 7 4.21 206
0 7 4.21 207
0 7 4.20 208
0 7 4.20 209
0 7 4.20 210
0 7 4.19 211
0 7 4.19 212
0 7 4.19 213
0 7 4.20 214
0 7 4.20 215
0 7 4.20 216
0 7 4.20 217
0 7 4.21 218
0 7 4.21 219
0 7 4.21 220
0 7 4.21 221
0 7 4.21 222
0 7 4.21 223
0 7 4.20 224
0 7 4.20 225
0 7 4.20 226
0 7 4.20 227
0 7 4.20 228
0 7 4.20 229
0 7 4.20 230
0 7 4.20 231
0 7 4.20 232
0 7 4.20 233
0 7 4.20 234
0 7 4.20 235
0 7 4.19 236
0 7 4.20 237
0 7 4.20 238
0 7 4.19 239
0 7 4.20 240
0 7 4.20 241
0 7 4.19 242
0 7 4.19 243
0 7 4.18 244
0 7 4.18 245
0 7 4.18 246
0 7 4.19 247
0 7 4.19 248
0 7 4.19 249
0 7 4.18 250
0 7 4.18 251
0 7 4.18 252
0 7 4.18 253
0 7 4.18 254
0 7 4.18 255
0 7 4.17 256
0 7 4.17 257
0 7 4.17 258
0 7 4.17 259
0 7 4.17 260
0 7 4.16 261
0 7 4.16 262
0 7 4.16 263
0 7 4.16 264
0 7 4.16 265
0 7 4.17 266
0 7 4.16 267
0 7 4.16 268
0 7 4.16 269
0 7 4.16 270
0 7 4.17 271
0 7 4.16 272
0 7 4.16 273
0 7 4.16 274
0 7 4.16 275
0 7 4.16 276
0 7 4.16 277
0 7 4.16 278
0 7 4.16 279
0 7 4.15 280
0 7 4.16 281
0 7 4.15 282
0 7 4.15 283
0 7 4.15 284
0 7 4.15 285
0 7 4.15 286
0 7 4.15 287
0 7 4.16 288
0 7 4.15 289
0 7 4.15 290
0 7 4.15 291
0 7 4.15 292
0 7 4.16 293
0 7 4.16 294
0 7 4.16 295
0 7 4.16 296
0 7 4.16 297
0 7 4.16 298
0 7 4.16 299
0 7 4.16 300
0 7 4.15 301
0 7 4.15 302
0 7 4.16 303
0 7 4.16 304
0 7 4.16 305
0 7 4.16 306
0 7 4.16 307
0 7 4.16 308
0 7 4.16 309
0 7 4.16 310
0 7 4.16 311
0 7 4.16 312
0 7 4.16 313
0 8 4.18 314
0 8 4.17 315
0 8 4.17 316
0 8 4.17 317
0 8 4.17 318
0 8 4.17 319
0 8 4.17 320
0 8 4.17 321
0 8 4.16 322
0 8 4.16 323
0 8 4.16 324
0 8 4.16 325
0 8 4.16 326
0 8 4.16 327
0 8 4.16 328
0 8 4.16 329
0 8 4.15 330
0 8 4.15 331
0 8 4.15 332
0 8 4.15 333
0 8 4.15 334
0 8 4.15 335
0 8 4.15 336
0 8 4.15 337
0 8 4.14 338
0 8 4.14 339
0 8 4.14 340
0 8 4.14 341
0 8 4.15 342
0 8 4.15 343
0 8 4.15 344
0 8 4.14 345
0 8 4.14 346
0 8 4.15 347
0 8 4.15 348
0 8 4.15 349
0 8 4.15 350
0 8 4.14 351
0 8 4.14 352
0 8 4.14 353
0 8 4.14 354
0 8 4.14 355
0 8 4.14 356
0 8 4.14 357
0 8 4.14 358
0 8 4.14 359
0 8 4.14 360
0 8 4.14 361
0 8 4.15 362
0 8 4.15 363
0 8 4.15 364
0 8 4.15 365
0 8 4.14 366
0 8 4.14 367
0 8 4.14 368
0 8 4.13 369
0 8 4.12 370
0 8 4.11 371
0 8 4.10 372
0 8 4.10 373
0 8 4.09 374
0 8 4.08 375
0 8 4.07 376
0 8 4.07 377
0 8 4.06 378
0 8 4.05 379
0 8 4.04 380
0 8 4.04 381
0 8 4.03 382
0 8 4.03 383
0 8 4.02 384
0 8 4.01 385
0 8 4.00 386
0 8 3.99 387
0 8 3.99 388
0 8 3.98 389
0 8 3.97 390
0 8 3.96 391
0 8 3.96 392
0 8 3.95 393
0 8 3.94 394
0 8 3.94 395
0 8 3.93 396
0 8 3.92 397
0 8 3.92 398
0 8 3.91 399
0 8 3.91 400
0 8 3.92 401
0 8 3.92 402
0 8 3.92 403
0 8 3.92 404
0 8 3.91 405
0 8 3.91 406
0 8 3.91 407
0 8 3.92 408
0 8 3.92 409
0 8 3.92 410
0 8 3.92 411
0 8 3.92 412
0 8 3.92 413
0 8 3.92 414
0 8 3.92 415
0 8 3.92 416
0 8 3.92 417
0 8 3.93 418
0 8 3.93 419
0 8 3.93 420
0 8 3.93 421
0 8 3.93 422
0 8 3.93 423
0 8 3.94 424
0 8 3.94 425
0 8 3.94 426
0 8 3.94 427
0 8 3.94 428
0 8 3.94 429
0 8 3.95 430
0 8 3.95 431
0 8 3.95 432
0 8 3.95 433
0 8 3.95 434
0 8 3.95 435
0 8 3.95 436
0 8 3.95 437
0 8 3.95 438
0 8 3.95 439
0 8 3.95 440
0 8 3.95 441
0 8 3.95 442
0 8 3.95 443
0 8 3.94 444
0 8 3.95 445
0 8 3.95 446
0 8 3.95 447
0 8 3.95 448
0 8 3.96 449
0 8 3.96 450
0 8 3.96 451
0 8 3.96 452
0 8 3.96 453
0 8 3.96 454
0 8 3.96 455
0 8 3.96 456
0 8 3.96 457
0 8 3.97 458
0 8 3.97 459
0 8 3.97 460
0 8 3.97 461
0 8 3.97 462
0 8 3.97 463
0 8 3.97 464
0 8 3.97 465
0 8 3.97 466
0 8 3.97 467
0 8 3.96 468
0 8 3.96 469
0 8 3.97 470
0 8 3.97 471
0 8 3.97 472
0 8 3.97 473
0 8 3.97 474
0 8 3.97 475
0 8 3.97 476
0 8 3.97 477
0 8 3.97 478
0 8 3.97 479
0 8 3.98 480
0 8 3.98 481
0 8 3.98 482
0 8 3.98 483
0 8 3.98 484
0 8 3.99 485
0 8 3.99 486
0 8 3.99 487
0 8 3.99 488
0 8 3.99 489
0 8 3.99 490
0 8 3.99 491
0 8 3.99 492
0 8 3.99 493
0 8 3.99 494
0 8 3.99 495
0 8 4.00 496
0 8 3.99 497
0 8 3.99 498
0 8 4.00 499
0 8 4.00 500
0 8 4.00 501
0 8 4.00 502
0 8 4.00 503
0 8 4.00 504
0 8 4.00 505
0 8 4.00 506
0 8 4.01 507
0 8 4.01 508
0 8 4.01 509
0 8 4.01 510
0 8 4.01 511
0 8 4.01 512
0 8 4.01 513
0 8 4.01 514
0 8 4.02 515
0 8 4.02 516
0 8 4.02 517
0 8 4.02 518
0 8 4.02 519
0 8 4.02 520
0 8 4.02 521
0 8 4.03 522
0 8 4.03 523
0 8 4.03 524
0 8 4.02 525
0 8 4.02 526
0 8 4.02 527
0 8 4.02 528
0 8 4.02 529
0 8 4.02 530
0 8 4.02 531
0 8 4.02 532
0 8 4.03 533
0 8 4.03 534
0 8 4.03 535
0 8 4.03 536
0 8 4.03 537
0 8 4.03 538
0 8 4.03 539
0 8 4.03 540
0 8 4.04 541
0 8 4.03 542
0 8 4.03 543
0 8 4.04 544
0 8 4.04 545
0 8 4.03 546
0 8 4.03 547
0 8 4.04 548
0 8 4.04 549
0 8 4.04 550
0 8 4.05 551
0 8 4.05 552
0 8 4.05 553
0 8 4.05 554
0 8 4.05 555
0 8 4.06 556
0 8 4.05 557
0 8 4.06 558
0 8 4.06 559
0 8 4.06 560
0 8 4.06 561
0 8 4.06 562
0 8 4.06 563
0 8 4.06 564
0 8 4.06 565
0 8 4.06 566
0 8 4.06 567
0 8 4.06 568
0 8 4.06 569
0 8 4.06 570
0 8 4.06 571
0 8 4.06 572
0 8 4.06 573
0 8 4.06 574
0 8 4.06 575
0 8 4.06 576
0 8 4.06 577
0 8 4.06 578
0 8 4.06 579
0 8 4.06 580
0 8 4.06 581
0 8 4.06 582
0 8 4.06 583
0 8 4.07 584
0 8 4.06 585
0 8 4.06 586
0 8 4.07 587
0 8 4.07 588
0 8 4.07 589
0 8 4.07 590
0 8 4.06 591
0 8 4.07 592
0 8 4.07 593
0 8 4.07 594
0 8 4.07 595
0 8 4.06 596
0 8 4.06 597
0 8 4.07 598
0 10 4.08 599
0 10 4.08 600
0 10 4.08 601
0 10 4.08 602
0 10 4.08 603
0 10 4.08 604
0 10 4.08 605
0 10 4.08 606
0 10 4.08 607
0 10 4.08 608
0 10 4.08 609
0 10 4.08 610
0 10 4.08 611
0 10 4.08 612
0 10 4.08 613
0 10 4.08 614
0 10 4.08 615
0 10 4.08 616
0 10 4.08 617
0 10 4.08 618
0 10 4.08 619
0 10 4.08 620
0 10 4.08 621
0 10 4.08 622
0 10 4.08 623
0 10 4.08 624
0 10 4.08 625
0 10 4.08 626
0 10 4.08 627
0 10 4.09 628
0 10 4.09 629
0 10 4.09 630
0 10 4.09 631
0 10 4.09 632
0 10 4.09 633
0 10 4.09 634
0 10 4.09 635
0 10 4.0