2 2 2.00 1
0 2 1.00 2
0 2 1.00 3
0 3 1.50 4
0 3 1.40 5
0 3 1.33 6
0 3 1.43 7
0 3 1.38 8
0 3 1.33 9
0 3 1.20 10
0 3 1.09 11
0 3 1.17 12
0 3 1.08 13
0 3 1.07 14
0 3 1.13 15
0 3 1.19 16
0 3 1.29 17
0 3 1.33 18
0 3 1.37 19
0 3 1.40 20
0 3 1.43 21
0 3 1.45 22
0 4 1.57 23
0 4 1.58 24
0 4 1.56 25
0 4 1.58 26
0 4 1.59 27
0 4 1.57 28
0 4 1.55 29
0 4 1.53 30
0 4 1.52 31
0 4 1.50 32
0 4 1.52 33
0 4 1.53 34
0 4 1.51 35
0 4 1.53 36
0 4 1.54 37
0 4 1.55 38
0 4 1.56 39
0 4 1.55 40
0 4 1.54 41
0 4 1.52 42
0 4 1.51 43
0 4 1.52 44
0 4 1.53 45
0 4 1.54 46
0 4 1.55 47
0 4 1.54 48
0 4 1.53 49
0 4 1.52 50
0 4 1.53 51
0 4 1.52 52
0 4 1.51 53
0 4 1.52 54
0 4 1.53 55
0 4 1.54 56
0 4 1.54 57
0 4 1.55 58
0 4 1.54 59
0 4 1.52 60
0 4 1.51 61
0 4 1.50 62
0 4 1.51 63
0 4 1.50 64
0 4 1.51 65
0 4 1.53 66
0 4 1.54 67
0 4 1.53 68
0 4 1.52 69
0 4 1.53 70
0 4 1.54 71
0 4 1.54 72
0 4 1.55 73
0 4 1.55 74
0 4 1.55 75
0 4 1.54 76
0 4 1.53 77
0 4 1.53 78
0 4 1.53 79
0 4 1.55 80
0 4 1.54 81
0 4 1.56 82
0 4 1.57 83
0 4 1.56 84
0 4 1.54 85
0 4 1.53 86
0 4 1.53 87
0 4 1.55 88
0 4 1.55 89
0 4 1.54 90
0 4 1.55 91
0 4 1.55 92
0 4 1.55 93
0 4 1.56 94
0 4 1.56 95
0 4 1.57 96
0 4 1.58 97
0 4 1.58 98
0 4 1.58 99
0 4 1.59 100
0 4 1.59 101
0 4 1.60 102
0 4 1.60 103
0 4 1.60 104
0 4 1.60 105
0 4 1.60 106
0 4 1.61 107
0 4 1.61 108
0 4 1.60 109
0 4 1.60 110
0 4 1.59 111
0 4 1.61 112
0 4 1.61 113
0 4 1.61 114
0 4 1.60 115
0 4 1.60 116
0 4 1.61 117
0 4 1.60 118
0 4 1.61 119
0 4 1.60 120
0 4 1.60 121
0 4 1.60 122
0 4 1.60 123
0 4 1.60 124
0 4 1.60 125
0 4 1.60 126
0 4 1.59 127
0 4 1.59 128
0 4 1.58 129
0 4 1.58 130
0 4 1.58 131
0 4 1.58 132
0 4 1.56 133
0 4 1.57 134
0 4 1.57 135
0 4 1.57 136
0 4 1.58 137
0 4 1.58 138
0 4 1.58 139
0 4 1.57 140
0 4 1.57 141
0 4 1.58 142
0 4 1.57 143
0 4 1.58 144
0 4 1.57 145
0 4 1.58 146
0 4 1.58 147
0 4 1.57 148
0 4 1.56 149
0 4 1.57 150
0 4 1.57 151
0 4 1.58 152
0 4 1.57 153
0 4 1.57 154
0 4 1.57 155
0 4 1.56 156
0 4 1.55 157
0 4 1.56 158
0 4 1.57 159
0 4 1.57 160
0 4 1.57 161
0 4 1.57 162
0 4 1.56 163
0 4 1.56 164
0 4 1.56 165
0 4 1.55 166
0 4 1.54 167
0 4 1.55 168
0 4 1.55 169
0 4 1.55 170
0 4 1.56 171
0 4 1.56 172
0 4 1.56 173
0 4 1.56 174
0 4 1.56 175
0 4 1.56 176
0 4 1.55 177
0 4 1.56 178
0 4 1.56 179
0 4 1.56 180
0 4 1.57 181
0 4 1.57 182
0 4 1.57 183
0 4 1.57 184
0 4 1.57 185
0 4 1.57 186
0 4 1.57 187
0 4 1.57 188
0 4 1.57 189
0 4 1.56 190
0 4 1.56 191
0 4 1.56 192
0 4 1.56 193
0 4 1.57 194
0 4 1.57 195
0 4 1.57 196
0 4 1.57 197
0 4 1.57 198
0 4 1.57 199
0 4 1.56 200
0 4 1.57 201
0 4 1.57 202
0 4 1.57 203
0 4 1.57 204
0 4 1.57 205
0 4 1.57 206
0 4 1.57 207
0 4 1.57 208
0 4 1.58 209
0 4 1.58 210
0 4 1.58 211
0 4 1.58 212
0 4 1.58 213
0 4 1.57 214
0 4 1.58 215
0 4 1.57 216
0 4 1.58 217
0 4 1.57 218
0 4 1.58 219
0 4 1.57 220
0 4 1.57 221
0 4 1.57 222
0 4 1.56 223
0 4 1.56 224
0 4 1.56 225
0 4 1.56 226
0 4 1.56 227
0 4 1.56 228
0 4 1.57 229
0 4 1.57 230
0 4 1.58 231
0 4 1.58 232
0 4 1.58 233
0 4 1.59 234
0 4 1.59 235
0 4 1.59 236
0 4 1.59 237
0 4 1.60 238
0 4 1.59 239
0 4 1.60 240
0 4 1.60 241
0 4 1.60 242
0 4 1.60 243
0 4 1.60 244
0 4 1.60 245
0 4 1.61 246
0 4 1.61 247
0 4 1.61 248
0 4 1.61 249
0 4 1.61 250
0 4 1.61 251
0 4 1.61 252
0 4 1.61 253
0 4 1.61 254
0 4 1.61 255
0 4 1.61 256
0 4 1.61 257
0 4 1.61 258
0 4 1.61 259
0 4 1.61 260
0 4 1.61 261
0 4 1.60 262
0 4 1.60 263
0 4 1.61 264
0 4 1.60 265
0 4 1.61 266
0 4 1.61 267
0 4 1.61 268
0 4 1.61 269
0 4 1.61 270
0 4 1.61 271
0 4 1.61 272
0 4 1.62 273
0 4 1.61 274
0 4 1.61 275
0 4 1.62 276
0 4 1.61 277
0 4 1.62 278
0 4 1.61 279
0 4 1.61 280
0 4 1.61 281
0 4 1.61 282
0 4 1.61 283
0 4 1.61 284
0 4 1.61 285
0 4 1.61 286
0 4 1.61 287
0 4 1.61 288
0 4 1.61 289
0 4 1.60 290
0 4 1.60 291
0 4 1.60 292
0 4 1.60 293
0 4 1.60 294
0 4 1.61 295
0 4 1.61 296
0 4 1.61 297
0 4 1.61 298
0 4 1.61 299
0 4 1.61 300
0 4 1.61 301
0 4 1.61 302
0 4 1.61 303
0 4 1.61 304
0 4 1.61 305
0 4 1.61 306
0 4 1.61 307
0 4 1.61 308
0 4 1.61 309
0 4 1.62 310
0 4 1.62 311
0 4 1.62 312
0 4 1.61 313
0 4 1.62 314
0 4 1.62 315
0 4 1.62 316
0 4 1.62 317
0 4 1.62 318
0 4 1.61 319
0 4 1.62 320
0 4 1.62 321
0 4 1.62 322
0 4 1.62 323
0 4 1.62 324
0 4 1.62 325
0 4 1.62 326
0 4 1.62 327
0 4 1.62 328
0 4 1.62 329
0 4 1.62 330
0 4 1.63 331
0 4 1.62 332
0 4 1.62 333
0 4 1.62 334
0 4 1.62 335
0 4 1.62 336
0 4 1.62 337
0 4 1.63 338
0 4 1.63 339
0 4 1.63 340
0 4 1.63 341
0 4 1.63 342
0 4 1.63 343
0 4 1.63 344
0 4 1.63 345
0 4 1.64 346
0 4 1.64 347
0 4 1.64 348
0 4 1.64 349
0 4 1.64 350
0 4 1.63 351
0 4 1.63 352
0 4 1.63 353
0 4 1.64 354
0 4 1.64 355
0 4 1.64 356
0 4 1.64 357
0 4 1.64 358
0 4 1.64 359
0 4 1.64 360
0 4 1.64 361
0 4 1.64 362
0 4 1.64 363
0 4 1.64 364
0 4 1.64 365
0 4 1.64 366
0 4 1.64 367
0 4 1.64 368
0 4 1.64 369
0 4 1.64 370
0 4 1.64 371
0 4 1.65 372
0 4 1.65 373
0 4 1.65 374
0 4 1.65 375
0 4 1.65 376
0 4 1.65 377
0 4 1.65 378
0 4 1.64 379
0 4 1.64 380
0 4 1.64 381
0 4 1.64 382
0 4 1.64 383
0 4 1.64 384
0 4 1.64 385
0 4 1.65 386
0 4 1.65 387
0 4 1.65 388
0 4 1.65 389
0 4 1.65 390
0 4 1.65 391
0 4 1.65 392
0 4 1.65 393
0 4 1.65 394
0 4 1.66 395
0 4 1.66 396
0 4 1.66 397
0 4 1.65 398
0 4 1.66 399
0 4 1.66 400
0 4 1.66 401
0 4 1.65 402
0 4 1.65 403
0 4 1.65 404
0 4 1.65 405
0 4 1.65 406
0 4 1.65 407
0 4 1.65 408
0 4 1.65 409
0 4 1.65 410
0 4 1.65 411
0 4 1.66 412
0 4 1.65 413
0 4 1.65 414
0 4 1.65 415
0 4 1.65 416
0 4 1.65 417
0 4 1.65 418
0 4 1.65 419
0 4 1.65 420
0 4 1.66 421
0 4 1.66 422
0 4 1.66 423
0 4 1.66 424
0 4 1.65 425
0 4 1.65 426
0 4 1.65 427
0 4 1.65 428
0 4 1.65 429
0 4 1.65 430
0 4 1.65 431
0 4 1.65 432
0 4 1.65 433
0 4 1.65 434
0 4 1.65 435
0 4 1.64 436
0 4 1.65 437
0 4 1.65 438
0 4 1.64 439
0 4 1.65 440
0 4 1.65 441
0 4 1.65 442
0 4 1.65 443
0 4 1.65 444
0 4 1.65 445
0 4 1.65 446
0 4 1.65 447
0 4 1.65 448
0 4 1.65 449
0 4 1.65 450
0 4 1.65 451
0 4 1.65 452
0 4 1.65 453
0 4 1.65 454
0 4 1.65 455
0 4 1.65 456
0 4 1.65 457
0 4 1.66 458
0 4 1.65 459
0 4 1.65 460
0 4 1.66 461
0 4 1.66 462
0 4 1.66 463
0 4 1.66 464
0 4 1.66 465
0 4 1.66 466
0 4 1.66 467
0 4 1.66 468
0 4 1.66 469
0 4 1.66 470
0 4 1.66 471
0 4 1.66 472
0 4 1.65 473
0 4 1.65 474
0 4 1.65 475
0 4 1.66 476
0 4 1.65 477
0 4 1.65 478
0 4 1.65 479
0 4 1.65 480
0 4 1.65 481
0 4 1.65 482
0 4 1.65 483
0 4 1.65 484
0 4 1.65 485
0 4 1.65 486
0 4 1.65 487
0 4 1.65 488
0 4 1.65 489
0 4 1.66 490
0 4 1.66 491
0 4 1.65 492
0 4 1.65 493
0 4 1.65 494
0 4 1.65 495
0 4 1.65 496
0 4 1.65 497
0 4 1.65 498
0 4 1.65 499
0 4 1.65 500
0 4 1.65 501
0 4 1.65 502
0 4 1.65 503
0 4 1.65 504
0 4 1.65 505
0 4 1.65 506
0 4 1.65 507
0 4 1.65 508
0 4 1.65 509
0 4 1.65 510
0 4 1.65 511
0 4 1.65 512
0 4 1.65 513
0 4 1.66 514
0 4 1.66 515
0 4 1.66 516
0 4 1.66 517
0 4 1.66 518
0 4 1.66 519
0 4 1.66 520
0 4 1.66 521
0 4 1.66 522
0 4 1.66 523
0 4 1.65 524
0 4 1.66 525
0 4 1.66 526
0 4 1.66 527
0 4 1.66 528
0 4 1.66 529
0 4 1.66 530
0 4 1.66 531
0 4 1.66 532
0 4 1.66 533
0 4 1.66 534
0 4 1.66 535
0 4 1.65 536
0 4 1.65 537
0 4 1.66 538
0 4 1.65 539
0 4 1.66 540
0 4 1.66 541
0 4 1.66 542
0 4 1.66 543
0 4 1.66 544
0 4 1.66 545
0 4 1.66 546
0 4 1.66 547
0 4 1.66 548
0 4 1.66 549
0 4 1.66 550
0 4 1.66 551
0 4 1.66 552
0 4 1.66 553
0 4 1.66 554
0 4 1.66 555
0 4 1.66 556
0 4 1.66 557
0 4 1.66 558
0 4 1.66 559
0 4 1.66 560
0 4 1.66 561
0 4 1.66 562
0 4 1.66 563
0 4 1.66 564
0 4 1.66 565
0 4 1.66 566
0 4 1.66 567
0 4 1.66 568
0 4 1.66 569
0 4 1.66 570
0 4 1.66 571
0 4 1.66 572
0 4 1.66 573
0 4 1.66 574
0 4 1.66 575
0 4 1.66 576
0 4 1.66 577
0 4 1.66 578
0 4 1.66 579
0 4 1.66 580
0 4 1.66 581
0 4 1.65 582
0 4 1.66 583
0 4 1.66 584
0 4 1.65 585
0 4 1.65 586
0 4 1.65 587
0 4 1.65 588
0 4 1.65 589
0 4 1.65 590
0 4 1.65 591
0 4 1.65 592
0 4 1.65 593
0 4 1.65 594
0 4 1.65 595
0 4 1.65 596
0 4 1.65 597
0 4 1.65 598
0 4 1.65 599
0 4 1.66 600
0 4 1.65 601
0 4 1.65 602
0 4 1.65 603
0 4 1.65 604
0 4 1.65 605
0 4 1.65 606
0 4 1.65 607
0 4 1.65 608
0 4 1.65 609
0 4 1.65 610
0 4 1.65 611
0 4 1.65 612
0 4 1.65 613
0 4 1.65 614
0 4 1.65 615
0 4 1.65 616
0 4 1.65 617
0 4 1.65 618
0 4 1.65 619
0 4 1.65 620
0 4 1.65 621
0 4 1.65 622
0 4 1.65 623
0 4 1.65 624
0 4 1.65 625
0 4 1.65 626
0 4 1.65 627
0 4 1.65 628
0 4 1.65 629
0 4 1.65 630
0 4 1.65 631
0 4 1.65 632
0 4 1.65 633
0 4 1.65 634
0 4 1.65 635
0 4 1.65 636
0 4 1.65 637
0 4 1.65 638
0 4 1.