6 6 6.00 1
4 6 5.00 2
2 6 4.00 3
2 6 4.00 4
2 6 3.60 5
2 6 3.50 6
2 6 3.43 7
2 6 3.50 8
2 6 3.33 9
2 6 3.30 10
2 6 3.36 11
2 6 3.33 12
2 6 3.31 13
2 6 3.29 14
2 6 3.33 15
2 6 3.31 16
2 6 3.29 17
2 6 3.22 18
2 6 3.26 19
2 6 3.25 20
2 6 3.24 21
2 6 3.23 22
2 6 3.17 23
2 6 3.12 24
2 6 3.08 25
2 6 3.08 26
2 6 3.04 27
2 6 3.04 28
2 6 3.07 29
2 6 3.03 30
2 6 3.03 31
2 6 3.03 32
2 6 3.03 33
2 6 3.03 34
2 6 3.00 35
2 6 3.00 36
2 6 2.97 37
2 6 2.97 38
2 6 2.95 39
2 6 2.95 40
2 6 2.98 41
2 6 2.95 42
2 6 2.93 43
2 6 2.91 44
2 6 2.91 45
2 6 2.91 46
2 6 2.94 47
2 6 2.94 48
2 6 2.94 49
2 6 2.94 50
2 6 2.94 51
2 6 2.94 52
2 6 2.96 53
2 6 2.96 54
2 6 2.98 55
2 6 2.98 56
2 6 2.98 57
2 6 2.98 58
2 6 3.00 59
2 6 2.98 60
2 6 2.97 61
2 6 2.95 62
2 6 2.95 63
2 6 2.97 64
2 6 2.97 65
2 6 2.95 66
2 6 2.96 67
2 6 2.94 68
2 6 2.94 69
2 6 2.94 70
2 6 2.93 71
2 6 2.92 72
2 6 2.90 73
2 6 2.91 74
2 6 2.91 75
2 6 2.91 76
2 6 2.91 77
2 6 2.91 78
2 6 2.91 79
2 6 2.91 80
2 6 2.91 81
2 6 2.90 82
2 6 2.90 83
2 6 2.92 84
2 6 2.92 85
2 6 2.91 86
2 6 2.91 87
2 6 2.92 88
2 6 2.92 89
2 6 2.92 90
2 6 2.92 91
2 6 2.96 92
2 6 2.96 93
2 6 2.96 94
2 6 2.95 95
2 6 2.94 96
2 6 2.94 97
2 6 2.93 98
2 6 2.93 99
2 14 3.04 100
2 14 3.04 101
2 14 3.03 102
2 14 3.02 103
2 14 3.02 104
2 14 3.03 105
2 14 3.04 106
2 14 3.04 107
2 14 3.03 108
2 14 3.03 109
2 14 3.03 110
2 14 3.03 111
2 14 3.03 112
2 14 3.04 113
2 14 3.03 114
2 14 3.03 115
2 14 3.03 116
2 14 3.02 117
2 14 3.03 118
2 14 3.02 119
2 14 3.02 120
2 14 3.01 121
2 14 3.02 122
2 14 3.01 123
2 14 3.01 124
2 14 3.02 125
2 14 3.02 126
2 14 3.02 127
2 14 3.01 128
2 14 3.00 129
2 14 3.00 130
2 14 3.00 131
2 14 3.00 132
2 14 3.00 133
2 14 2.99 134
2 14 2.99 135
2 14 2.98 136
1 14 2.96 137
1 14 2.97 138
1 14 2.96 139
1 14 2.96 140
1 14 2.96 141
1 14 2.96 142
1 14 2.95 143
1 14 2.95 144
1 14 2.95 145
1 14 2.94 146
1 14 2.94 147
1 14 2.93 148
1 14 2.93 149
1 14 2.93 150
1 14 2.93 151
1 14 2.92 152
1 14 2.92 153
1 14 2.92 154
1 14 2.92 155
1 14 2.91 156
1 14 2.91 157
1 14 2.91 158
1 14 2.91 159
1 14 2.91 160
1 14 2.91 161
1 14 2.91 162
1 14 2.91 163
1 14 2.91 164
1 14 2.91 165
1 14 2.92 166
1 14 2.91 167
1 14 2.91 168
1 14 2.91 169
1 14 2.91 170
1 14 2.91 171
1 14 2.91 172
1 14 2.91 173
1 14 2.91 174
1 14 2.91 175
1 14 2.91 176
1 14 2.92 177
1 14 2.91 178
1 14 2.91 179
1 14 2.90 180
1 14 2.90 181
1 14 2.90 182
1 14 2.90 183
1 14 2.90 184
1 14 2.90 185
1 14 2.90 186
1 14 2.90 187
1 14 2.90 188
1 14 2.90 189
1 14 2.89 190
1 14 2.90 191
1 14 2.90 192
1 14 2.90 193
1 14 2.90 194
1 14 2.90 195
1 14 2.90 196
1 14 2.90 197
1 14 2.90 198
1 14 2.90 199
1 14 2.90 200
1 14 2.91 201
1 14 2.90 202
1 14 2.90 203
1 14 2.90 204
1 14 2.90 205
1 14 2.90 206
1 14 2.90 207
1 14 2.90 208
1 14 2.90 209
1 14 2.91 210
1 14 2.91 211
1 14 2.91 212
1 14 2.91 213
1 14 2.91 214
1 14 2.91 215
1 14 2.92 216
1 14 2.91 217
1 14 2.91 218
1 14 2.91 219
1 14 2.90 220
1 14 2.90 221
1 14 2.90 222
1 14 2.90 223
1 14 2.90 224
1 14 2.89 225
1 14 2.89 226
1 14 2.89 227
1 14 2.88 228
1 14 2.88 229
1 14 2.88 230
1 14 2.88 231
1 14 2.88 232
1 14 2.88 233
1 14 2.88 234
1 14 2.88 235
1 14 2.88 236
1 14 2.88 237
1 14 2.88 238
1 14 2.88 239
1 14 2.88 240
1 14 2.88 241
1 14 2.92 242
1 14 2.92 243
1 14 2.92 244
1 14 2.92 245
1 14 2.91 246
1 14 2.91 247
1 14 2.92 248
1 14 2.91 249
1 14 2.91 250
1 14 2.90 251
1 14 2.90 252
1 14 2.91 253
1 14 2.91 254
1 14 2.91 255
1 14 2.90 256
1 14 2.90 257
1 14 2.91 258
1 14 2.90 259
1 14 2.90 260
1 14 2.90 261
1 14 2.90 262
1 14 2.90 263
1 14 2.89 264
1 14 2.89 265
1 14 2.89 266
1 14 2.89 267
1 14 2.88 268
1 14 2.88 269
1 14 2.88 270
1 14 2.88 271
1 14 2.88 272
1 14 2.88 273
1 14 2.88 274
1 14 2.88 275
1 14 2.88 276
1 14 2.88 277
1 14 2.88 278
1 14 2.87 279
1 14 2.87 280
1 14 2.87 281
1 14 2.87 282
1 14 2.87 283
1 14 2.87 284
1 14 2.87 285
1 14 2.87 286
1 14 2.87 287
1 14 2.87 288
1 14 2.87 289
1 14 2.87 290
1 14 2.88 291
1 14 2.87 292
1 14 2.87 293
1 14 2.88 294
1 14 2.87 295
1 14 2.87 296
1 14 2.87 297
1 14 2.87 298
1 14 2.87 299
1 14 2.88 300
1 14 2.88 301
1 14 2.88 302
1 14 2.88 303
1 14 2.88 304
1 14 2.88 305
1 14 2.88 306
1 14 2.88 307
1 14 2.88 308
1 14 2.88 309
1 14 2.88 310
1 14 2.88 311
1 14 2.88 312
1 14 2.88 313
1 14 2.87 314
1 14 2.87 315
1 14 2.87 316
1 14 2.87 317
1 14 2.87 318
1 14 2.87 319
1 14 2.87 320
1 14 2.87 321
1 14 2.86 322
1 14 2.86 323
0 14 2.85 324
0 14 2.85 325
0 14 2.84 326
0 14 2.84 327
0 14 2.85 328
0 14 2.85 329
0 14 2.85 330
0 14 2.84 331
0 14 2.85 332
0 14 2.85 333
0 14 2.85 334
0 14 2.84 335
0 14 2.85 336
0 14 2.85 337
0 14 2.84 338
0 14 2.84 339
0 14 2.84 340
0 14 2.84 341
0 14 2.84 342
0 14 2.84 343
0 14 2.84 344
0 14 2.83 345
0 14 2.84 346
0 14 2.83 347
0 14 2.83 348
0 14 2.83 349
0 14 2.83 350
0 14 2.82 351
0 14 2.83 352
0 14 2.83 353
0 14 2.83 354
0 14 2.83 355
0 14 2.83 356
0 14 2.82 357
0 14 2.82 358
0 14 2.82 359
0 14 2.83 360
0 14 2.83 361
0 14 2.83 362
0 14 2.82 363
0 14 2.82 364
0 14 2.82 365
0 14 2.83 366
0 14 2.82 367
0 14 2.82 368
0 14 2.82 369
0 14 2.82 370
0 14 2.82 371
0 14 2.82 372
0 14 2.82 373
0 14 2.82 374
0 14 2.82 375
0 14 2.82 376
0 14 2.82 377
0 14 2.82 378
0 14 2.82 379
0 14 2.82 380
0 14 2.82 381
0 14 2.81 382
0 14 2.81 383
0 14 2.81 384
0 14 2.83 385
0 14 2.83 386
0 14 2.83 387
0 14 2.84 388
0 14 2.84 389
0 14 2.84 390
0 14 2.84 391
0 14 2.84 392
0 14 2.84 393
0 14 2.84 394
0 14 2.84 395
0 14 2.84 396
0 14 2.84 397
0 14 2.84 398
0 14 2.84 399
0 14 2.84 400
0 14 2.84 401
0 14 2.84 402
0 14 2.84 403
0 14 2.84 404
0 14 2.83 405
0 14 2.83 406
0 14 2.83 407
0 14 2.83 408
0 14 2.83 409
0 14 2.83 410
0 14 2.83 411
0 14 2.83 412
0 14 2.83 413
0 14 2.83 414
0 14 2.83 415
0 14 2.83 416
0 14 2.83 417
0 14 2.83 418
0 14 2.83 419
0 14 2.83 420
0 14 2.83 421
0 14 2.83 422
0 14 2.83 423
0 14 2.83 424
0 14 2.82 425
0 14 2.82 426
0 14 2.82 427
0 14 2.82 428
0 14 2.83 429
0 14 2.83 430
0 14 2.83 431
0 14 2.82 432
0 14 2.82 433
0 14 2.82 434
0 14 2.82 435
0 14 2.82 436
0 14 2.82 437
0 14 2.82 438
0 14 2.82 439
0 14 2.82 440
0 14 2.82 441
0 14 2.82 442
0 14 2.82 443
0 14 2.82 444
0 14 2.82 445
0 14 2.82 446
0 14 2.82 447
0 14 2.83 448
0 14 2.82 449
0 14 2.82 450
0 14 2.82 451
0 14 2.82 452
0 14 2.82 453
0 14 2.82 454
0 14 2.82 455
0 14 2.82 456
0 14 2.81 457
0 14 2.81 458
0 14 2.81 459
0 14 2.81 460
0 14 2.81 461
0 14 2.81 462
0 14 2.81 463
0 14 2.81 464
0 14 2.81 465
0 14 2.81 466
0 14 2.81 467
0 14 2.81 468
0 14 2.81 469
0 14 2.81 470
0 14 2.81 471
0 14 2.81 472
0 14 2.81 473
0 14 2.81 474
0 14 2.82 475
0 14 2.82 476
0 14 2.82 477
0 14 2.82 478
0 14 2.82 479
0 14 2.82 480
0 14 2.82 481
0 14 2.82 482
0 14 2.82 483
0 14 2.82 484
0 14 2.82 485
0 14 2.82 486
0 14 2.82 487
0 14 2.82 488
0 14 2.82 489
0 14 2.82 490
0 14 2.82 491
0 14 2.82 492
0 14 2.82 493
0 14 2.82 494
0 14 2.81 495
0 14 2.81 496
0 14 2.81 497
0 14 2.81 498
0 14 2.81 499
0 14 2.81 500
0 14 2.81 501
0 14 2.81 502
0 14 2.81 503
0 14 2.81 504
0 14 2.81 505
0 14 2.81 506
0 14 2.81 507
0 14 2.82 508
0 14 2.82 509
0 14 2.82 510
0 14 2.82 511
0 14 2.82 512
0 14 2.81 513
0 14 2.82 514
0 14 2.81 515
0 14 2.81 516
0 14 2.81 517
0 14 2.81 518
0 14 2.81 519
0 14 2.81 520
0 14 2.82 521
0 14 2.82 522
0 14 2.82 523
0 14 2.82 524
0 14 2.82 525
0 14 2.82 526
0 14 2.81 527
0 14 2.81 528
0 14 2.81 529
0 14 2.81 530
0 14 2.81 531
0 14 2.81 532
0 14 2.81 533
0 14 2.81 534
0 14 2.81 535
0 14 2.81 536
0 14 2.81 537
0 14 2.81 538
0 14 2.81 539
0 14 2.81 540
0 14 2.81 541
0 14 2.81 542
0 14 2.81 543
0 14 2.81 544
0 14 2.81 545
0 14 2.81 546
0 14 2.81 547
0 14 2.80 548
0 14 2.81 549
0 14 2.80 550
0 14 2.80 551
0 14 2.80 552
0 14 2.80 553
0 14 2.80 554
0 14 2.80 555
0 14 2.81 556
0 14 2.80 557
0 14 2.80 558
0 14 2.80 559
0 14 2.80 560
0 14 2.80 561
0 14 2.80 562
0 14 2.80 563
0 14 2.80 564
0 14 2.80 565
0 14 2.80 566
0 14 2.80 567
0 14 2.80 568
0 14 2.80 569
0 14 2.80 570
0 14 2.80 571
0 14 2.80 572
0 14 2.80 573
0 14 2.80 574
0 14 2.79 575
0 14 2.80 576
0 14 2.79 577
0 14 2.79 578
0 14 2.79 579
0 14 2.80 580
0 14 2.80 581
0 14 2.80 582
0 14 2.80 583
0 14 2.80 584
0 14 2.79 585
0 14 2.80 586
0 14 2.80 587
0 14 2.79 588
0 14 2.79 589
0 14 2.79 590
0 14 2.79 591
0 14 2.79 592
0 14 2.79 593
0 14 2.79 594
0 14 2.78 595
0 14 2.79 596
0 14 2.79 597
0 14 2.79 598
0 14 2.79 599
0 14 2.79 600