0 0 0.00 1
0 1 0.50 2
0 1 0.33 3
0 1 0.25 4
0 1 0.20 5
0 1 0.33 6
0 1 0.29 7
0 1 0.25 8
0 1 0.22 9
0 1 0.20 10
0 1 0.18 11
0 1 0.17 12
0 1 0.15 13
0 1 0.14 14
0 1 0.20 15
0 1 0.19 16
0 1 0.18 17
0 1 0.22 18
0 1 0.21 19
0 1 0.20 20
0 1 0.19 21
0 1 0.18 22
0 1 0.17 23
0 1 0.17 24
0 1 0.16 25
0 1 0.19 26
0 1 0.19 27
0 1 0.18 28
0 1 0.17 29
0 1 0.17 30
0 1 0.16 31
0 1 0.16 32
0 1 0.15 33
0 1 0.15 34
0 1 0.14 35
0 1 0.14 36
0 1 0.14 37
0 1 0.16 38
0 1 0.15 39
0 1 0.15 40
0 1 0.17 41
0 1 0.17 42
0 1 0.16 43
0 1 0.16 44
0 1 0.18 45
0 1 0.17 46
0 1 0.17 47
0 1 0.17 48
0 1 0.16 49
0 1 0.16 50
0 1 0.18 51
0 1 0.17 52
0 1 0.17 53
0 1 0.17 54
0 1 0.18 55
0 1 0.18 56
0 1 0.18 57
0 1 0.19 58
0 1 0.19 59
0 1 0.18 60
0 1 0.18 61
0 1 0.19 62
0 1 0.19 63
0 1 0.19 64
0 1 0.20 65
0 1 0.20 66
0 1 0.19 67
0 1 0.19 68
0 1 0.19 69
0 1 0.20 70
0 1 0.20 71
0 1 0.19 72
0 1 0.21 73
0 1 0.20 74
0 1 0.20 75
0 1 0.21 76
0 1 0.21 77
0 1 0.21 78
0 1 0.22 79
0 1 0.21 80
0 1 0.21 81
0 1 0.22 82
0 1 0.22 83
0 1 0.21 84
0 1 0.21 85
0 1 0.21 86
0 1 0.21 87
0 1 0.20 88
0 1 0.20 89
0 1 0.21 90
0 1 0.21 91
0 1 0.22 92
0 1 0.22 93
0 1 0.21 94
0 1 0.22 95
0 1 0.22 96
0 1 0.22 97
0 1 0.22 98
0 1 0.22 99
0 1 0.22 100
0 1 0.23 101
0 1 0.23 102
0 1 0.23 103
0 1 0.23 104
0 1 0.23 105
0 1 0.23 106
0 1 0.22 107
0 1 0.23 108
0 1 0.23 109
0 1 0.24 110
0 1 0.23 111
0 1 0.23 112
0 1 0.24 113
0 1 0.24 114
0 1 0.24 115
0 1 0.24 116
0 1 0.24 117
0 1 0.24 118
0 1 0.24 119
0 1 0.23 120
0 1 0.23 121
0 1 0.23 122
0 1 0.24 123
0 1 0.23 124
0 1 0.23 125
0 1 0.24 126
0 1 0.24 127
0 1 0.23 128
0 1 0.23 129
0 1 0.23 130
0 1 0.23 131
0 1 0.23 132
0 1 0.23 133
0 1 0.23 134
0 1 0.24 135
0 1 0.24 136
0 1 0.23 137
0 1 0.24 138
0 1 0.24 139
0 1 0.24 140
0 1 0.24 141
0 1 0.24 142
0 1 0.24 143
0 1 0.24 144
0 1 0.24 145
0 1 0.24 146
0 1 0.24 147
0 1 0.24 148
0 1 0.24 149
0 1 0.24 150
0 1 0.24 151
0 1 0.24 152
0 1 0.24 153
0 1 0.23 154
0 1 0.23 155
0 1 0.24 156
0 1 0.24 157
0 1 0.23 158
0 1 0.24 159
0 1 0.24 160
0 1 0.24 161
0 1 0.24 162
0 1 0.24 163
0 1 0.24 164
0 1 0.24 165
0 1 0.24 166
0 1 0.24 167
0 1 0.24 168
0 1 0.24 169
0 1 0.24 170
0 1 0.25 171
0 1 0.24 172
0 1 0.24 173
0 1 0.24 174
0 1 0.24 175
0 1 0.24 176
0 1 0.24 177
0 1 0.24 178
0 1 0.24 179
0 1 0.24 180
0 1 0.24 181
0 1 0.24 182
0 1 0.24 183
0 1 0.24 184
0 1 0.24 185
0 1 0.24 186
0 1 0.24 187
0 1 0.23 188
0 1 0.23 189
0 1 0.23 190
0 1 0.23 191
0 1 0.23 192
0 1 0.23 193
0 1 0.23 194
0 1 0.23 195
0 1 0.23 196
0 1 0.23 197
0 1 0.23 198
0 1 0.23 199
0 1 0.23 200
0 1 0.22 201
0 1 0.23 202
0 1 0.23 203
0 1 0.23 204
0 1 0.23 205
0 1 0.23 206
0 1 0.23 207
0 1 0.23 208
0 1 0.23 209
0 1 0.23 210
0 1 0.23 211
0 1 0.23 212
0 1 0.23 213
0 1 0.23 214
0 1 0.23 215
0 1 0.24 216
0 1 0.24 217
0 1 0.24 218
0 1 0.24 219
0 1 0.24 220
0 1 0.24 221
0 1 0.23 222
0 1 0.24 223
0 1 0.24 224
0 1 0.24 225
0 1 0.24 226
0 1 0.24 227
0 1 0.24 228
0 1 0.24 229
0 1 0.24 230
0 1 0.24 231
0 1 0.24 232
0 1 0.24 233
0 1 0.24 234
0 1 0.23 235
0 1 0.23 236
0 1 0.23 237
0 1 0.24 238
0 1 0.23 239
0 1 0.23 240
0 1 0.23 241
0 1 0.23 242
0 1 0.23 243
0 1 0.23 244
0 1 0.23 245
0 1 0.23 246
0 1 0.23 247
0 1 0.23 248
0 1 0.24 249
0 1 0.24 250
0 1 0.24 251
0 1 0.24 252
0 1 0.24 253
0 1 0.24 254
0 1 0.24 255
0 1 0.23 256
0 1 0.24 257
0 1 0.24 258
0 1 0.24 259
0 1 0.24 260
0 1 0.24 261
0 1 0.24 262
0 1 0.24 263
0 1 0.23 264
0 1 0.23 265
0 1 0.23 266
0 1 0.23 267
0 1 0.23 268
0 1 0.23 269
0 1 0.23 270
0 1 0.24 271
0 1 0.24 272
0 1 0.23 273
0 1 0.24 274
0 1 0.24 275
0 1 0.24 276
0 1 0.24 277
0 1 0.24 278
0 1 0.24 279
0 1 0.24 280
0 1 0.24 281
0 1 0.24 282
0 1 0.24 283
0 1 0.24 284
0 1 0.24 285
0 1 0.24 286
0 1 0.24 287
0 1 0.24 288
0 1 0.24 289
0 1 0.24 290
0 1 0.24 291
0 1 0.24 292
0 1 0.24 293
0 1 0.24 294
0 1 0.24 295
0 1 0.24 296
0 1 0.25 297
0 1 0.24 298
0 1 0.24 299
0 1 0.24 300
0 1 0.24 301
0 1 0.25 302
0 1 0.24 303
0 1 0.25 304
0 1 0.25 305
0 1 0.25 306
0 1 0.25 307
0 1 0.25 308
0 1 0.25 309
0 1 0.25 310
0 1 0.25 311
0 1 0.25 312
0 1 0.25 313
0 1 0.25 314
0 1 0.24 315
0 1 0.24 316
0 1 0.24 317
0 1 0.25 318
0 1 0.24 319
0 1 0.24 320
0 1 0.25 321
0 1 0.25 322
0 1 0.24 323
0 1 0.25 324
0 1 0.25 325
0 1 0.25 326
0 1 0.24 327
0 1 0.24 328
0 1 0.24 329
0 1 0.25 330
0 1 0.24 331
0 1 0.24 332
0 1 0.25 333
0 1 0.25 334
0 1 0.25 335
0 1 0.25 336
0 1 0.25 337
0 1 0.25 338
0 1 0.25 339
0 1 0.25 340
0 1 0.25 341
0 1 0.25 342
0 1 0.24 343
0 1 0.24 344
0 1 0.24 345
0 1 0.25 346
0 1 0.24 347
0 1 0.25 348
0 1 0.25 349
0 1 0.25 350
0 1 0.25 351
0 1 0.25 352
0 1 0.25 353
0 1 0.25 354
0 1 0.25 355
0 1 0.25 356
0 1 0.25 357
0 1 0.25 358
0 1 0.25 359
0 1 0.25 360
0 1 0.25 361
0 1 0.25 362
0 1 0.25 363
0 1 0.25 364
0 1 0.25 365
0 1 0.25 366
0 1 0.25 367
0 1 0.24 368
0 1 0.24 369
0 1 0.25 370
0 1 0.25 371
0 1 0.24 372
0 1 0.25 373
0 1 0.25 374
0 1 0.25 375
0 1 0.25 376
0 1 0.25 377
0 1 0.25 378
0 1 0.25 379
0 1 0.24 380
0 1 0.24 381
0 1 0.25 382
0 1 0.25 383
0 1 0.25 384
0 1 0.25 385
0 1 0.25 386
0 1 0.25 387
0 1 0.25 388
0 1 0.25 389
0 1 0.25 390
0 1 0.25 391
0 1 0.25 392
0 1 0.25 393
0 1 0.25 394
0 1 0.25 395
0 1 0.25 396
0 1 0.25 397
0 1 0.25 398
0 1 0.25 399
0 1 0.25 400
0 1 0.25 401
0 1 0.25 402
0 1 0.25 403
0 1 0.25 404
0 1 0.25 405
0 1 0.25 406
0 1 0.25 407
0 1 0.25 408
0 1 0.24 409
0 1 0.24 410
0 1 0.25 411
0 1 0.25 412
0 1 0.24 413
0 1 0.25 414
0 1 0.25 415
0 1 0.25 416
0 1 0.25 417
0 1 0.25 418
0 1 0.25 419
0 1 0.25 420
0 1 0.24 421
0 1 0.24 422
0 1 0.25 423
0 1 0.25 424
0 1 0.24 425
0 1 0.25 426
0 1 0.25 427
0 1 0.25 428
0 1 0.24 429
0 1 0.24 430
0 1 0.24 431
0 1 0.24 432
0 1 0.24 433
0 1 0.24 434
0 1 0.24 435
0 1 0.24 436
0 1 0.24 437
0 1 0.24 438
0 1 0.24 439
0 1 0.25 440
0 1 0.24 441
0 1 0.25 442
0 1 0.25 443
0 1 0.25 444
0 1 0.25 445
0 1 0.25 446
0 1 0.25 447
0 1 0.25 448
0 1 0.25 449
0 1 0.25 450
0 1 0.25 451
0 1 0.25 452
0 1 0.25 453
0 1 0.25 454
0 1 0.25 455
0 1 0.25 456
0 1 0.25 457
0 1 0.25 458
0 1 0.25 459
0 1 0.25 460
0 1 0.25 461
0 1 0.24 462
0 1 0.24 463
0 1 0.24 464
0 1 0.25 465
0 1 0.24 466
0 1 0.25 467
0 1 0.25 468
0 1 0.25 469
0 1 0.24 470
0 1 0.24 471
0 1 0.25 472
0 1 0.25 473
0 1 0.24 474
0 1 0.24 475
0 1 0.24 476
0 1 0.24 477
0 1 0.24 478
0 1 0.24 479
0 1 0.24 480
0 1 0.24 481
0 1 0.24 482
0 1 0.24 483
0 1 0.24 484
0 1 0.24 485
0 1 0.24 486
0 1 0.24 487
0 1 0.24 488
0 1 0.24 489
0 1 0.24 490
0 1 0.24 491
0 1 0.24 492
0 1 0.24 493
0 1 0.24 494
0 1 0.24 495
0 1 0.24 496
0 1 0.25 497
0 1 0.24 498
0 1 0.24 499
0 1 0.25 500
0 1 0.25 501
0 1 0.25 502
0 1 0.25 503
0 1 0.25 504
0 1 0.25 505
0 1 0.25 506
0 1 0.24 507
0 1 0.24 508
0 1 0.25 509
0 1 0.25 510
0 1 0.24 511
0 1 0.24 512
0 1 0.25 513
0 1 0.25 514
0 1 0.25 515
0 1 0.25 516
0 1 0.25 517
0 1 0.25 518
0 1 0.25 519
0 1 0.25 520
0 1 0.25 521
0 1 0.25 522
0 1 0.24 523
0 1 0.24 524
0 1 0.24 525
0 1 0.24 526
0 1 0.24 527
0 1 0.24 528
0 1 0.24 529
0 1 0.24 530
0 1 0.24 531
0 1 0.24 532
0 1 0.24 533
0 1 0.24 534
0 1 0.24 535
0 1 0.24 536
0 1 0.24 537
0 1 0.24 538
0 1 0.24 539
0 1 0.24 540
0 1 0.24 541
0 1 0.24 542
0 1 0.24 543
0 1 0.24 544
0 1 0.24 545
0 1 0.24 546
0 1 0.24 547
0 1 0.24 548
0 1 0.24 549
0 1 0.24 550
0 1 0.24 551
0 1 0.24 552
0 1 0.24 553
0 1 0.24 554
0 1 0.24 555
0 1 0.24 556
0 1 0.24 557
0 1 0.24 558
0 1 0.24 559
0 1 0.24 560
0 1 0.24 561
0 1 0.24 562
0 1 0.24 563
0 1 0.24 564
0 1 0.24 565
0 1 0.24 566
0 1 0.24 567
0 1 0.24 568
0 1 0.24 569
0 1 0.24 570
0 1 0.24 571
0 1 0.24 572
0 1 0.24 573
0 1 0.24 574
0 1 0.24 575
0 1 0.24 576
0 1 0.24 577
0 1 0.24 578
0 1 0.24 579
0 1 0.24 580
0 1 0.24 581
0 1 0.24 582
0 1 0.24 583
0 1 0.24 584
0 1 0.24 585
0 1 0.24 586
0 1 0.24 587
0 1 0.24 588
0 1 0.24 589
0 1 0.24 590
0 1 0.24 591
0 1 0.24 592
0 1 0.24 593
0 1 0.24 594
0 1 0.24 595
0 1 0.24 596
0 1 0.24 597
0 1 0.24 598
0 1 0.24 599
0 1 0.24 600
0 1 0.24 601
0 1 0.24 602
0 1 0.24 603
0 1 0.24 604
0 1 0.24 605
0 1 0.24 606
0 1 0.24 607
0 1 0.24 608
0 1 0.24 609
0 1 0.24 610
0 1 0.24 611
0 1 0.24 612
0 1 0.24 613
0 1 0.24 614
0 1 0.24 615
0 1 0.24 616
0 1 0.24 617
0 1 0.24 618
0 1 0.24 619
0 1 0.24 620
0 1 0.24 621
0 1 0.24 622
0 1 0.24 623
0 1 0.24 624
0 1 0.24 625
0 1 0.24 626
0 1 0.24 627
0 1 0.24 628
0 1 0.24 629
0 1 0.24 630
0 1 0.24 631
0 1 0.24 632
0 1 0.24 633
0 1 0.24 634
0 1 0.24 635
0 1 0.25 636
0 1 0.24 637
0 1 0.25 638
0 1 0.25 639
0 1 0.25 640
0 1 0.24 641
0 1 0.24 642
0 1 0.24 643
0 1 0.25 644
0 1 0.24 645
0 1 0.24 646
0 1 0.25 647
0 1 0.25 648
0 1 0.24 649
0 1 0.25 650
0 1 0.25 651
0 1 0.25 652
0 1 0.25 653
0 1 0.24 654
0 1 0.24 655
0 1 0.24 656
0 1 0.24 657
0 1 0.24 658
0 1 0.24 659
0 1 0.24 660
0 1 0.24 661
0 1 0.24 662
0 1 0.24 663
0 1 0.24 664
0 1 0.24 665
0 1 0.24 666
0 1 0.24 667
0 1 0.24 668
0 1 0.24 669
0 1 0.24 670
0 1 0.24 671
0 1 0.24 672
0 1 0.24 673
0 1 0.24 674
0 1 0.24 675
0 1 0.24 676
0 1 0.24 677
0 1 0.24 678
0 1 0.24 679
0 1 0.24 680
0 1 0.24 681
0 1 0.24 682
0 1 0.24 683
0 1 0.24 684
0 1 0.24 685
0 1 0.24 686
0 1 0.24 687
0 1 0.24 688
0 1 0.24 689
0 1 0.24 690
0 1 0.24 691
0 1 0.24 692
0 1 0.24 693
0 1 0.24 694
0 1 0.24 695
0 1 0.24 696
0 1 0.24 697
0 1 0.24 698
0 1 0.24 699
0 1 0.24 700
0 1 0.24 701
0 1 0.24 702
0 1 0.24 703
0 1 0.24 704
0 1 0.24 705
0 1 0.24 706
0 1 0.24 707
0 1 0.24 708
0 1 0.24 709
0 1 0.24 710
0 1 0.24 711
0 1 0.24 712
0 1 0.24 713
0 1 0.24 714
0 1 0.24 715
0 1 0.24 716
0 1 0.24 717
0 1 0.24 718
0 1 0.24 719
0 1 0.24 720
0 1 0.24 721
0 1 0.24 722
0 1 0.24 723
0 1 0.24 724
0 1 0.24 725
0 1 0.24 726
0 1 0.24 727
0 1 0.24 728
0 1 0.24 729
0 1 0.24 730
0 1 0.24 731
0 1 0.24 732
0 1 0.24 733
0 1 0.24 734
0 1 0.24 735
0 1 0.24 736
0 1 0.24 737
0 1 0.24 738
0 1 0.24 739
0 1 0.24 740
0 1 0.24 741
0 1 0.24 742
0 1 0.24 743
0 1 0.24 744
0 1 0.24 745
0 1 0.24 746
0 1 0.24 747
0 1 0.24 748
0 1 0.24 749
0 1 0.24 750
0 1 0.24 751
0 1 0.24 752
0 1 0.24 753
0 1 0.24 754
0 1 0.24 755
0 1 0.24 756
0 1 0.24 757
0 1 0.24 758
0 1 0.24 759
0 1 0.24 760
0 1 0.24 761
0 1 0.24 762
0 1 0.25 763
0 1 0.24 764
0 1 0.24 765
0 1 0.24 766
0 1 0.24 767
0 1 0.24 768
0 1 0.24 769
0 1 0.24 770
0 1 0.24 771
0 1 0.24 772
0 1 0.24 773
0 1 0.24 774
0 1 0.24 775
0 1 0.24 776
0 1 0.24 777
0 1 0.24 778
0 1 0.24 779
0 1 0.24 780
0 1 0.24 781
0 1 0.24 782
0 1 0.24 783
0 1 0.24 784
0 1 0.24 785
0 1 0.24 786
0 1 0.24 787
0 1 0.24 788
0 1 0.24 789
0 1 0.24 790
0 1 0.24 791
0 1 0.24 792
0 1 0.24 793
0 1 0.25 794
0 1 0.25 795
0 1 0.24 796
0 1 0.24 797
0 1 0.24 798
0 1 0.24 799
0 1 0.24 800
0 1 0.24 801
0 1 0.24 802
0 1 0.24 803
0 1 0.24 804
0 1 0.24 805
0 1 0.24 806
0 1 0.24 807
0 1 0.24 808
0 1 0.24 809
0 1 0.24 810
0 1 0.24 811
0 1 0.24 812
0 1 0.24 813
0 1 0.24 814
0 1 0.24 815
0 1 0.24 816
0 1 0.24 817
0 1 0.24 818
0 1 0.24 819
0 1 0.24 820
0 1 0.24 821
0 1 0.24 822
0 1 0.24 823
0 1 0.24 824
0 1 0.24 825
0 1 0.24 826
0 1 0.24 827
0 1 0.24 828
0 1 0.24 829
0 1 0.24 830
0 1 0.24 831
0 1 0.24 832
0 1 0.24 833
0 1 0.24 834
0 1 0.24 835
0 1 0.24 836
0 1 0.24 837
0 1 0.24 838
0 1 0.24 839
0 1 0.24 840
0 1 0.24 841
0 1 0.24 842
0 1 0.24 843
0 1 0.24 844
0 1 0.24 845
0 1 0.24 846
0 1 0.24 847
0 1 0.25 848
0 1 0.24 849
0 1 0.25 850
0 1 0.25 851
0 1 0.25 852
0 1 0.25 853
0 1 0.25 854
0 1 0.25 855
0 1 0.25 856
0 1 0.25 857
0 1 0.25 858
0 1 0.25 859
0 1 0.25 860
0 1 0.25 861
0 1 0.25 862
0 1 0.25 863
0 1 0.25 864
0 1 0.25 865
0 1 0.24 866
0 1 0.24 867
0 1 0.25 868
0 1 0.25 869
0 1 0.24 870
0 1 0.25 871
0 1 0.25 872
0 1 0.25 873
0 1 0.24 874
0 1 0.24 875
0 1 0.24 876
0 1 0.25 877
0 1 0.24 878
0 1 0.24 879
0 1 0.25 880
0 1 0.25 881
0 1 0.24 882
0 1 0.24 883
0 1 0.24 884
0 1 0.24 885
0 1 0.24 886
0 1 0.24 887
0 1 0.24 888
0 1 0.24 889
0 1 0.24 890
0 1 0.24 891
0 1 0.24 892
0 1 0.24 893
0 1 0.24 894
0 1 0.24 895
0 1 0.24 896
0 1 0.24 897
0 1 0.24 898
0 1 0.24 899
0 1 0.24 900
0 1 0.24 901
0 1 0.24 902
0 1 0.24 903
0 1 0.24 904
0 1 0.24 905
0 1 0.24 906
0 1 0.24 907
0 1 0.24 908
0 1 0.24 909
0 1 0.24 910
0 1 0.24 911
0 1 0.24 912
0 1 0.24 913
0 1 0.24 914
0 1 0.24 915
0 1 0.24 916
0 1 0.24 917
0 1 0.24 918
0 1 0.24 919
0 1 0.24 920
0 1 0.24 921
0 1 0.24 922
0 1 0.24 923
0 1 0.24 924
0 1 0.24 925
0 1 0.24 926
0 1 0.24 927
0 1 0.24 928
0 1 0.24 929
0 1 0.24 930
0 1 0.24 931
0 1 0.24 932
0 1 0.24 933
0 1 0.24 934
0 1 0.24 935
0 1 0.24 936
0 1 0.24 937
0 1 0.24 938
0 1 0.24 939
0 1 0.24 940
0 1 0.24 941
0 1 0.24 942
0 1 0.24 943
0 1 0.24 944
0 1 0.24 945
0 1 0.24 946
0 1 0.24 947
0 1 0.24 948
0 1 0.24 949
0 1 0.24 950
0 1 0.24 951
0 1 0.24 952
0 1 0.24 953
0 1 0.2