0 0 0.00 1
0 0 0.00 2
0 1 0.33 3
0 1 0.25 4
0 1 0.40 5
0 1 0.33 6
0 1 0.43 7
0 1 0.38 8
0 1 0.44 9
0 1 0.40 10
0 1 0.36 11
0 1 0.33 12
0 1 0.38 13
0 1 0.36 14
0 1 0.40 15
0 1 0.38 16
0 1 0.35 17
0 1 0.39 18
0 1 0.42 19
0 1 0.40 20
0 1 0.43 21
0 1 0.41 22
0 1 0.39 23
0 1 0.38 24
0 1 0.36 25
0 1 0.35 26
0 1 0.37 27
0 1 0.36 28
0 1 0.38 29
0 1 0.40 30
0 1 0.39 31
0 1 0.38 32
0 1 0.36 33
0 2 0.41 34
0 2 0.43 35
0 2 0.42 36
0 2 0.43 37
0 2 0.42 38
0 2 0.41 39
0 2 0.42 40
0 2 0.41 41
0 2 0.43 42
0 2 0.42 43
0 2 0.41 44
0 2 0.40 45
0 2 0.41 46
0 2 0.40 47
0 2 0.40 48
0 2 0.39 49
0 2 0.40 50
0 2 0.41 51
0 2 0.40 52
0 2 0.42 53
0 2 0.43 54
0 2 0.42 55
0 2 0.43 56
0 2 0.44 57
0 2 0.45 58
0 2 0.44 59
0 2 0.45 60
0 2 0.44 61
0 2 0.45 62
0 2 0.44 63
0 2 0.45 64
0 2 0.46 65
0 2 0.45 66
0 2 0.46 67
0 2 0.46 68
0 2 0.45 69
0 2 0.44 70
0 2 0.45 71
0 2 0.44 72
0 2 0.45 73
0 2 0.45 74
0 2 0.45 75
0 2 0.45 76
0 2 0.44 77
0 2 0.44 78
0 2 0.43 79
0 2 0.44 80
0 2 0.43 81
0 2 0.43 82
0 2 0.43 83
0 2 0.43 84
0 2 0.42 85
0 2 0.43 86
0 2 0.44 87
0 2 0.43 88
0 2 0.43 89
0 2 0.43 90
0 2 0.43 91
0 2 0.43 92
0 2 0.43 93
0 2 0.43 94
0 2 0.43 95
0 2 0.43 96
0 2 0.42 97
0 2 0.43 98
0 2 0.42 99
0 2 0.43 100
0 2 0.44 101
0 2 0.43 102
0 2 0.43 103
0 2 0.42 104
0 2 0.43 105
0 2 0.43 106
0 2 0.43 107
0 2 0.43 108
0 2 0.42 109
0 2 0.43 110
0 2 0.43 111
0 2 0.43 112
0 2 0.43 113
0 2 0.44 114
0 2 0.43 115
0 2 0.44 116
0 2 0.44 117
0 2 0.44 118
0 2 0.44 119
0 2 0.44 120
0 2 0.44 121
0 2 0.43 122
0 2 0.44 123
0 2 0.44 124
0 2 0.44 125
0 2 0.44 126
0 2 0.44 127
0 2 0.44 128
0 2 0.43 129
0 2 0.44 130
0 2 0.44 131
0 2 0.44 132
0 2 0.44 133
0 2 0.43 134
0 2 0.43 135
0 2 0.43 136
0 2 0.42 137
0 2 0.43 138
0 2 0.43 139
0 2 0.43 140
0 2 0.43 141
0 2 0.43 142
0 2 0.43 143
0 2 0.44 144
0 2 0.43 145
0 2 0.43 146
0 2 0.43 147
0 2 0.43 148
0 2 0.43 149
0 2 0.43 150
0 2 0.43 151
0 2 0.43 152
0 2 0.42 153
0 2 0.42 154
0 2 0.43 155
0 2 0.42 156
0 2 0.42 157
0 2 0.42 158
0 2 0.42 159
0 2 0.42 160
0 2 0.42 161
0 2 0.42 162
0 2 0.42 163
0 2 0.43 164
0 2 0.43 165
0 2 0.43 166
0 2 0.43 167
0 2 0.43 168
0 2 0.43 169
0 2 0.43 170
0 2 0.43 171
0 2 0.43 172
0 2 0.43 173
0 2 0.43 174
0 2 0.43 175
0 2 0.43 176
0 2 0.43 177
0 2 0.43 178
0 2 0.44 179
0 2 0.43 180
0 2 0.43 181
0 2 0.43 182
0 2 0.43 183
0 2 0.43 184
0 2 0.44 185
0 2 0.44 186
0 2 0.44 187
0 2 0.44 188
0 2 0.44 189
0 2 0.44 190
0 2 0.44 191
0 2 0.44 192
0 2 0.44 193
0 2 0.44 194
0 2 0.44 195
0 2 0.44 196
0 2 0.44 197
0 2 0.44 198
0 2 0.44 199
0 2 0.44 200
0 2 0.44 201
0 2 0.44 202
0 2 0.44 203
0 2 0.44 204
0 2 0.43 205
0 2 0.43 206
0 2 0.43 207
0 2 0.43 208
0 2 0.43 209
0 2 0.43 210
0 2 0.43 211
0 2 0.43 212
0 2 0.43 213
0 2 0.43 214
0 2 0.42 215
0 2 0.43 216
0 2 0.43 217
0 2 0.43 218
0 2 0.43 219
0 2 0.43 220
0 2 0.43 221
0 2 0.43 222
0 2 0.43 223
0 2 0.43 224
0 2 0.43 225
0 2 0.43 226
0 2 0.43 227
0 2 0.43 228
0 2 0.43 229
0 2 0.43 230
0 2 0.43 231
0 2 0.43 232
0 2 0.43 233
0 2 0.43 234
0 2 0.43 235
0 2 0.42 236
0 2 0.43 237
0 2 0.42 238
0 2 0.42 239
0 2 0.42 240
0 2 0.42 241
0 2 0.43 242
0 2 0.42 243
0 2 0.43 244
0 2 0.42 245
0 2 0.42 246
0 2 0.42 247
0 2 0.42 248
0 2 0.42 249
0 2 0.42 250
0 2 0.41 251
0 2 0.42 252
0 2 0.42 253
0 2 0.42 254
0 2 0.42 255
0 2 0.41 256
0 2 0.42 257
0 2 0.41 258
0 2 0.41 259
0 2 0.41 260
0 2 0.41 261
0 2 0.41 262
0 2 0.41 263
0 2 0.41 264
0 2 0.41 265
0 2 0.41 266
0 2 0.41 267
0 2 0.41 268
0 2 0.41 269
0 2 0.41 270
0 2 0.41 271
0 2 0.41 272
0 2 0.41 273
0 2 0.41 274
0 2 0.41 275
0 2 0.41 276
0 2 0.41 277
0 2 0.41 278
0 2 0.41 279
0 2 0.41 280
0 2 0.41 281
0 2 0.41 282
0 2 0.41 283
0 2 0.41 284
0 2 0.41 285
0 2 0.42 286
0 2 0.41 287
0 2 0.41 288
0 2 0.42 289
0 2 0.42 290
0 2 0.42 291
0 2 0.41 292
0 2 0.42 293
0 2 0.42 294
0 2 0.42 295
0 2 0.42 296
0 2 0.42 297
0 2 0.42 298
0 2 0.42 299
0 2 0.42 300
0 2 0.42 301
0 2 0.42 302
0 2 0.42 303
0 2 0.42 304
0 2 0.42 305
0 2 0.42 306
0 2 0.42 307
0 2 0.42 308
0 2 0.42 309
0 2 0.42 310
0 2 0.42 311
0 2 0.42 312
0 2 0.42 313
0 2 0.42 314
0 2 0.43 315
0 2 0.42 316
0 2 0.42 317
0 2 0.42 318
0 2 0.42 319
0 2 0.42 320
0 2 0.42 321
0 2 0.43 322
0 2 0.42 323
0 2 0.43 324
0 2 0.42 325
0 2 0.42 326
0 2 0.42 327
0 2 0.42 328
0 2 0.42 329
0 2 0.42 330
0 2 0.42 331
0 2 0.42 332
0 2 0.42 333
0 2 0.42 334
0 2 0.42 335
0 2 0.42 336
0 2 0.42 337
0 2 0.42 338
0 2 0.42 339
0 2 0.42 340
0 2 0.42 341
0 2 0.42 342
0 2 0.42 343
0 2 0.42 344
0 2 0.42 345
0 2 0.42 346
0 2 0.42 347
0 2 0.42 348
0 2 0.42 349
0 2 0.42 350
0 2 0.42 351
0 2 0.42 352
0 2 0.42 353
0 2 0.42 354
0 2 0.43 355
0 2 0.43 356
0 2 0.43 357
0 2 0.43 358
0 2 0.43 359
0 2 0.43 360
0 2 0.43 361
0 2 0.43 362
0 2 0.43 363
0 2 0.43 364
0 2 0.43 365
0 2 0.43 366
0 2 0.43 367
0 2 0.43 368
0 2 0.43 369
0 2 0.43 370
0 2 0.43 371
0 2 0.43 372
0 2 0.43 373
0 2 0.43 374
0 2 0.42 375
0 2 0.43 376
0 2 0.42 377
0 2 0.43 378
0 2 0.42 379
0 2 0.42 380
0 2 0.43 381
0 2 0.43 382
0 2 0.43 383
0 2 0.43 384
0 2 0.43 385
0 2 0.43 386
0 2 0.43 387
0 2 0.43 388
0 2 0.42 389
0 2 0.42 390
0 2 0.42 391
0 2 0.42 392
0 2 0.42 393
0 2 0.42 394
0 2 0.43 395
0 2 0.42 396
0 2 0.42 397
0 2 0.42 398
0 2 0.43 399
0 2 0.42 400
0 2 0.43 401
0 2 0.43 402
0 2 0.43 403
0 2 0.43 404
0 2 0.42 405
0 2 0.43 406
0 2 0.43 407
0 2 0.43 408
0 2 0.43 409
0 2 0.43 410
0 2 0.43 411
0 2 0.43 412
0 2 0.43 413
0 2 0.43 414
0 2 0.43 415
0 2 0.43 416
0 2 0.43 417
0 2 0.43 418
0 2 0.43 419
0 2 0.43 420
0 2 0.43 421
0 2 0.43 422
0 2 0.43 423
0 2 0.43 424
0 2 0.43 425
0 2 0.43 426
0 2 0.43 427
0 2 0.43 428
0 2 0.43 429
0 2 0.43 430
0 2 0.43 431
0 2 0.43 432
0 2 0.43 433
0 2 0.43 434
0 2 0.43 435
0 2 0.43 436
0 2 0.43 437
0 2 0.42 438
0 2 0.42 439
0 2 0.42 440
0 2 0.42 441
0 2 0.42 442
0 2 0.42 443
0 2 0.42 444
0 2 0.42 445
0 2 0.42 446
0 2 0.42 447
0 2 0.42 448
0 2 0.42 449
0 2 0.42 450
0 2 0.42 451
0 2 0.42 452
0 2 0.42 453
0 2 0.42 454
0 2 0.42 455
0 2 0.42 456
0 2 0.42 457
0 2 0.42 458
0 2 0.42 459
0 2 0.42 460
0 2 0.42 461
0 2 0.42 462
0 2 0.42 463
0 2 0.42 464
0 2 0.42 465
0 2 0.42 466
0 2 0.42 467
0 2 0.42 468
0 2 0.42 469
0 2 0.42 470
0 2 0.42 471
0 2 0.43 472
0 2 0.42 473
0 2 0.43 474
0 2 0.43 475
0 2 0.42 476
0 2 0.43 477
0 2 0.43 478
0 2 0.43 479
0 2 0.42 480
0 2 0.42 481
0 2 0.43 482
0 2 0.42 483
0 2 0.43 484
0 2 0.42 485
0 2 0.42 486
0 2 0.43 487
0 2 0.43 488
0 2 0.43 489
0 2 0.43 490
0 2 0.43 491
0 2 0.42 492
0 2 0.43 493
0 2 0.43 494
0 2 0.43 495
0 2 0.43 496
0 2 0.43 497
0 2 0.43 498
0 2 0.43 499
0 2 0.43 500
0 2 0.43 501
0 2 0.43 502
0 2 0.43 503
0 2 0.43 504
0 2 0.43 505
0 2 0.43 506
0 2 0.43 507
0 2 0.43 508
0 2 0.43 509
0 2 0.43 510
0 2 0.43 511
0 2 0.43 512
0 2 0.43 513
0 2 0.43 514
0 2 0.43 515
0 2 0.43 516
0 2 0.43 517
0 2 0.43 518
0 2 0.43 519
0 2 0.43 520
0 2 0.43 521
0 2 0.43 522
0 2 0.43 523
0 2 0.43 524
0 2 0.43 525
0 2 0.43 526
0 2 0.43 527
0 2 0.43 528
0 2 0.43 529
0 2 0.43 530
0 2 0.43 531
0 2 0.42 532
0 2 0.42 533
0 2 0.42 534
0 2 0.42 535
0 2 0.42 536
0 2 0.42 537
0 2 0.42 538
0 2 0.42 539
0 2 0.42 540
0 2 0.42 541
0 2 0.42 542
0 2 0.42 543
0 2 0.42 544
0 2 0.42 545
0 2 0.42 546
0 2 0.42 547
0 2 0.42 548
0 2 0.42 549
0 2 0.42 550
0 2 0.42 551
0 2 0.42 552
0 2 0.42 553
0 2 0.42 554
0 2 0.42 555
0 2 0.42 556
0 2 0.42 557
0 2 0.42 558
0 2 0.42 559
0 2 0.42 560
0 2 0.42 561
0 2 0.42 562
0 2 0.42 563
0 2 0.42 564
0 2 0.42 565
0 2 0.42 566
0 2 0.42 567
0 2 0.42 568
0 2 0.42 569
0 2 0.42 570
0 2 0.42 571
0 2 0.42 572
0 2 0.42 573
0 2 0.42 574
0 2 0.42 575
0 2 0.42 576
0 2 0.42 577
0 2 0.42 578
0 2 0.42 579
0 2 0.42 580
0 2 0.42 581
0 2 0.42 582
0 2 0.42 583
0 2 0.42 584
0 2 0.42 585
0 2 0.42 586
0 2 0.42 587
0 2 0.42 588
0 2 0.42 589
0 2 0.42 590
0 2 0.42 591
0 2 0.42 592
0 2 0.42 593
0 2 0.42 594
0 2 0.42 595
0 2 0.42 596
0 2 0.42 597
0 2 0.42 598
0 2 0.42 599
0 2 0.42 600
0 2 0.42 601
0 2 0.42 602
0 2 0.42 603
0 2 0.42 604
0 2 0.42 605
0 2 0.42 606
0 2 0.42 607
0 2 0.42 608
0 2 0.42 609
0 2 0.42 610
0 2 0.42 611
0 2 0.42 612
0 2 0.42 613
0 2 0.42 614
0 2 0.42 615
0 2 0.42 616
0 2 0.42 617
0 2 0.42 618
0 2 0.42 619
0 2 0.42 620
0 2 0.42 621
0 2 0.42 622
0 2 0.42 623
0 2 0.42 624
0 2 0.42 625
0 2 0.42 626
0 2 0.42 627
0 2 0.42 628
0 2 0.42 629
0 2 0.42 630
0 2 0.42 631
0 2 0.42 632
0 2 0.42 633
0 2 0.42 634
0 2 0.42 635
0 2 0.42 636
0 2 0.42 637
0 2 0.42 638
0 2 0.42 639
0 2 0.42 640
0 2 0.42 641
0 2 0.42 642
0 2 0.42 643
0 2 0.42 644
0 2 0.42 645
0 2 0.42 646
0 2 0.42 647
0 2 0.42 648
0 2 0.42 649
0 2 0.42 650
0 2 0.42 651
0 2 0.42 652
0 2 0.42 653
0 2 0.42 654
0 2 0.42 655
0 2 0.42 656
0 2 0.42 657
0 2 0.42 658
0 2 0.42 659
0 2 0.42 660
0 2 0.42 661
0 2 0.42 662
0 2 0.42 663
0 2 0.42 664
0 2 0.42 665
0 2 0.42 666
0 2 0.42 667
0 2 0.42 668
0 2 0.42 669
0 2 0.42 670
0 2 0.42 671
0 2 0.42 672
0 2 0.42 673
0 2 0.42 674
0 2 0.42 675
0 2 0.42 676
0 2 0.42 677
0 2 0.41 678
0 2 0.42 679
0 2 0.42 680
0 2 0.42 681
0 2 0.41 682
0 2 0.41 683
0 2 0.41 684
0 2 0.41 685
0 2 0.41 686
0 2 0.41 687
0 2 0.41 688
0 2 0.41 689
0 2 0.41 690
0 2 0.41 691
0 2 0.41 692
0 2 0.41 693
0 2 0.41 694
0 2 0.41 695
0 2 0.41 696
0 2 0.41 697
0 2 0.41 698
0 2 0.41 699
0 2 0.41 700
0 2 0.41 701
0 2 0.41 702
0 2 0.41 703
0 2 0.41 704
0 2 0.41 705
0 2 0.41 706
0 2 0.41 707
0 2 0.41 708
0 2 0.41 709
0 2 0.41 710
0 2 0.41 711
0 2 0.41 712
0 2 0.41 713
0 2 0.41 714
0 2 0.41 715
0 2 0.41 716
0 2 0.41 717
0 2 0.41 718
0 2 0.41 719
0 2 0.41 720
0 2 0.41 721
0 2 0.41 722
0 2 0.41 723
0 2 0.41 724
0 2 0.41 725
0 2 0.41 726
0 2 0.41 727
0 2 0.41 728
0 2 0.41 729
0 2 0.41 730
0 2 0.41 731
0 2 0.41 732
0 2 0.41 733
0 2 0.41 734
0 2 0.41 735
0 2 0.41 736
0 2 0.41 737
0 2 0.41 738
0 2 0.41 739
0 2 0.41 740
0 2 0.41 741
0 2 0.41 742
0 2 0.41 743
0 2 0.41 744
0 2 0.41 745
0 2 0.41 746
0 2 0.41 747
0 2 0.41 748
0 2 0.41 749
0 2 0.41 750
0 2 0.41 751
0 2 0.41 752
0 2 0.41 753
0 2 0.41 754
0 2 0.41 755
0 2 0.41 756
0 2 0.41 757
0 2 0.41 758
0 2 0.41 759
0 2 0.41 760
0 2 0.41 761
0 2 0.41 762
0 2 0.41 763
0 2 0.41 764
0 2 0.41 765
0 2 0.41 766
0 2 0.41 767
0 2 0.41 768
0 2 0.41 769
0 2 0.41 770
0 2 0.41 771
0 2 0.41 772
0 2 0.41 773
0 2 0.41 774
0 2 0.41 775
0 2 0.41 776
0 2 0.41 777
0 2 0.41 778
0 2 0.41 779
0 2 0.41 780
0 2 0.41 781
0 2 0.41 782
0 2 0.41 783
0 10 0.42 784
0 10 0.42 785
0 10 0.42 786
0 10 0.42 787
0 10 0.43 788
0 10 0.42 789
0 10 0.43 790
0 10 0.43 791
0 10 0.43 792
0 10 0.43 793
0 10 0.43 794
0 10 0.43 795
0 10 0.43 796
0 10 0.43 797
0 10 0.43 798
0 10 0.43 799
0 10 0.43 800
0 10 0.43 801
0 10 0.43 802
0 10 0.43 803
0 10 0.43 804
0 10 0.43 805
0 10 0.43 806
0 10 0.43 807
0 10 0.43 808
0 10 0.43 809
0 10 0.43 810
0 10 0.43 811
0 10 0.43 812
0 10 0.43 813
0 10 0.43 814
0 10 0.43 815
0 10 0.43 816
0 10 0.43 817
0 10 0.43 818
0 10 0.42 819
0 10 0.43 820
0 10 0.43 821
0 10 0.43 822
0 10 0.43 823
0 10 0.43 824
0 10 0.43 825
0 10 0.42 826
0 10 0.43 827
0 10 0.43 828
0 10 0.42 829
0 10 0.43 830
0 10 0.43 831
0 10 0.43 832
0 10 0.43 833
0 10 0.43 834
0 10 0.43 835
0 10 0.43 836
0 10 0.43 837
0 10 0.43 838
0 10 0.43 839
0 10 0.43 840
0 10 0.43 841
0 10 0.43 842
0 10 0.43 843
0 10 0.43 844
0 10 0.43 845
0 10 0.43 846
0 10 0.43 847
0 10 0.43 848
0 10 0.43 849
0 10 0.42 850
0 10 0.42 851
0 10 0.42 852
0 10 0.42 853
0 10 0.42 854
0 10 0.42 855
0 10 0.43 856
0 10 0.43 857
0 10 0.43 858
0 10 0.42 859
0 10 0.42 860
0 10 0.42 861
0 10 0.42 862
0 10 0.42 863
0 10 0.42 864
0 10 0.42 865
0 10 0.42 866
0 10 0.42 867
0 10 0.42 868
0 10 0.42 869
0 10 0.42 870
0 10 0.42 871
0 10 0.42 872
0 10 0.42 873
0 10 0.42 874
0 10 0.42 875
0 10 0.42 876
0 10 0.42 877
0 10 0.42 878
0 10 0.42 879
0 10 0.42 880
0 10 0.42 881
0 10 0.42 882
0 10 0.42 883
0 10 0.42 884
0 10 0.42 885
0 10 0.42 886
0 10 0.42 887
0 10 0.42 888
0 10 0.42 889
0 10 0.42 890
0 10 0.42 891
0 10 0.42 892
0 10 0.42 893
0 10 0.42 894
0 10 0.42 895
0 10 0.42 896
0 10 0.42 897
0 10 0.42 898
0 10 0.42 899
0 10 0.42 900
0 10 0.42 901
0 10 0.42 902
0 10 0.42 903
0 10 0.42 904
0 10 0.42 905
0 10 0.42 906
0 10 0.42 907
0 10 0.42 908
0 10 0.42 909
0 10 0.42 910
0 10 0.42 911
0 10 0.42 912
0 10 0.42 913
0 10 0.42 914
0 10 0.42 915
0 10 0.42 916
0 10 0.42 917
0 10 0.42 918
0 10 0.42 919
0 10 0.42 920
0 10 0.42 921
0 10 0.42 922
0 10 0.42 923
0 10 0.42 924
0 10 0.42 925
0 10 0.42 926
0 10 0.42 927
0 10 0.42 928
0 10 0.42 929
0 10 0.42 930
0 10 0.42 931
0 10 0.42 932
0 10 0.42 933
0 10 0.42 934
0 10 0.42 935
0 10 0.42 936
0 10 0.42 937
0 10 0.42 938
0 10 0.42 939
0 10 0.42 940
0 10 0.42 941
0 10 