0 0 0.00 1
0 1 0.50 2
0 1 0.33 3
0 1 0.25 4
0 1 0.40 5
0 1 0.33 6
0 1 0.29 7
0 1 0.38 8
0 1 0.33 9
0 1 0.40 10
0 1 0.36 11
0 1 0.42 12
0 1 0.38 13
0 1 0.43 14
0 1 0.40 15
0 1 0.44 16
0 1 0.41 17
0 1 0.44 18
0 1 0.42 19
0 1 0.45 20
0 1 0.43 21
0 1 0.45 22
0 1 0.43 23
0 1 0.42 24
0 1 0.44 25
0 1 0.42 26
0 1 0.41 27
0 1 0.43 28
0 1 0.45 29
0 1 0.43 30
0 1 0.42 31
0 1 0.44 32
0 1 0.42 33
0 1 0.44 34
0 1 0.43 35
0 1 0.42 36
0 1 0.41 37
0 1 0.39 38
0 1 0.38 39
0 1 0.40 40
0 1 0.39 41
0 1 0.40 42
0 1 0.40 43
0 1 0.39 44
0 1 0.40 45
0 1 0.39 46
0 1 0.38 47
0 1 0.38 48
0 1 0.37 49
0 1 0.38 50
0 1 0.37 51
0 1 0.38 52
0 1 0.38 53
0 1 0.39 54
0 1 0.38 55
0 1 0.39 56
0 1 0.39 57
0 1 0.40 58
0 1 0.39 59
0 1 0.38 60
0 1 0.39 61
0 1 0.39 62
0 1 0.40 63
0 1 0.39 64
0 1 0.40 65
0 1 0.39 66
0 1 0.40 67
0 1 0.40 68
0 1 0.39 69
0 1 0.39 70
0 1 0.38 71
0 1 0.39 72
0 1 0.38 73
0 1 0.39 74
0 1 0.39 75
0 1 0.38 76
0 1 0.39 77
0 1 0.38 78
0 1 0.38 79
0 1 0.38 80
0 1 0.38 81
0 1 0.38 82
0 1 0.39 83
0 1 0.38 84
0 1 0.38 85
0 1 0.38 86
0 1 0.38 87
0 1 0.39 88
0 1 0.38 89
0 1 0.38 90
0 1 0.38 91
0 1 0.38 92
0 1 0.38 93
0 1 0.38 94
0 1 0.38 95
0 1 0.38 96
0 1 0.37 97
0 1 0.37 98
0 1 0.37 99
0 1 0.38 100
0 1 0.38 101
0 1 0.37 102
0 1 0.37 103
0 1 0.37 104
0 1 0.37 105
0 1 0.37 106
0 1 0.36 107
0 1 0.36 108
0 1 0.36 109
0 1 0.35 110
0 1 0.35 111
0 1 0.36 112
0 1 0.35 113
0 1 0.35 114
0 1 0.36 115
0 1 0.36 116
0 1 0.36 117
0 1 0.36 118
0 1 0.36 119
0 1 0.36 120
0 1 0.36 121
0 1 0.35 122
0 1 0.36 123
0 1 0.35 124
0 1 0.36 125
0 1 0.36 126
0 1 0.36 127
0 1 0.36 128
0 1 0.36 129
0 1 0.35 130
0 1 0.36 131
0 1 0.36 132
0 1 0.35 133
0 1 0.35 134
0 1 0.35 135
0 1 0.35 136
0 1 0.35 137
0 1 0.35 138
0 1 0.35 139
0 1 0.35 140
0 1 0.35 141
0 1 0.35 142
0 1 0.35 143
0 1 0.35 144
0 1 0.35 145
0 1 0.35 146
0 1 0.35 147
0 1 0.35 148
0 1 0.36 149
0 1 0.35 150
0 1 0.35 151
0 1 0.36 152
0 1 0.35 153
0 1 0.35 154
0 1 0.35 155
0 1 0.35 156
0 1 0.35 157
0 1 0.35 158
0 1 0.35 159
0 1 0.35 160
0 1 0.35 161
0 1 0.35 162
0 1 0.35 163
0 1 0.35 164
0 1 0.35 165
0 1 0.34 166
0 1 0.35 167
0 1 0.35 168
0 1 0.34 169
0 1 0.35 170
0 1 0.35 171
0 1 0.34 172
0 1 0.34 173
0 1 0.34 174
0 1 0.34 175
0 1 0.34 176
0 1 0.34 177
0 1 0.34 178
0 1 0.34 179
0 1 0.34 180
0 1 0.34 181
0 1 0.35 182
0 1 0.34 183
0 1 0.34 184
0 1 0.34 185
0 1 0.34 186
0 1 0.34 187
0 1 0.34 188
0 1 0.33 189
0 1 0.33 190
0 1 0.34 191
0 1 0.33 192
0 1 0.33 193
0 1 0.34 194
0 1 0.33 195
0 1 0.34 196
0 1 0.34 197
0 1 0.34 198
0 1 0.34 199
0 1 0.34 200
0 1 0.34 201
0 1 0.34 202
0 1 0.33 203
0 1 0.33 204
0 1 0.34 205
0 1 0.33 206
0 1 0.33 207
0 1 0.34 208
0 1 0.33 209
0 1 0.33 210
0 1 0.33 211
0 1 0.33 212
0 1 0.33 213
0 1 0.34 214
0 1 0.33 215
0 1 0.33 216
0 1 0.33 217
0 1 0.33 218
0 1 0.33 219
0 1 0.33 220
0 1 0.33 221
0 1 0.33 222
0 1 0.33 223
0 1 0.33 224
0 1 0.33 225
0 1 0.33 226
0 1 0.33 227
0 1 0.33 228
0 1 0.33 229
0 1 0.33 230
0 1 0.33 231
0 1 0.33 232
0 1 0.33 233
0 1 0.33 234
0 1 0.33 235
0 1 0.33 236
0 1 0.32 237
0 1 0.32 238
0 1 0.32 239
0 1 0.32 240
0 1 0.32 241
0 1 0.32 242
0 1 0.32 243
0 1 0.32 244
0 1 0.32 245
0 1 0.32 246
0 1 0.32 247
0 1 0.32 248
0 1 0.32 249
0 1 0.32 250
0 1 0.32 251
0 1 0.32 252
0 1 0.32 253
0 1 0.32 254
0 1 0.32 255
0 1 0.32 256
0 1 0.32 257
0 1 0.32 258
0 1 0.32 259
0 1 0.32 260
0 1 0.32 261
0 1 0.32 262
0 1 0.32 263
0 1 0.33 264
0 1 0.32 265
0 1 0.33 266
0 1 0.33 267
0 1 0.32 268
0 1 0.32 269
0 1 0.32 270
0 1 0.32 271
0 1 0.32 272
0 1 0.33 273
0 1 0.32 274
0 1 0.32 275
0 1 0.32 276
0 1 0.32 277
0 1 0.32 278
0 1 0.32 279
0 1 0.32 280
0 1 0.32 281
0 1 0.32 282
0 1 0.32 283
0 1 0.32 284
0 1 0.32 285
0 1 0.32 286
0 1 0.32 287
0 1 0.32 288
0 1 0.32 289
0 1 0.32 290
0 1 0.32 291
0 1 0.32 292
0 1 0.32 293
0 1 0.32 294
0 1 0.32 295
0 1 0.32 296
0 1 0.32 297
0 1 0.32 298
0 1 0.32 299
0 1 0.32 300
0 1 0.32 301
0 1 0.32 302
0 1 0.32 303
0 1 0.32 304
0 1 0.32 305
0 1 0.32 306
0 1 0.32 307
0 1 0.32 308
0 1 0.32 309
0 1 0.32 310
0 1 0.32 311
0 1 0.32 312
0 1 0.32 313
0 1 0.32 314
0 1 0.32 315
0 1 0.32 316
0 1 0.32 317
0 1 0.32 318
0 1 0.32 319
0 1 0.32 320
0 1 0.31 321
0 1 0.32 322
0 1 0.32 323
0 1 0.31 324
0 1 0.31 325
0 1 0.31 326
0 1 0.31 327
0 1 0.31 328
0 1 0.31 329
0 1 0.32 330
0 1 0.31 331
0 1 0.31 332
0 1 0.31 333
0 1 0.31 334
0 1 0.31 335
0 1 0.31 336
0 1 0.31 337
0 1 0.31 338
0 1 0.31 339
0 1 0.31 340
0 1 0.31 341
0 1 0.31 342
0 1 0.31 343
0 1 0.31 344
0 1 0.31 345
0 1 0.31 346
0 1 0.31 347
0 1 0.31 348
0 1 0.31 349
0 1 0.31 350
0 1 0.30 351
0 1 0.31 352
0 1 0.31 353
0 1 0.31 354
0 1 0.30 355
0 1 0.30 356
0 1 0.30 357
0 1 0.30 358
0 1 0.30 359
0 1 0.30 360
0 1 0.30 361
0 1 0.30 362
0 1 0.30 363
0 1 0.30 364
0 1 0.30 365
0 1 0.30 366
0 1 0.30 367
0 1 0.30 368
0 1 0.30 369
0 1 0.30 370
0 1 0.30 371
0 1 0.30 372
0 1 0.30 373
0 1 0.30 374
0 1 0.30 375
0 1 0.30 376
0 1 0.30 377
0 1 0.30 378
0 1 0.30 379
0 1 0.30 380
0 1 0.30 381
0 1 0.30 382
0 1 0.30 383
0 1 0.29 384
0 1 0.29 385
0 1 0.29 386
0 1 0.29 387
0 1 0.29 388
0 1 0.30 389
0 1 0.29 390
0 1 0.29 391
0 1 0.30 392
0 1 0.30 393
0 1 0.29 394
0 1 0.29 395
0 1 0.30 396
0 1 0.29 397
0 1 0.29 398
0 1 0.30 399
0 1 0.29 400
0 1 0.29 401
0 1 0.30 402
0 1 0.30 403
0 1 0.29 404
0 1 0.30 405
0 1 0.30 406
0 1 0.30 407
0 1 0.30 408
0 1 0.30 409
0 1 0.30 410
0 1 0.30 411
0 1 0.30 412
0 1 0.30 413
0 1 0.30 414
0 1 0.30 415
0 1 0.30 416
0 1 0.30 417
0 1 0.30 418
0 1 0.30 419
0 1 0.30 420
0 1 0.30 421
0 1 0.30 422
0 1 0.30 423
0 1 0.30 424
0 1 0.30 425
0 1 0.30 426
0 1 0.30 427
0 1 0.30 428
0 1 0.30 429
0 1 0.30 430
0 1 0.30 431
0 1 0.30 432
0 1 0.30 433
0 1 0.29 434
0 1 0.29 435
0 1 0.29 436
0 1 0.29 437
0 1 0.29 438
0 1 0.29 439
0 1 0.29 440
0 1 0.29 441
0 1 0.29 442
0 1 0.29 443
0 1 0.29 444
0 1 0.29 445
0 1 0.29 446
0 1 0.29 447
0 1 0.29 448
0 1 0.29 449
0 1 0.29 450
0 1 0.29 451
0 1 0.29 452
0 1 0.29 453
0 1 0.29 454
0 1 0.29 455
0 1 0.29 456
0 1 0.29 457
0 1 0.29 458
0 1 0.29 459
0 1 0.29 460
0 1 0.29 461
0 1 0.29 462
0 1 0.29 463
0 1 0.29 464
0 1 0.29 465
0 1 0.29 466
0 1 0.29 467
0 1 0.29 468
0 1 0.29 469
0 1 0.29 470
0 1 0.29 471
0 1 0.29 472
0 1 0.29 473
0 1 0.29 474
0 1 0.29 475
0 1 0.29 476
0 1 0.29 477
0 1 0.29 478
0 1 0.29 479
0 1 0.29 480
0 1 0.29 481
0 1 0.29 482
0 1 0.29 483
0 1 0.29 484
0 1 0.29 485
0 1 0.29 486
0 1 0.29 487
0 1 0.29 488
0 1 0.29 489
0 1 0.29 490
0 1 0.29 491
0 1 0.29 492
0 1 0.29 493
0 1 0.29 494
0 1 0.29 495
0 1 0.29 496
0 1 0.29 497
0 1 0.29 498
0 1 0.29 499
0 1 0.29 500
0 1 0.29 501
0 1 0.29 502
0 1 0.29 503
0 1 0.29 504
0 1 0.29 505
0 1 0.29 506
0 1 0.29 507
0 1 0.29 508
0 1 0.29 509
0 1 0.29 510
0 1 0.29 511
0 1 0.29 512
0 1 0.29 513
0 1 0.29 514
0 1 0.29 515
0 1 0.29 516
0 1 0.29 517
0 1 0.29 518
0 1 0.29 519
0 1 0.29 520
0 1 0.30 521
0 1 0.30 522
0 1 0.30 523
0 1 0.30 524
0 1 0.30 525
0 1 0.30 526
0 1 0.30 527
0 1 0.30 528
0 1 0.30 529
0 1 0.30 530
0 1 0.30 531
0 1 0.30 532
0 1 0.30 533
0 1 0.30 534
0 1 0.30 535
0 1 0.30 536
0 1 0.30 537
0 1 0.30 538
0 1 0.29 539
0 1 0.29 540
0 1 0.29 541
0 1 0.29 542
0 1 0.29 543
0 1 0.29 544
0 1 0.29 545
0 1 0.29 546
0 1 0.29 547
0 1 0.29 548
0 1 0.29 549
0 1 0.29 550
0 1 0.29 551
0 1 0.29 552
0 1 0.29 553
0 1 0.29 554
0 1 0.29 555
0 1 0.29 556
0 1 0.29 557
0 1 0.29 558
0 1 0.29 559
0 1 0.29 560
0 1 0.29 561
0 1 0.29 562
0 1 0.29 563
0 1 0.29 564
0 1 0.29 565
0 1 0.29 566
0 1 0.29 567
0 1 0.29 568
0 1 0.29 569
0 1 0.29 570
0 1 0.29 571
0 1 0.29 572
0 1 0.29 573
0 1 0.29 574
0 1 0.29 575
0 1 0.29 576
0 1 0.29 577
0 1 0.29 578
0 1 0.29 579
0 1 0.29 580
0 1 0.29 581
0 1 0.29 582
0 1 0.29 583
0 1 0.29 584
0 1 0.29 585
0 1 0.29 586
0 1 0.29 587
0 1 0.29 588
0 1 0.29 589
0 1 0.29 590
0 1 0.29 591
0 1 0.29 592
0 1 0.29 593
0 1 0.29 594
0 1 0.29 595
0 1 0.29 596
0 1 0.29 597
0 1 0.29 598
0 1 0.29 599
0 1 0.29 600
0 1 0.29 601
0 1 0.29 602
0 1 0.29 603
0 1 0.29 604
0 1 0.29 605
0 1 0.29 606
0 1 0.29 607
0 1 0.29 608
0 1 0.29 609
0 1 0.29 610
0 1 0.29 611
0 1 0.29 612
0 1 0.29 613
0 1 0.29 614
0 1 0.29 615
0 1 0.29 616
0 1 0.29 617
0 1 0.29 618
0 1 0.29 619
0 1 0.29 620
0 1 0.29 621
0 1 0.29 622
0 1 0.29 623
0 1 0.29 624
0 1 0.29 625
0 1 0.29 626
0 1 0.30 627
0 1 0.29 628
0 1 0.29 629
0 1 0.30 630
0 1 0.30 631
0 1 0.30 632
0 1 0.30 633
0 1 0.29 634
0 1 0.29 635
0 1 0.29 636
0 1 0.30 637
0 1 0.29 638
0 1 0.29 639
0 1 0.29 640
0 1 0.29 641
0 1 0.29 642
0 1 0.29 643
0 1 0.29 644
0 1 0.29 645
0 1 0.29 646
0 1 0.30 647
0 1 0.29 648
0 1 0.29 649
0 1 0.30 650
0 1 0.29 651
0 1 0.30 652
0 1 0.30 653
0 1 0.30 654
0 1 0.30 655
0 1 0.30 656
0 1 0.30 657
0 1 0.30 658
0 1 0.30 659
0 1 0.30 660
0 1 0.30 661
0 1 0.30 662
0 1 0.30 663
0 1 0.30 664
0 1 0.30 665
0 1 0.30 666
0 1 0.30 667
0 1 0.30 668
0 1 0.30 669
0 1 0.30 670
0 1 0.30 671
0 1 0.30 672
0 1 0.30 673
0 1 0.30 674
0 1 0.30 675
0 1 0.30 676
0 1 0.30 677
0 1 0.30 678
0 1 0.30 679
0 1 0.30 680
0 1 0.30 681
0 1 0.30 682
0 1 0.30 683
0 1 0.30 684
0 1 0.30 685
0 1 0.30 686
0 1 0.30 687
0 1 0.30 688
0 1 0.30 689
0 1 0.30 690
0 1 0.30 691
0 1 0.30 692
0 1 0.30 693
0 1 0.30 694
0 1 0.30 695
0 1 0.30 696
0 1 0.30 697
0 1 0.30 698
0 1 0.30 699
0 1 0.30 700
0 1 0.30 701
0 1 0.30 702
0 1 0.30 703
0 1 0.30 704
0 1 0.30 705
0 1 0.30 706
0 1 0.30 707
0 1 0.30 708
0 1 0.30 709
0 1 0.30 710
0 1 0.30 711
0 1 0.29 712
0 1 0.30 713
0 1 0.30 714
0 1 0.30 715
0 1 0.29 716
0 1 0.29 717
0 1 0.29 718
0 1 0.29 719
0 1 0.29 720
0 1 0.29 721
0 1 0.29 722
0 1 0.29 723
0 1 0.29 724
0 1 0.29 725
0 1 0.29 726
0 1 0.29 727
0 1 0.29 728
0 1 0.29 729
0 1 0.29 730
0 1 0.29 731
0 1 0.29 732
0 1 0.29 733
0 1 0.29 734
0 1 0.29 735
0 1 0.29 736
0 1 0.29 737
0 1 0.29 738
0 1 0.29 739
0 1 0.29 740
0 1 0.29 741
0 1 0.29 742
0 1 0.29 743
0 1 0.29 744
0 1 0.29 745
0 1 0.29 746
0 1 0.29 747
0 1 0.29 748
0 1 0.29 749
0 1 0.29 750
0 1 0.29 751
0 1 0.29 752
0 1 0.29 753
0 1 0.29 754
0 1 0.29 755
0 1 0.29 756
0 1 0.29 757
0 1 0.29 758
0 1 0.29 759
0 1 0.29 760
0 1 0.29 761
0 1 0.30 762
0 1 0.29 763
0 1 0.29 764
0 1 0.30 765
0 1 0.30 766
0 1 0.30 767
0 1 0.30 768
0 1 0.30 769
0 1 0.30 770
0 1 0.30 771
0 1 0.30 772
0 1 0.29 773
0 1 0.30 774
0 1 0.30 775
0 1 0.30 776
0 1 0.30 777
0 1 0.30 778
0 1 0.30 779
0 1 0.29 780
0 1 0.30 781
0 1 0.30 782
0 1 0.30 783
0 1 0.30 784
0 1 0.30 785
0 1 0.30 786
0 1 0.30 787
0 1 0.30 788
0 1 0.30 789
0 1 0.30 790
0 1 0.30 791
0 1 0.30 792
0 1 0.30 793
0 1 0.30 794
0 1 0.30 795
0 1 0.30 796
0 1 0.30 797
0 1 0.30 798
0 1 0.30 799
0 1 0.29 800
0 1 0.30 801
0 1 0.30 802
0 1 0.30 803
0 1 0.30 804
0 1 0.30 805
0 1 0.30 806
0 1 0.30 807
0 1 0.30 808
0 1 0.30 809
0 1 0.30 810
0 1 0.30 811
0 1 0.30 812
0 1 0.30 813
0 1 0.29 814
0 1 0.30 815
0 1 0.30 816
0 1 0.29 817
0 1 0.29 818
0 1 0.29 819
0 1 0.29 820
0 1 0.29 821
0 1 0.29 822
0 1 0.29 823
0 1 0.29 824
0 1 0.29 825
0 1 0.29 826
0 1 0.29 827
0 1 0.29 828
0 1 0.29 829
0 1 0.29 830
0 1 0.29 831
0 1 0.29 832
0 1 0.29 833
0 1 0.29 834
0 1 0.29 835
0 1 0.29 836
0 1 0.29 837
0 1 0.29 838
0 1 0.29 839
0 1 0.29 840
0 1 0.29 841
0 1 0.29 842
0 1 0.29 843
0 1 0.29 844
0 1 0.29 845
0 1 0.29 846
0 1 0.29 847
0 1 0.29 848
0 1 0.29 849
0 1 0.29 850
0 1 0.29 851
0 1 0.29 852
0 1 0.29 853
0 1 0.29 854
0 1 0.29 855
0 1 0.29 856
0 1 0.29 857
0 1 0.29 858
0 1 0.29 859
0 1 0.29 860
0 1 0.29 861
0 1 0.29 862
0 1 0.29 863
0 1 0.29 864
0 1 0.29 865
0 1 0.29 866
0 1 0.29 867
0 1 0.29 868
0 1 0.29 869
0 1 0.29 870
0 1 0.29 871
0 1 0.29 872
0 1 0.29 873
0 1 0.29 874
0 1 0.29 875
0 1 0.29 876
0 1 0.29 877
0 1 0.29 878
0 1 0.29 879
0 1 0.29 880
0 1 0.29 881
0 1 0.29 882
0 1 0.29 883
0 1 0.29 884
0 1 0.29 885
0 1 0.29 886
0 1 0.29 887
0 1 0.29 888
0 1 0.29 889
0 1 0.29 890
0 1 0.29 891
0 1 0.29 892
0 1 0.29 893
0 1 0.29 894
0 1 0.29 895
0 1 0.29 896
0 1 0.29 897
0 1 0.29 898
0 1 0.29 899
0 1 0.29 900
0 1 0.29 901
0 1 0.29 902
0 1 0.29 903
0 1 0.29 904
0 1 0.29 905
0 1 0.29 906
0 1 0.29 907
0 1 0.29 908
0 1 0.29 909
0 1 0.29 910
0 1 0.29 911
0 1 0.29 912
0 1 0.29 913
0 1 0.29 914
0 1 0.29 915
0 1 0.29 916
0 1 0.29 917
0 1 0.29 918
0 1 0.29 919
0 1 0.29 920
0 1 0.29 921
0 1 0.29 922
0 1 0.29 923
0 1 0.29 924
0 1 0.29 925
0 1 0.29 926
0 1 0.29 927
0 1 0.29 928
0 1 0.29 929
0 1 0.29 930
0 1 0.29 931
0 1 0.29 932
0 1 0.29 933
0 1 0.29 934
0 1 0.29 935
0 1 0.29 936
0 1 0.29 937
0 1 0.29 938
0 1 0.29 939
0 1 0.29 940
0 1 0.29 941
0 1 0.29 942
0 1 0.29 943
0 1 0.29 944
0 1 0.29 945
0 1 0.29 946
0 1 0.29 947
0 1 0.29 948
0 1 0.29 949
0 1 0.29 950
0 1 0.29 951
0 1 0.29 952
0 1 0.29 953
0 1 0.2