5 5 5.00 1
2 5 3.50 2
2 5 3.00 3
2 5 3.25 4
2 5 3.20 5
2 5 3.00 6
2 5 3.00 7
2 5 3.00 8
2 5 3.00 9
2 5 2.90 10
2 5 2.91 11
2 5 2.92 12
2 5 2.92 13
2 5 2.86 14
2 5 2.87 15
1 5 2.75 16
1 5 2.76 17
1 5 2.72 18
1 5 2.74 19
1 5 2.80 20
1 5 2.71 21
1 5 2.73 22
1 5 2.74 23
1 5 2.71 24
1 5 2.68 25
1 5 2.69 26
1 5 2.63 27
1 5 2.64 28
1 5 2.66 29
1 5 2.67 30
1 5 2.68 31
1 5 2.69 32
1 5 2.64 33
1 5 2.65 34
1 5 2.63 35
1 5 2.64 36
1 5 2.65 37
1 5 2.66 38
1 5 2.67 39
1 5 2.65 40
1 5 2.63 41
1 5 2.67 42
1 5 2.65 43
1 5 2.66 44
1 5 2.62 45
1 5 2.63 46
1 5 2.64 47
1 5 2.62 48
1 5 2.63 49
1 5 2.64 50
1 5 2.65 51
1 5 2.63 52
1 5 2.64 53
1 5 2.63 54
1 5 2.64 55
1 5 2.62 56
1 5 2.61 57
1 5 2.62 58
1 5 2.63 59
1 5 2.62 60
1 5 2.61 61
1 5 2.61 62
1 5 2.62 63
1 5 2.61 64
1 5 2.62 65
1 5 2.62 66
1 5 2.63 67
1 5 2.62 68
1 5 2.61 69
1 5 2.61 70
1 5 2.62 71
1 5 2.62 72
1 5 2.63 73
1 5 2.64 74
1 5 2.64 75
1 5 2.63 76
1 5 2.64 77
1 5 2.64 78
1 5 2.65 79
1 5 2.64 80
1 5 2.63 81
1 5 2.62 82
1 5 2.61 83
1 5 2.61 84
1 5 2.61 85
1 5 2.60 86
1 5 2.59 87
1 5 2.59 88
1 5 2.58 89
1 5 2.58 90
1 5 2.58 91
1 5 2.59 92
1 5 2.59 93
1 5 2.59 94
1 5 2.59 95
1 5 2.59 96
1 5 2.60 97
1 5 2.60 98
1 5 2.61 99
1 5 2.61 100
1 5 2.60 101
1 5 2.59 102
1 5 2.60 103
1 5 2.61 104
1 5 2.61 105
1 5 2.59 106
1 5 2.59 107
1 5 2.59 108
1 5 2.60 109
1 5 2.59 110
1 5 2.59 111
1 5 2.59 112
1 5 2.58 113
1 5 2.59 114
1 5 2.58 115
1 5 2.58 116
1 5 2.58 117
1 5 2.58 118
1 5 2.59 119
1 5 2.60 120
1 5 2.60 121
1 5 2.60 122
1 5 2.59 123
1 5 2.60 124
1 5 2.61 125
1 5 2.60 126
1 5 2.60 127
1 5 2.60 128
1 5 2.60 129
1 5 2.60 130
1 5 2.60 131
1 5 2.61 132
1 5 2.61 133
1 5 2.62 134
1 5 2.61 135
1 5 2.61 136
1 5 2.61 137
1 5 2.62 138
1 5 2.62 139
1 5 2.62 140
1 5 2.62 141
1 5 2.62 142
1 5 2.62 143
1 5 2.62 144
1 5 2.62 145
1 5 2.62 146
1 5 2.63 147
1 5 2.62 148
1 5 2.64 149
1 5 2.64 150
1 5 2.64 151
1 5 2.64 152
1 5 2.64 153
1 5 2.64 154
1 5 2.64 155
1 5 2.63 156
1 5 2.63 157
1 5 2.63 158
1 5 2.63 159
1 5 2.62 160
1 5 2.61 161
1 5 2.62 162
1 5 2.62 163
1 5 2.62 164
1 5 2.62 165
1 5 2.62 166
1 5 2.62 167
1 5 2.61 168
1 5 2.61 169
1 5 2.61 170
1 5 2.61 171
1 5 2.61 172
1 5 2.61 173
1 5 2.60 174
0 5 2.58 175
0 6 2.60 176
0 6 2.60 177
0 6 2.60 178
0 6 2.59 179
0 6 2.59 180
0 6 2.59 181
0 6 2.59 182
0 6 2.58 183
0 6 2.59 184
0 6 2.59 185
0 6 2.59 186
0 6 2.58 187
0 6 2.59 188
0 6 2.58 189
0 6 2.58 190
0 6 2.58 191
0 6 2.58 192
0 6 2.58 193
0 6 2.58 194
0 6 2.57 195
0 6 2.57 196
0 6 2.56 197
0 6 2.56 198
0 6 2.56 199
0 6 2.58 200
0 6 2.58 201
0 6 2.57 202
0 6 2.57 203
0 6 2.57 204
0 6 2.57 205
0 6 2.57 206
0 6 2.57 207
0 6 2.58 208
0 6 2.57 209
0 6 2.58 210
0 6 2.56 211
0 6 2.56 212
0 6 2.55 213
0 6 2.55 214
0 6 2.55 215
0 6 2.55 216
0 6 2.55 217
0 6 2.56 218
0 6 2.57 219
0 6 2.56 220
0 6 2.57 221
0 6 2.57 222
0 6 2.58 223
0 6 2.57 224
0 6 2.56 225
0 6 2.56 226
0 6 2.56 227
0 6 2.56 228
0 6 2.56 229
0 6 2.56 230
0 6 2.57 231
0 6 2.57 232
0 6 2.57 233
0 6 2.56 234
0 6 2.56 235
0 6 2.56 236
0 6 2.56 237
0 6 2.56 238
0 6 2.57 239
0 6 2.57 240
0 6 2.57 241
0 6 2.57 242
0 6 2.56 243
0 6 2.56 244
0 6 2.55 245
0 6 2.55 246
0 6 2.54 247
0 6 2.53 248
0 6 2.53 249
0 6 2.52 250
0 6 2.52 251
0 6 2.52 252
0 6 2.51 253
0 6 2.51 254
0 6 2.51 255
0 6 2.52 256
0 6 2.51 257
0 6 2.51 258
0 6 2.51 259
0 6 2.50 260
0 6 2.49 261
0 6 2.49 262
0 6 2.49 263
0 6 2.49 264
0 6 2.50 265
0 6 2.49 266
0 6 2.49 267
0 6 2.49 268
0 6 2.49 269
0 6 2.48 270
0 6 2.47 271
0 6 2.47 272
0 6 2.47 273
0 6 2.46 274
0 6 2.46 275
0 6 2.46 276
0 6 2.45 277
0 6 2.45 278
0 6 2.45 279
0 6 2.46 280
0 6 2.46 281
0 6 2.46 282
0 6 2.46 283
0 6 2.45 284
0 6 2.46 285
0 6 2.45 286
0 6 2.45 287
0 6 2.45 288
0 6 2.45 289
0 6 2.44 290
0 6 2.44 291
0 6 2.44 292
0 6 2.43 293
0 6 2.44 294
0 6 2.43 295
0 6 2.43 296
0 6 2.43 297
0 6 2.43 298
0 6 2.43 299
0 6 2.43 300
0 6 2.43 301
0 6 2.42 302
0 6 2.42 303
0 6 2.41 304
0 6 2.41 305
0 6 2.41 306
0 6 2.41 307
0 6 2.41 308
0 6 2.41 309
0 6 2.41 310
0 6 2.40 311
0 6 2.40 312
0 6 2.39 313
0 6 2.39 314
0 6 2.40 315
0 6 2.40 316
0 6 2.40 317
0 6 2.40 318
0 6 2.39 319
0 6 2.39 320
0 6 2.40 321
0 6 2.40 322
0 6 2.39 323
0 6 2.39 324
0 6 2.39 325
0 6 2.39 326
0 6 2.39 327
0 6 2.40 328
0 6 2.40 329
0 6 2.40 330
0 6 2.40 331
0 6 2.40 332
0 6 2.40 333
0 6 2.40 334
0 6 2.40 335
0 6 2.40 336
0 6 2.40 337
0 6 2.40 338
0 6 2.40 339
0 6 2.40 340
0 6 2.39 341
0 6 2.39 342
0 6 2.39 343
0 6 2.39 344
0 6 2.39 345
0 6 2.39 346
0 6 2.38 347
0 6 2.38 348
0 6 2.38 349
0 6 2.38 350
0 6 2.38 351
0 6 2.38 352
0 6 2.38 353
0 6 2.38 354
0 6 2.38 355
0 6 2.38 356
0 6 2.38 357
0 6 2.37 358
0 6 2.38 359
0 6 2.38 360
0 6 2.37 361
0 6 2.37 362
0 6 2.37 363
0 6 2.37 364
0 6 2.37 365
0 6 2.36 366
0 6 2.36 367
0 6 2.36 368
0 6 2.35 369
0 6 2.35 370
0 6 2.35 371
0 6 2.35 372
0 6 2.35 373
0 6 2.34 374
0 6 2.34 375
0 6 2.34 376
0 6 2.34 377
0 6 2.34 378
0 6 2.34 379
0 6 2.34 380
0 6 2.34 381
0 6 2.34 382
0 6 2.33 383
0 6 2.34 384
0 6 2.34 385
0 6 2.33 386
0 6 2.33 387
0 6 2.33 388
0 6 2.33 389
0 6 2.33 390
0 6 2.32 391
0 6 2.32 392
0 6 2.32 393
0 6 2.32 394
0 6 2.31 395
0 6 2.31 396
0 6 2.31 397
0 6 2.30 398
0 6 2.30 399
0 6 2.30 400
0 6 2.30 401
0 6 2.31 402
0 6 2.30 403
0 6 2.30 404
0 6 2.30 405
0 6 2.31 406
0 6 2.31 407
0 6 2.31 408
0 6 2.31 409
0 6 2.30 410
0 6 2.31 411
0 6 2.31 412
0 6 2.31 413
0 6 2.31 414
0 6 2.31 415
0 6 2.31 416
0 6 2.31 417
0 6 2.31 418
0 6 2.31 419
0 6 2.32 420
0 6 2.32 421
0 6 2.32 422
0 6 2.32 423
0 6 2.32 424
0 6 2.32 425
0 6 2.32 426
0 6 2.32 427
0 6 2.32 428
0 6 2.32 429
0 6 2.32 430
0 6 2.32 431
0 6 2.32 432
0 6 2.32 433
0 6 2.32 434
0 6 2.32 435
0 6 2.33 436
0 6 2.33 437
0 6 2.33 438
0 6 2.33 439
0 6 2.34 440
0 6 2.34 441
0 6 2.34 442
0 6 2.34 443
0 6 2.34 444
0 6 2.34 445
0 6 2.34 446
0 6 2.34 447
0 6 2.34 448
0 6 2.34 449
0 6 2.34 450
0 6 2.34 451
0 6 2.34 452
0 6 2.34 453
0 6 2.34 454
0 6 2.34 455
0 6 2.34 456
0 6 2.34 457
0 6 2.34 458
0 6 2.34 459
0 6 2.34 460
0 6 2.34 461
0 6 2.34 462
0 6 2.34 463
0 6 2.34 464
0 6 2.34 465
0 6 2.34 466
0 6 2.34 467
0 6 2.35 468
0 6 2.35 469
0 6 2.35 470
0 6 2.35 471
0 6 2.35 472
0 6 2.35 473
0 6 2.35 474
0 6 2.35 475
0 6 2.35 476
0 6 2.35 477
0 6 2.35 478
0 6 2.35 479
0 6 2.36 480
0 6 2.36 481
0 6 2.36 482
0 6 2.36 483
0 6 2.36 484
0 6 2.36 485
0 6 2.36 486
0 6 2.36 487
0 6 2.36 488
0 6 2.36 489
0 6 2.36 490
0 6 2.36 491
0 6 2.36 492
0 6 2.37 493
0 6 2.36 494
0 6 2.36 495
0 6 2.37 496
0 6 2.37 497
0 6 2.37 498
0 6 2.37 499
0 6 2.37 500
0 6 2.37 501
0 6 2.37 502
0 6 2.37 503
0 6 2.37 504
0 6 2.37 505
0 6 2.37 506
0 6 2.37 507
0 6 2.38 508
0 6 2.38 509
0 6 2.38 510
0 6 2.38 511
0 6 2.38 512
0 6 2.38 513
0 6 2.38 514
0 6 2.38 515
0 6 2.38 516
0 6 2.38 517
0 6 2.38 518
0 6 2.39 519
0 6 2.38 520
0 6 2.39 521
0 6 2.39 522
0 6 2.39 523
0 6 2.39 524
0 6 2.39 525
0 6 2.39 526
0 6 2.39 527
0 6 2.39 528
0 6 2.40 529
0 6 2.40 530
0 6 2.40 531
0 6 2.40 532
0 6 2.40 533
0 6 2.40 534
0 6 2.40 535
0 6 2.40 536
0 6 2.40 537
0 6 2.41 538
0 6 2.40 539
0 6 2.41 540
0 6 2.41 541
0 6 2.41 542
0 6 2.41 543
0 6 2.41 544
0 6 2.41 545
0 6 2.41 546
0 6 2.41 547
0 6 2.41 548
0 6 2.41 549
0 6 2.41 550
0 6 2.41 551
0 6 2.41 552
0 6 2.41 553
0 6 2.41 554
0 6 2.42 555
0 6 2.41 556
0 6 2.41 557
0 6 2.42 558
0 6 2.42 559
0 6 2.42 560
0 6 2.42 561
0 6 2.42 562
0 6 2.42 563
0 6 2.42 564
0 6 2.42 565
0 6 2.42 566
0 6 2.42 567
0 6 2.42 568
0 6 2.42 569
0 6 2.42 570
0 6 2.42 571
0 6 2.42 572
0 6 2.42 573
0 6 2.42 574
0 6 2.42 575
0 6 2.42 576
0 6 2.42 577
0 6 2.42 578
0 6 2.42 579
0 6 2.42 580
0 6 2.42 581
0 6 2.42 582
0 6 2.42 583
0 6 2.42 584
0 6 2.42 585
0 6 2.42 586
0 6 2.42 587
0 6 2.42 588
0 6 2.42 589
0 6 2.43 590
0 6 2.43 591
0 6 2.43 592
0 6 2.43 593
0 6 2.43 594
0 6 2.43 595
0 6 2.43 596
0 6 2.43 597
0 6 2.43 598
0 6 2.43 599
0 6 2.43 600
0 6 2.43 601
0 6 2.43 602
0 6 2.42 603
0 6 2.42 604
0 6 2.43 605
0 6 2.43 606
0 6 2.43 607
0 6 2.43 608
0 6 2.43 609
0 6 2.43 610
0 6 2.42 611
0 6 2.42 612
0 6 2.42 613
0 6 2.42 614
0 6 2.42 615
0 6 2.42 616
0 6 2.42 617
0 6 2.42 618
0 6 2.42 619
0 6 2.42 620
0 6 2.42 621
0 6 2.42 622
0 6 2.42 623
0 6 2.42 624
0 6 2.43 625
0 6 2.43 626
0 6 2.43 627
0 6 2.43 628
0 6 2.42 629
0 6 2.42 630
0 6 2.42 631
0 6 2.42 632
0 6 2.42 633
0 6 2.42 634
0 6 2.42 635
0 6 2.42 636
0 6 2.42 637
0 6 2.42 638
0 6 2.