1 1 1.00 1
0 1 0.50 2
0 1 0.67 3
0 1 0.50 4
0 1 0.60 5
0 1 0.67 6
0 1 0.71 7
0 1 0.62 8
0 1 0.67 9
0 1 0.60 10
0 1 0.64 11
0 1 0.58 12
0 1 0.54 13
0 2 0.64 14
0 2 0.67 15
0 2 0.62 16
0 2 0.65 17
0 2 0.61 18
0 2 0.63 19
0 2 0.60 20
0 2 0.57 21
0 2 0.55 22
0 2 0.61 23
0 2 0.58 24
0 2 0.60 25
0 2 0.62 26
0 2 0.59 27
0 2 0.57 28
0 2 0.59 29
0 2 0.63 30
0 2 0.61 31
0 2 0.62 32
0 2 0.61 33
0 2 0.62 34
0 2 0.63 35
0 2 0.64 36
0 2 0.62 37
0 2 0.63 38
0 2 0.62 39
0 2 0.62 40
0 2 0.63 41
0 2 0.64 42
0 2 0.67 43
0 2 0.68 44
0 2 0.67 45
0 2 0.70 46
0 2 0.70 47
0 2 0.71 48
0 2 0.69 49
0 2 0.70 50
0 2 0.69 51
0 2 0.69 52
0 2 0.70 53
0 2 0.70 54
0 2 0.71 55
0 2 0.71 56
0 2 0.72 57
0 2 0.71 58
0 2 0.73 59
0 2 0.73 60
0 2 0.74 61
0 2 0.74 62
0 2 0.75 63
0 2 0.75 64
0 2 0.74 65
0 2 0.73 66
0 2 0.75 67
0 2 0.74 68
0 2 0.74 69
0 2 0.74 70
0 2 0.75 71
0 2 0.75 72
0 2 0.75 73
0 2 0.74 74
0 2 0.73 75
0 2 0.74 76
0 2 0.73 77
0 2 0.73 78
0 2 0.73 79
0 2 0.72 80
0 2 0.73 81
0 2 0.72 82
0 2 0.72 83
0 2 0.74 84
0 2 0.74 85
0 2 0.74 86
0 2 0.75 87
0 2 0.75 88
0 2 0.75 89
0 2 0.76 90
0 2 0.76 91
0 2 0.76 92
0 2 0.75 93
0 2 0.77 94
0 2 0.77 95
0 2 0.78 96
0 2 0.78 97
0 2 0.78 98
0 2 0.78 99
0 2 0.78 100
0 2 0.78 101
0 2 0.78 102
0 2 0.78 103
0 2 0.79 104
0 2 0.80 105
0 2 0.80 106
0 2 0.80 107
0 2 0.80 108
0 2 0.80 109
0 2 0.80 110
0 2 0.80 111
0 2 0.79 112
0 2 0.79 113
0 2 0.79 114
0 2 0.79 115
0 2 0.79 116
0 2 0.79 117
0 2 0.78 118
0 2 0.78 119
0 2 0.78 120
0 2 0.78 121
0 2 0.78 122
0 2 0.79 123
0 2 0.78 124
0 2 0.79 125
0 2 0.79 126
0 2 0.79 127
0 2 0.80 128
0 2 0.80 129
0 2 0.80 130
0 2 0.80 131
0 2 0.80 132
0 2 0.80 133
0 2 0.81 134
0 2 0.80 135
0 2 0.81 136
0 2 0.80 137
0 2 0.80 138
0 2 0.80 139
0 2 0.80 140
0 2 0.80 141
0 2 0.80 142
0 2 0.80 143
0 2 0.80 144
0 2 0.80 145
0 2 0.80 146
0 2 0.80 147
0 2 0.79 148
0 2 0.79 149
0 2 0.79 150
0 2 0.78 151
0 2 0.78 152
0 2 0.78 153
0 2 0.78 154
0 2 0.78 155
0 2 0.78 156
0 2 0.78 157
0 2 0.78 158
0 2 0.77 159
0 2 0.78 160
0 2 0.78 161
0 2 0.78 162
0 2 0.77 163
0 2 0.77 164
0 2 0.78 165
0 2 0.77 166
0 2 0.77 167
0 2 0.77 168
0 2 0.77 169
0 2 0.78 170
0 2 0.77 171
0 2 0.77 172
0 2 0.77 173
0 2 0.77 174
0 2 0.77 175
0 2 0.77 176
0 2 0.76 177
0 2 0.76 178
0 2 0.76 179
0 2 0.77 180
0 2 0.76 181
0 2 0.77 182
0 2 0.77 183
0 2 0.77 184
0 2 0.77 185
0 2 0.78 186
0 2 0.78 187
0 2 0.78 188
0 2 0.78 189
0 2 0.78 190
0 2 0.79 191
0 2 0.78 192
0 2 0.78 193
0 2 0.78 194
0 2 0.78 195
0 2 0.79 196
0 2 0.78 197
0 2 0.78 198
0 2 0.78 199
0 2 0.78 200
0 2 0.78 201
0 2 0.78 202
0 2 0.78 203
0 2 0.78 204
0 2 0.78 205
0 2 0.78 206
0 2 0.78 207
0 2 0.77 208
0 2 0.78 209
0 2 0.78 210
0 2 0.78 211
0 2 0.78 212
0 2 0.77 213
0 2 0.78 214
0 2 0.78 215
0 2 0.78 216
0 2 0.78 217
0 2 0.78 218
0 2 0.78 219
0 2 0.78 220
0 2 0.78 221
0 2 0.78 222
0 2 0.78 223
0 2 0.78 224
0 2 0.78 225
0 2 0.78 226
0 2 0.78 227
0 2 0.78 228
0 2 0.78 229
0 2 0.78 230
0 2 0.78 231
0 2 0.78 232
0 2 0.77 233
0 2 0.77 234
0 2 0.77 235
0 2 0.77 236
0 2 0.78 237
0 2 0.77 238
0 2 0.77 239
0 2 0.78 240
0 2 0.78 241
0 2 0.78 242
0 2 0.78 243
0 2 0.78 244
0 2 0.78 245
0 2 0.78 246
0 2 0.78 247
0 2 0.77 248
0 2 0.78 249
0 2 0.77 250
0 2 0.77 251
0 2 0.77 252
0 2 0.76 253
0 2 0.76 254
0 2 0.76 255
0 2 0.76 256
0 2 0.76 257
0 2 0.76 258
0 2 0.76 259
0 2 0.75 260
0 2 0.75 261
0 2 0.76 262
0 2 0.75 263
0 2 0.75 264
0 2 0.76 265
0 2 0.76 266
0 2 0.76 267
0 2 0.76 268
0 2 0.76 269
0 2 0.76 270
0 2 0.76 271
0 2 0.76 272
0 2 0.76 273
0 2 0.76 274
0 2 0.76 275
0 2 0.76 276
0 2 0.75 277
0 2 0.76 278
0 2 0.75 279
0 2 0.75 280
0 2 0.75 281
0 2 0.76 282
0 2 0.76 283
0 2 0.76 284
0 2 0.76 285
0 2 0.76 286
0 2 0.76 287
0 2 0.76 288
0 2 0.76 289
0 2 0.76 290
0 2 0.76 291
0 2 0.76 292
0 2 0.76 293
0 2 0.76 294
0 2 0.76 295
0 2 0.76 296
0 2 0.76 297
0 2 0.76 298
0 2 0.76 299
0 2 0.76 300
0 2 0.76 301
0 2 0.76 302
0 2 0.76 303
0 2 0.76 304
0 2 0.75 305
0 2 0.75 306
0 2 0.75 307
0 2 0.75 308
0 2 0.75 309
0 2 0.75 310
0 2 0.74 311
0 2 0.74 312
0 2 0.75 313
0 2 0.75 314
0 2 0.75 315
0 2 0.75 316
0 2 0.74 317
0 2 0.75 318
0 2 0.75 319
0 2 0.74 320
0 2 0.74 321
0 2 0.75 322
0 2 0.75 323
0 2 0.75 324
0 2 0.74 325
0 2 0.75 326
0 2 0.75 327
0 2 0.75 328
0 2 0.75 329
0 2 0.75 330
0 2 0.75 331
0 2 0.75 332
0 2 0.75 333
0 2 0.75 334
0 2 0.75 335
0 2 0.75 336
0 2 0.74 337
0 2 0.75 338
0 2 0.75 339
0 2 0.75 340
0 2 0.75 341
0 2 0.75 342
0 2 0.75 343
0 2 0.75 344
0 2 0.75 345
0 2 0.75 346
0 2 0.76 347
0 2 0.76 348
0 2 0.76 349
0 2 0.76 350
0 2 0.76 351
0 2 0.76 352
0 2 0.76 353
0 2 0.76 354
0 2 0.76 355
0 2 0.76 356
0 2 0.76 357
0 2 0.77 358
0 2 0.77 359
0 2 0.77 360
0 2 0.77 361
0 2 0.77 362
0 2 0.77 363
0 2 0.77 364
0 2 0.77 365
0 2 0.77 366
0 2 0.77 367
0 2 0.77 368
0 2 0.76 369
0 2 0.76 370
0 2 0.76 371
0 2 0.77 372
0 2 0.76 373
0 2 0.77 374
0 2 0.77 375
0 2 0.77 376
0 2 0.77 377
0 2 0.77 378
0 2 0.77 379
0 2 0.77 380
0 2 0.77 381
0 2 0.77 382
0 2 0.77 383
0 2 0.77 384
0 2 0.77 385
0 2 0.77 386
0 2 0.77 387
0 2 0.77 388
0 2 0.77 389
0 2 0.77 390
0 2 0.77 391
0 2 0.77 392
0 2 0.77 393
0 2 0.77 394
0 2 0.77 395
0 2 0.77 396
0 2 0.77 397
0 2 0.77 398
0 2 0.76 399
0 2 0.77 400
0 2 0.77 401
0 2 0.77 402
0 2 0.77 403
0 2 0.76 404
0 2 0.77 405
0 2 0.76 406
0 2 0.76 407
0 2 0.76 408
0 2 0.76 409
0 2 0.76 410
0 2 0.76 411
0 2 0.76 412
0 2 0.76 413
0 2 0.76 414
0 2 0.76 415
0 2 0.76 416
0 2 0.76 417
0 2 0.76 418
0 2 0.76 419
0 2 0.76 420
0 2 0.76 421
0 2 0.76 422
0 2 0.76 423
0 2 0.76 424
0 2 0.76 425
0 2 0.75 426
0 2 0.75 427
0 2 0.75 428
0 2 0.76 429
0 2 0.75 430
0 2 0.75 431
0 2 0.75 432
0 2 0.75 433
0 2 0.75 434
0 2 0.75 435
0 2 0.75 436
0 2 0.76 437
0 2 0.76 438
0 2 0.76 439
0 2 0.76 440
0 2 0.76 441
0 2 0.76 442
0 2 0.76 443
0 2 0.76 444
0 2 0.76 445
0 2 0.77 446
0 2 0.77 447
0 2 0.77 448
0 2 0.77 449
0 2 0.77 450
0 2 0.77 451
0 2 0.77 452
0 2 0.77 453
0 2 0.77 454
0 2 0.77 455
0 2 0.77 456
0 2 0.77 457
0 2 0.78 458
0 2 0.77 459
0 2 0.77 460
0 2 0.77 461
0 2 0.77 462
0 2 0.77 463
0 2 0.78 464
0 2 0.78 465
0 2 0.78 466
0 2 0.78 467
0 2 0.78 468
0 2 0.78 469
0 2 0.78 470
0 2 0.78 471
0 2 0.78 472
0 2 0.78 473
0 2 0.78 474
0 2 0.78 475
0 2 0.78 476
0 2 0.78 477
0 2 0.78 478
0 2 0.77 479
0 2 0.78 480
0 2 0.78 481
0 2 0.77 482
0 2 0.77 483
0 2 0.77 484
0 2 0.77 485
0 2 0.77 486
0 2 0.77 487
0 2 0.77 488
0 2 0.77 489
0 2 0.77 490
0 2 0.77 491
0 2 0.78 492
0 2 0.77 493
0 2 0.78 494
0 13 0.80 495
0 13 0.80 496
0 13 0.80 497
0 13 0.80 498
0 13 0.80 499
0 13 0.80 500
0 13 0.80 501
0 13 0.80 502
0 13 0.80 503
0 13 0.80 504
0 13 0.80 505
0 13 0.80 506
0 13 0.79 507
0 13 0.79 508
0 13 0.79 509
0 13 0.79 510
0 13 0.79 511
0 13 0.79 512
0 13 0.79 513
0 13 0.79 514
0 13 0.79 515
0 13 0.79 516
0 13 0.79 517
0 13 0.79 518
0 13 0.79 519
0 13 0.79 520
0 13 0.79 521
0 13 0.79 522
0 13 0.79 523
0 13 0.79 524
0 13 0.78 525
0 13 0.79 526
0 13 0.79 527
0 13 0.78 528
0 13 0.78 529
0 13 0.78 530
0 13 0.79 531
0 13 0.79 532
0 13 0.79 533
0 13 0.78 534
0 13 0.79 535
0 13 0.79 536
0 13 0.78 537
0 13 0.78 538
0 13 0.78 539
0 13 0.79 540
0 13 0.79 541
0 13 0.79 542
0 13 0.78 543
0 13 0.78 544
0 13 0.78 545
0 13 0.78 546
0 13 0.78 547
0 13 0.78 548
0 13 0.79 549
0 13 0.78 550
0 13 0.78 551
0 13 0.78 552
0 13 0.78 553
0 13 0.78 554
0 13 0.78 555
0 13 0.78 556
0 13 0.78 557
0 13 0.78 558
0 13 0.78 559
0 13 0.78 560
0 13 0.78 561
0 13 0.78 562
0 13 0.78 563
0 13 0.78 564
0 13 0.78 565
0 13 0.78 566
0 13 0.78 567
0 13 0.77 568
0 13 0.78 569
0 13 0.78 570
0 13 0.78 571
0 13 0.77 572
0 13 0.77 573
0 13 0.78 574
0 13 0.77 575
0 13 0.77 576
0 13 0.77 577
0 13 0.77 578
0 13 0.78 579
0 13 0.77 580
0 13 0.78 581
0 13 0.77 582
0 13 0.78 583
0 13 0.77 584
0 13 0.77 585
0 13 0.77 586
0 13 0.77 587
0 13 0.77 588
0 13 0.77 589
0 13 0.77 590
0 13 0.77 591
0 13 0.78 592
0 13 0.78 593
0 13 0.78 594
0 13 0.78 595
0 13 0.78 596
0 13 0.78 597
0 13 0.78 598
0 13 0.78 599
0 13 0.78 600
0 13 0.78 601
0 13 0.78 602
0 13 0.78 603
0 13 0.78 604
0 13 0.78 605
0 13 0.78 606
0 13 0.78 607
0 13 0.78 608
0 13 0.78 609
0 13 0.78 610
0 13 0.78 611
0 13 0.78 612
0 13 0.78 613
0 13 0.78 614
0 13 0.78 615
0 13 0.78 616
0 13 0.78 617
0 13 0.78 618
0 13 0.78 619
0 13 0.78 620
0 13 0.78 621
0 13 0.78 622
0 13 0.78 623
0 13 0.78 624
0 13 0.78 625
0 13 0.78 626
0 13 0.78 627
0 13 0.78 628
0 13 0.78 629
0 13 0.78 630
0 13 0.78 631
0 13 0.78 632
0 13 0.78 633
0 13 0.78 634
0 13 0.78 635
0 13 0.78 636
0 13 0.78 637
0 13 0.78 638
0 13 0.78 639
0 13 0.78 640
0 13 0.79 641
0 13 0.79 642
0 13 0.79 643
0 13 0.79 644
0 13 0.79 645
0 13 0.79 646
0 13 0.79 647
0 13 0.79 648
0 13 0.79 649
0 13 0.79 650
0 13 0.79 651
0 13 0.79 652
0 13 0.79 653
0 13 0.79 654
0 13 0.79 655
0 13 0.79 656
0 13 0.79 657
0 13 0.79 658
0 13 0.79 659
0 13 0.80 660
0 13 0.79 661
0 13 0.79 662
0 13 0.79 663
0 13 0.79 664
0 13 0.79 665
0 13 0.79 666
0 13 0.79 667
0 13 0.79 668
0 13 0.79 669
0 13 0.79 670
0 13 0.79 671
0 13 0.79 672
0 13 0.79 673
0 13 0.79 674
0 13 0.79 675
0 13 0.79 676
0 13 0.79 677
0 13 0.79 678
0 13 0.79 679
0 13 0.79 680
0 13 0.79 681
0 13 0.79 682
0 13 0.79 683
0 13 0.79 684
0 13 0.79 685
0 13 0.79 686
0 13 0.79 687
0 13 0.79 688
0 13 0.79 689
0 13 0.79 690
0 13 0.79 691
0 13 0.79 692
0 13 0.78 693
0 13 0.79 694
0 13 0.78 695
0 13 0.78 696
0 13 0.78 697
0 13 0.79 698
0 13 0.78 699
0 13 0.78 700
0 13 0.78 701
0 13 0.78 702
0 13 0.78 703
0 13 0.78 704
0 13 0.78 705
0 13 0.78 706
0 13 0.78 707
0 13 0.78 708
0 13 0.78 709
0 13 0.78 710
0 13 0.78 711
0 13 0.78 712
0 13 0.78 713
0 13 0.78 714
0 13 0.78 715
0 13 0.78 716
0 13 0.78 717
0 13 0.78 718
0 13 0.78 719
0 13 0.78 720
0 13 0.78 721
0 13 0.78 722
0 13 0.78 723
0 13 0.78 724
0 13 0.78 725
0 13 0.78 726
0 13 0.78 727
0 13 0.78 728
0 13 0.78 729
0 13 0.78 730
0 13 0.78 731
0 13 0.78 732
0 13 0.78 733
0 13 0.78 734
0 13 0.78 735
0 13 0.78 736
0 13 0.78 737
0 13 0.78 738
0 13 0.78 739
0 13 0.78 740
0 13 0.78 741
0 13 0.78 742
0 13 0.78 743
0 13 0.78 744
0 13 0.78 745
0 13 0.78 746
0 13 0.78 747
0 13 0.78 748
0 13 0.78 749
0 13 0.78 750
0 13 0.78 751
0 13 0.78 752
0 13 0.78 753
0 13 0.78 754
0 13 0.78 755
0 13 0.78 756
0 13 0.78 757
0 13 0.78 758
0 13 0.78 759
0 13 0.78 760
0 13 0.78 761
0 13 0.78 762
0 13 0.78 763
0 13 0.78 764
0 13 0.78 765
0 13 0.78 766
0 13 0.78 767
0 13 0.78 768
0 13 0.78 769
0 13 0.78 770
0 13 0.78 771
0 13 0.78 772
0 13 0.78 773
0 13 0.78 774
0 13 0.78 775
0 13 0.78 776
0 13 0.78 777
0 13 0.78 778
0 13 0.78 779
0 13 0.78 780
0 13 0.78 781
0 13 0.78 782
0 13 0.78 783
0 13 0.78 784
0 13 0.78 785
0 13 0.78 786
0 13 0.78 787
0 13 0.78 788
0 13 0.78 789
0 13 0.78 790
0 13 0.78 791
0 13 0.78 792
0 13 0.78 793
0 13 0.78 794
0 13 0.78 795
0 13 0.79 796
0 13 0.78 797
0 13 0.78 798
0 13 0.78 799
0 13 0.79 800
0 13 0.78 801
0 13 0.78 802
0 13 0.78 803
0 13 0.78 804
0 13 0.78 805
0 13 0.78 806
0 13 0.78 807
0 13 0.78 808
0 13 0.78 809
0 13 0.78 810
0 13 0.78 811
0 13 0.78 812
0 13 0.78 813
0 13 0.78 814
0 13 0.78 815
0 13 0.78 816
0 13 0.78 817
0 13 0.78 818
0 13 0.78 819
0 13 0.78 820
0 13 0.78 821
0 13 0.78 822
0 13 0.78 823
0 13 0.78 824
0 13 0.78 825
0 13 0.78 826
0 13 0.78 827
0 13 0.78 828
0 13 0.78 829
0 13 0.78 830
0 13 0.78 831
0 13 0.78 832
0 13 0.78 833
0 13 0.78 834
0 13 0.78 835
0 13 0.78 836
0 13 0.78 837
0 13 0.78 838
0 13 0.78 839
0 13 0.78 840
0 13 0.78 841
0 13 0.78 842
0 13 0.78 843
0 13 0.78 844
0 13 0.78 845
0 13 0.78 846
0 13 0.78 847
0 13 0.78 848
0 13 0.78 849
0 13 0.78 850
0 13 0.78 851
0 13 0.78 852
0 13 0.78 853
0 13 0.78 854
0 13 0.78 855
0 13 0.78 856
0 13 0.78 857
0 13 0.78 858
0 13 0.78 859
0 13 0.78 860
0 13 0.78 861
0 13 0.78 862
0 13 0.78 863
0 13 0.78 864
0 13 0.78 865
0 13 0.78 866
0 13 0.78 867
0 13 0.78 868
0 13 0.78 869
0 13 0.78 870
0 13 0.78 871
0 13 0.78 872
0 13 0.78 873
0 13 0.78 874
0 13 0.78 875
0 13 0.78 876
0 13 0.78 877
0 13 0.78 878
0 13 0.78 879
0 13 0.78 880
0 13 0.78 881
0 13 0.78 882
0 13 0.78 883
0 13 0.78 884
0 13 0.78 885
0 13 0.78 886
0 13 0.78 887
0 13 0.78 888
0 13 0.78 889
0 13 0.78 890
0 13 0.78 891
0 13 0.78 892
0 13 0.78 893
0 13 0.79 894
0 13 0.79 895
0 13 0.79 896
0 13 0.78 897
0 13 0.78 898
0 13 0.78 899
0 13 0.78 900
0 13 0.78 901
0 13 0.78 902
0 13 0.78 903
0 13 0.78 904
0 13 0.78 905
0 13 0.79 906
0 13 0.79 907
0 13 0.79 908
0 13 0.79 909
0 13 0.79 910
0 13 0.79 911
0 13 0.79 912
0 13 0.79 913
0 13 0.79 914
0 13 0.79 915
0 13 0.78 916
0 13 0.78 917
0 13 0.78 918
0 13 0.78 919
0 13 0.78 920
0 13 0.78 