6 6 6.00 1
2 6 4.00 2
2 6 3.33 3
2 6 3.00 4
2 6 3.00 5
2 6 2.83 6
2 6 2.86 7
2 6 2.88 8
2 6 2.78 9
2 6 2.80 10
2 6 2.91 11
1 6 2.75 12
1 6 2.62 13
1 6 2.71 14
0 6 2.53 15
0 6 2.56 16
0 6 2.53 17
0 6 2.56 18
0 6 2.53 19
0 6 2.65 20
0 6 2.62 21
0 6 2.59 22
0 6 2.61 23
0 6 2.58 24
0 6 2.60 25
0 6 2.58 26
0 6 2.56 27
0 6 2.54 28
0 6 2.55 29
0 6 2.57 30
0 6 2.58 31
0 6 2.59 32
0 6 2.61 33
0 6 2.59 34
0 6 2.57 35
0 6 2.56 36
0 6 2.54 37
0 6 2.55 38
0 6 2.54 39
0 6 2.52 40
0 6 2.51 41
0 6 2.50 42
0 6 2.49 43
0 6 2.50 44
0 6 2.49 45
0 6 2.50 46
0 6 2.49 47
0 6 2.50 48
0 6 2.51 49
0 6 2.50 50
0 6 2.49 51
0 6 2.50 52
0 6 2.49 53
0 6 2.48 54
0 6 2.49 55
0 6 2.50 56
0 6 2.47 57
0 6 2.45 58
0 6 2.46 59
0 6 2.43 60
0 6 2.43 61
0 6 2.44 62
0 6 2.43 63
0 6 2.42 64
0 6 2.43 65
0 6 2.44 66
0 6 2.43 67
0 6 2.41 68
0 6 2.41 69
0 6 2.39 70
0 6 2.39 71
0 6 2.39 72
0 6 2.38 73
0 6 2.36 74
0 6 2.36 75
0 6 2.36 76
0 6 2.36 77
0 6 2.36 78
0 6 2.39 79
0 6 2.40 80
0 6 2.38 81
0 6 2.40 82
0 6 2.40 83
0 6 2.39 84
0 6 2.40 85
0 6 2.37 86
0 6 2.39 87
0 6 2.38 88
0 6 2.38 89
0 6 2.39 90
0 6 2.37 91
0 6 2.38 92
0 6 2.40 93
0 6 2.39 94
0 6 2.39 95
0 6 2.42 96
0 6 2.42 97
0 6 2.44 98
0 6 2.44 99
0 6 2.44 100
0 6 2.44 101
0 6 2.44 102
0 6 2.44 103
0 6 2.44 104
0 6 2.45 105
0 6 2.45 106
0 6 2.45 107
0 6 2.44 108
0 6 2.45 109
0 6 2.45 110
0 6 2.46 111
0 6 2.46 112
0 6 2.47 113
0 6 2.47 114
0 6 2.48 115
0 6 2.47 116
0 6 2.47 117
0 6 2.47 118
0 6 2.47 119
0 6 2.48 120
0 6 2.47 121
0 6 2.47 122
0 6 2.46 123
0 6 2.46 124
0 6 2.46 125
0 6 2.47 126
0 6 2.46 127
0 6 2.47 128
0 6 2.47 129
0 6 2.47 130
0 6 2.47 131
0 6 2.46 132
0 6 2.46 133
0 6 2.46 134
0 6 2.47 135
0 6 2.46 136
0 6 2.45 137
0 6 2.45 138
0 6 2.45 139
0 6 2.46 140
0 6 2.45 141
0 6 2.46 142
0 6 2.46 143
0 6 2.47 144
0 6 2.47 145
0 6 2.47 146
0 6 2.47 147
0 6 2.47 148
0 6 2.48 149
0 6 2.49 150
0 6 2.48 151
0 6 2.47 152
0 6 2.46 153
0 6 2.46 154
0 6 2.46 155
0 6 2.46 156
0 6 2.46 157
0 6 2.46 158
0 6 2.47 159
0 6 2.46 160
0 6 2.47 161
0 6 2.46 162
0 6 2.46 163
0 6 2.46 164
0 6 2.47 165
0 6 2.47 166
0 6 2.47 167
0 6 2.48 168
0 6 2.47 169
0 6 2.48 170
0 6 2.47 171
0 6 2.48 172
0 6 2.48 173
0 6 2.48 174
0 6 2.48 175
0 6 2.48 176
0 6 2.48 177
0 6 2.48 178
0 6 2.48 179
0 6 2.48 180
0 6 2.48 181
0 6 2.48 182
0 6 2.48 183
0 6 2.48 184
0 6 2.48 185
0 6 2.48 186
0 6 2.48 187
0 6 2.48 188
0 6 2.48 189
0 6 2.48 190
0 6 2.48 191
0 6 2.47 192
0 6 2.47 193
0 6 2.47 194
0 6 2.47 195
0 6 2.47 196
0 6 2.47 197
0 6 2.47 198
0 6 2.48 199
0 6 2.48 200
0 6 2.48 201
0 6 2.48 202
0 6 2.48 203
0 6 2.48 204
0 6 2.48 205
0 6 2.49 206
0 6 2.49 207
0 6 2.49 208
0 6 2.49 209
0 6 2.49 210
0 6 2.49 211
0 6 2.49 212
0 6 2.48 213
0 6 2.49 214
0 6 2.48 215
0 6 2.48 216
0 6 2.48 217
0 6 2.48 218
0 6 2.48 219
0 6 2.48 220
0 6 2.48 221
0 6 2.48 222
0 6 2.48 223
0 6 2.47 224
0 6 2.47 225
0 6 2.47 226
0 6 2.47 227
0 6 2.47 228
0 6 2.48 229
0 6 2.47 230
0 6 2.47 231
0 6 2.48 232
0 6 2.48 233
0 6 2.48 234
0 6 2.48 235
0 6 2.49 236
0 6 2.49 237
0 6 2.49 238
0 6 2.49 239
0 6 2.49 240
0 6 2.49 241
0 6 2.49 242
0 6 2.48 243
0 6 2.48 244
0 6 2.48 245
0 6 2.48 246
0 6 2.48 247
0 6 2.48 248
0 6 2.48 249
0 6 2.48 250
0 6 2.48 251
0 6 2.48 252
0 6 2.48 253
0 6 2.48 254
0 6 2.48 255
0 6 2.48 256
0 6 2.49 257
0 6 2.48 258
0 6 2.48 259
0 6 2.48 260
0 6 2.48 261
0 6 2.48 262
0 6 2.48 263
0 6 2.48 264
0 6 2.49 265
0 6 2.49 266
0 6 2.48 267
0 6 2.48 268
0 6 2.48 269
0 6 2.48 270
0 6 2.48 271
0 6 2.48 272
0 6 2.48 273
0 6 2.49 274
0 6 2.48 275
0 6 2.48 276
0 6 2.48 277
0 6 2.49 278
0 6 2.49 279
0 6 2.49 280
0 6 2.49 281
0 6 2.49 282
0 6 2.48 283
0 6 2.49 284
0 6 2.49 285
0 6 2.49 286
0 6 2.49 287
0 6 2.49 288
0 6 2.48 289
0 6 2.48 290
0 6 2.48 291
0 6 2.48 292
0 6 2.49 293
0 6 2.49 294
0 6 2.49 295
0 6 2.49 296
0 6 2.48 297
0 6 2.48 298
0 6 2.48 299
0 6 2.49 300
0 6 2.49 301
0 6 2.49 302
0 6 2.49 303
0 6 2.49 304
0 6 2.49 305
0 6 2.49 306
0 6 2.49 307
0 6 2.49 308
0 6 2.49 309
0 6 2.49 310
0 6 2.49 311
0 6 2.49 312
0 6 2.49 313
0 6 2.49 314
0 6 2.50 315
0 6 2.49 316
0 6 2.50 317
0 6 2.49 318
0 6 2.49 319
0 6 2.49 320
0 6 2.49 321
0 6 2.49 322
0 6 2.49 323
0 6 2.49 324
0 6 2.49 325
0 6 2.49 326
0 6 2.49 327
0 6 2.49 328
0 6 2.49 329
0 6 2.49 330
0 6 2.49 331
0 6 2.49 332
0 6 2.49 333
0 6 2.49 334
0 6 2.49 335
0 6 2.49 336
0 6 2.49 337
0 6 2.49 338
0 6 2.49 339
0 6 2.49 340
0 6 2.48 341
0 6 2.48 342
0 6 2.48 343
0 6 2.49 344
0 6 2.48 345
0 6 2.49 346
0 6 2.49 347
0 6 2.49 348
0 6 2.49 349
0 6 2.49 350
0 6 2.49 351
0 6 2.49 352
0 6 2.49 353
0 6 2.48 354
0 6 2.48 355
0 6 2.48 356
0 6 2.48 357
0 6 2.47 358
0 6 2.47 359
0 6 2.46 360
0 6 2.47 361
0 6 2.47 362
0 6 2.47 363
0 6 2.46 364
0 6 2.46 365
0 6 2.46 366
0 6 2.46 367
0 6 2.45 368
0 6 2.44 369
0 6 2.44 370
0 6 2.44 371
0 6 2.44 372
0 6 2.45 373
0 6 2.45 374
0 6 2.45 375
0 6 2.45 376
0 6 2.44 377
0 6 2.44 378
0 6 2.44 379
0 6 2.44 380
0 6 2.43 381
0 6 2.43 382
0 6 2.43 383
0 6 2.42 384
0 6 2.42 385
0 6 2.42 386
0 6 2.42 387
0 6 2.42 388
0 6 2.41 389
0 6 2.42 390
0 6 2.42 391
0 6 2.42 392
0 6 2.42 393
0 6 2.42 394
0 6 2.42 395
0 6 2.42 396
0 6 2.42 397
0 6 2.42 398
0 6 2.42 399
0 6 2.42 400
0 6 2.42 401
0 6 2.42 402
0 6 2.42 403
0 6 2.42 404
0 6 2.42 405
0 6 2.42 406
0 6 2.43 407
0 6 2.42 408
0 6 2.42 409
0 6 2.42 410
0 6 2.42 411
0 6 2.42 412
0 6 2.43 413
0 6 2.43 414
0 6 2.43 415
0 6 2.43 416
0 6 2.43 417
0 6 2.43 418
0 6 2.43 419
0 6 2.43 420
0 6 2.43 421
0 6 2.43 422
0 6 2.43 423
0 6 2.43 424
0 6 2.43 425
0 6 2.43 426
0 6 2.43 427
0 6 2.43 428
0 6 2.43 429
0 6 2.43 430
0 6 2.43 431
0 6 2.43 432
0 6 2.43 433
0 6 2.43 434
0 6 2.43 435
0 6 2.43 436
0 6 2.43 437
0 6 2.43 438
0 6 2.43 439
0 6 2.43 440
0 6 2.43 441
0 6 2.43 442
0 6 2.44 443
0 6 2.44 444
0 6 2.44 445
0 6 2.44 446
0 6 2.44 447
0 6 2.44 448
0 6 2.44 449
0 6 2.44 450
0 6 2.44 451
0 6 2.44 452
0 6 2.43 453
0 6 2.43 454
0 6 2.43 455
0 6 2.43 456
0 6 2.43 457
0 6 2.43 458
0 6 2.43 459
0 6 2.43 460
0 6 2.43 461
0 6 2.44 462
0 6 2.44 463
0 6 2.44 464
0 6 2.44 465
0 6 2.44 466
0 6 2.44 467
0 6 2.44 468
0 6 2.44 469
0 6 2.44 470
0 6 2.44 471
0 6 2.44 472
0 6 2.44 473
0 6 2.44 474
0 6 2.44 475
0 6 2.44 476
0 6 2.44 477
0 6 2.44 478
0 6 2.44 479
0 6 2.44 480
0 6 2.44 481
0 6 2.44 482
0 6 2.45 483
0 6 2.45 484
0 6 2.45 485
0 6 2.45 486
0 6 2.45 487
0 6 2.45 488
0 6 2.45 489
0 6 2.45 490
0 6 2.45 491
0 6 2.45 492
0 6 2.45 493
0 6 2.45 494
0 6 2.45 495
0 6 2.45 496
0 6 2.45 497
0 6 2.45 498
0 6 2.45 499
0 6 2.45 500
0 6 2.45 501
0 6 2.45 502
0 6 2.46 503
0 6 2.46 504
0 6 2.46 505
0 6 2.46 506
0 6 2.46 507
0 6 2.46 508
0 6 2.46 509
0 6 2.46 510
0 6 2.46 511
0 6 2.46 512
0 6 2.46 513
0 6 2.46 514
0 6 2.46 515
0 6 2.46 516
0 6 2.46 517
0 6 2.46 518
0 6 2.46 519
0 6 2.46 520
0 6 2.46 521
0 6 2.47 522
0 6 2.46 523
0 6 2.47 524
0 6 2.47 525
0 6 2.47 526
0 6 2.47 527
0 6 2.47 528
0 6 2.47 529
0 6 2.47 530
0 6 2.47 531
0 6 2.47 532
0 6 2.47 533
0 6 2.47 534
0 6 2.47 535
0 6 2.47 536
0 6 2.47 537
0 6 2.47 538
0 6 2.47 539
0 6 2.46 540
0 6 2.47 541
0 6 2.47 542
0 6 2.47 543
0 6 2.47 544
0 6 2.46 545
0 6 2.47 546
0 6 2.46 547
0 6 2.47 548
0 6 2.46 549
0 6 2.47 550
0 6 2.46 551
0 6 2.46 552
0 6 2.46 553
0 6 2.46 554
0 6 2.46 555
0 6 2.46 556
0 6 2.46 557
0 6 2.46 558
0 6 2.46 559
0 6 2.46 560
0 6 2.46 561
0 6 2.46 562
0 6 2.47 563
0 6 2.46 564
0 6 2.47 565
0 6 2.46 566
0 6 2.47 567
0 6 2.46 568
0 6 2.47 569
0 6 2.47 570
0 6 2.47 571
0 6 2.47 572
0 6 2.47 573
0 6 2.47 574
0 6 2.47 575
0 6 2.47 576
0 6 2.47 577
0 6 2.47 578
0 6 2.47 579
0 6 2.47 580
0 6 2.46 581
0 6 2.47 582
0 6 2.47 583
0 6 2.47 584
0 6 2.46 585
0 6 2.47 586
0 6 2.47 587
0 6 2.47 588
0 6 2.46 589
0 6 2.46 590
0 6 2.46 591
0 6 2.46 592
0 6 2.46 593
0 6 2.46 594
0 6 2.46 595
0 6 2.46 596
0 6 2.46 597
0 6 2.46 598
0 6 2.46 599
0 6 2.46 600
0 6 2.46 601
0 6 2.46 602
0 6 2.46 603
0 6 2.46 604
0 6 2.46 605
0 6 2.46 606
0 6 2.46 607
0 6 2.46 608
0 6 2.46 609
0 6 2.46 610
0 6 2.46 611
0 6 2.46 612
0 6 2.46 613
0 6 2.46 614
0 6 2.46 615
0 6 2.46 616
0 6 2.46 617
0 6 2.46 618
0 6 2.46 619
0 6 2.46 620
0 6 2.46 621
0 6 2.46 622
0 6 2.46 623
0 6 2.46 624
0 6 2.46 625
0 6 2.46 626
0 6 2.46 627
0 6 2.46 628
0 6 2.46 629
0 6 2.46 630
0 6 2.46 631
0 6 2.46 632
0 6 2.46 633
0 6 2.46 634
0 6 2.46 635
0 6 2.46 636
0 6 2.46 637
0 6 2.45 638
0 6 2.