0 0 0.00 1
0 1 0.50 2
0 1 0.33 3
0 1 0.25 4
0 1 0.20 5
0 1 0.17 6
0 1 0.14 7
0 1 0.12 8
0 1 0.11 9
0 1 0.10 10
0 1 0.09 11
0 1 0.08 12
0 1 0.15 13
0 1 0.14 14
0 1 0.13 15
0 1 0.12 16
0 1 0.12 17
0 1 0.11 18
0 1 0.11 19
0 1 0.10 20
0 1 0.10 21
0 1 0.09 22
0 1 0.13 23
0 1 0.12 24
0 1 0.12 25
0 1 0.12 26
0 1 0.15 27
0 1 0.14 28
0 1 0.14 29
0 1 0.13 30
0 1 0.13 31
0 1 0.12 32
0 1 0.15 33
0 1 0.15 34
0 1 0.14 35
0 1 0.14 36
0 1 0.16 37
0 1 0.16 38
0 1 0.15 39
0 1 0.17 40
0 1 0.17 41
0 1 0.17 42
0 1 0.16 43
0 1 0.16 44
0 1 0.16 45
0 1 0.15 46
0 1 0.15 47
0 1 0.15 48
0 1 0.16 49
0 1 0.16 50
0 1 0.16 51
0 1 0.15 52
0 1 0.17 53
0 1 0.17 54
0 1 0.16 55
0 1 0.16 56
0 1 0.16 57
0 1 0.16 58
0 1 0.17 59
0 1 0.17 60
0 1 0.16 61
0 1 0.16 62
0 1 0.16 63
0 1 0.16 64
0 1 0.15 65
0 1 0.15 66
0 1 0.15 67
0 1 0.15 68
0 1 0.14 69
0 1 0.16 70
0 1 0.15 71
0 1 0.15 72
0 1 0.15 73
0 1 0.16 74
0 1 0.16 75
0 1 0.16 76
0 1 0.16 77
0 1 0.15 78
0 1 0.15 79
0 1 0.15 80
0 1 0.15 81
0 1 0.16 82
0 1 0.16 83
0 1 0.15 84
0 1 0.15 85
0 1 0.15 86
0 1 0.15 87
0 1 0.15 88
0 1 0.15 89
0 1 0.16 90
0 1 0.15 91
0 1 0.15 92
0 1 0.15 93
0 1 0.15 94
0 1 0.15 95
0 1 0.16 96
0 1 0.15 97
0 1 0.15 98
0 1 0.16 99
0 1 0.16 100
0 1 0.16 101
0 1 0.16 102
0 1 0.17 103
0 1 0.16 104
0 1 0.16 105
0 1 0.16 106
0 1 0.16 107
0 1 0.16 108
0 1 0.16 109
0 1 0.15 110
0 1 0.15 111
0 1 0.16 112
0 1 0.16 113
0 1 0.16 114
0 1 0.16 115
0 1 0.16 116
0 1 0.15 117
0 1 0.15 118
0 1 0.15 119
0 1 0.15 120
0 1 0.15 121
0 1 0.15 122
0 1 0.15 123
0 1 0.15 124
0 1 0.15 125
0 1 0.15 126
0 1 0.15 127
0 1 0.16 128
0 1 0.16 129
0 1 0.15 130
0 1 0.16 131
0 1 0.16 132
0 1 0.16 133
0 1 0.16 134
0 1 0.16 135
0 1 0.15 136
0 1 0.15 137
0 1 0.16 138
0 1 0.16 139
0 1 0.16 140
0 1 0.16 141
0 1 0.15 142
0 1 0.15 143
0 1 0.15 144
0 1 0.16 145
0 1 0.16 146
0 1 0.16 147
0 1 0.16 148
0 1 0.16 149
0 1 0.16 150
0 1 0.17 151
0 1 0.16 152
0 1 0.16 153
0 1 0.16 154
0 1 0.17 155
0 1 0.17 156
0 1 0.17 157
0 1 0.16 158
0 1 0.17 159
0 1 0.17 160
0 1 0.17 161
0 1 0.17 162
0 1 0.17 163
0 1 0.17 164
0 1 0.17 165
0 1 0.17 166
0 1 0.17 167
0 1 0.17 168
0 1 0.17 169
0 1 0.18 170
0 1 0.18 171
0 1 0.17 172
0 1 0.18 173
0 1 0.18 174
0 1 0.18 175
0 1 0.18 176
0 1 0.18 177
0 1 0.18 178
0 1 0.18 179
0 1 0.18 180
0 1 0.18 181
0 1 0.18 182
0 1 0.18 183
0 1 0.18 184
0 1 0.18 185
0 1 0.18 186
0 1 0.18 187
0 1 0.18 188
0 1 0.18 189
0 1 0.18 190
0 1 0.18 191
0 1 0.18 192
0 1 0.18 193
0 1 0.18 194
0 1 0.18 195
0 1 0.18 196
0 1 0.18 197
0 1 0.18 198
0 1 0.18 199
0 1 0.18 200
0 1 0.18 201
0 1 0.18 202
0 1 0.18 203
0 1 0.18 204
0 1 0.18 205
0 1 0.17 206
0 1 0.17 207
0 1 0.17 208
0 1 0.17 209
0 1 0.17 210
0 1 0.17 211
0 1 0.17 212
0 1 0.17 213
0 1 0.17 214
0 1 0.18 215
0 1 0.18 216
0 1 0.18 217
0 1 0.18 218
0 1 0.18 219
0 1 0.18 220
0 1 0.18 221
0 1 0.18 222
0 1 0.18 223
0 1 0.18 224
0 1 0.18 225
0 1 0.18 226
0 1 0.18 227
0 1 0.18 228
0 1 0.18 229
0 1 0.18 230
0 1 0.18 231
0 1 0.18 232
0 1 0.18 233
0 1 0.18 234
0 1 0.17 235
0 1 0.17 236
0 1 0.17 237
0 1 0.17 238
0 1 0.18 239
0 1 0.17 240
0 1 0.17 241
0 1 0.17 242
0 1 0.17 243
0 1 0.17 244
0 1 0.17 245
0 1 0.17 246
0 1 0.17 247
0 1 0.17 248
0 1 0.17 249
0 1 0.17 250
0 1 0.17 251
0 1 0.17 252
0 1 0.17 253
0 1 0.17 254
0 1 0.17 255
0 1 0.17 256
0 1 0.17 257
0 1 0.17 258
0 1 0.17 259
0 1 0.17 260
0 1 0.17 261
0 1 0.17 262
0 1 0.17 263
0 1 0.17 264
0 1 0.17 265
0 1 0.17 266
0 1 0.17 267
0 1 0.17 268
0 1 0.17 269
0 1 0.17 270
0 1 0.17 271
0 1 0.17 272
0 1 0.17 273
0 1 0.17 274
0 1 0.17 275
0 1 0.17 276
0 1 0.17 277
0 1 0.17 278
0 1 0.16 279
0 1 0.16 280
0 1 0.16 281
0 1 0.16 282
0 1 0.16 283
0 1 0.16 284
0 1 0.16 285
0 1 0.16 286
0 1 0.16 287
0 1 0.16 288
0 1 0.16 289
0 1 0.16 290
0 1 0.16 291
0 1 0.16 292
0 1 0.16 293
0 1 0.16 294
0 1 0.16 295
0 1 0.16 296
0 1 0.16 297
0 1 0.16 298
0 1 0.16 299
0 1 0.16 300
0 1 0.16 301
0 1 0.16 302
0 1 0.16 303
0 1 0.16 304
0 1 0.16 305
0 1 0.16 306
0 1 0.16 307
0 1 0.16 308
0 1 0.16 309
0 1 0.16 310
0 1 0.16 311
0 1 0.16 312
0 1 0.16 313
0 1 0.16 314
0 1 0.16 315
0 1 0.16 316
0 1 0.16 317
0 1 0.16 318
0 1 0.16 319
0 1 0.16 320
0 1 0.16 321
0 1 0.16 322
0 1 0.16 323
0 1 0.16 324
0 1 0.16 325
0 1 0.16 326
0 1 0.16 327
0 1 0.16 328
0 1 0.16 329
0 1 0.16 330
0 1 0.16 331
0 1 0.16 332
0 1 0.16 333
0 1 0.16 334
0 1 0.16 335
0 1 0.16 336
0 1 0.16 337
0 1 0.16 338
0 1 0.16 339
0 1 0.16 340
0 1 0.16 341
0 1 0.16 342
0 1 0.16 343
0 1 0.16 344
0 1 0.16 345
0 1 0.16 346
0 1 0.16 347
0 1 0.16 348
0 1 0.16 349
0 1 0.16 350
0 1 0.16 351
0 1 0.16 352
0 1 0.16 353
0 1 0.16 354
0 1 0.16 355
0 1 0.16 356
0 1 0.16 357
0 1 0.16 358
0 1 0.16 359
0 1 0.16 360
0 1 0.16 361
0 1 0.16 362
0 1 0.16 363
0 1 0.16 364
0 1 0.16 365
0 1 0.16 366
0 1 0.16 367
0 1 0.16 368
0 1 0.16 369
0 1 0.16 370
0 1 0.16 371
0 1 0.16 372
0 1 0.16 373
0 1 0.16 374
0 1 0.16 375
0 1 0.16 376
0 1 0.16 377
0 1 0.16 378
0 1 0.16 379
0 1 0.16 380
0 1 0.16 381
0 1 0.16 382
0 1 0.16 383
0 1 0.16 384
0 1 0.16 385
0 1 0.16 386
0 1 0.16 387
0 1 0.16 388
0 1 0.16 389
0 1 0.16 390
0 1 0.16 391
0 1 0.16 392
0 1 0.16 393
0 1 0.16 394
0 1 0.16 395
0 1 0.16 396
0 1 0.16 397
0 1 0.16 398
0 1 0.16 399
0 1 0.16 400
0 1 0.16 401
0 1 0.16 402
0 1 0.16 403
0 1 0.16 404
0 1 0.16 405
0 1 0.16 406
0 1 0.16 407
0 1 0.16 408
0 1 0.16 409
0 1 0.16 410
0 1 0.16 411
0 1 0.16 412
0 1 0.16 413
0 1 0.16 414
0 1 0.16 415
0 1 0.16 416
0 1 0.16 417
0 1 0.16 418
0 1 0.16 419
0 1 0.16 420
0 1 0.16 421
0 1 0.16 422
0 1 0.16 423
0 1 0.16 424
0 1 0.16 425
0 1 0.16 426
0 1 0.16 427
0 1 0.16 428
0 1 0.16 429
0 1 0.16 430
0 1 0.16 431
0 1 0.16 432
0 1 0.16 433
0 1 0.16 434
0 1 0.16 435
0 1 0.16 436
0 1 0.16 437
0 1 0.16 438
0 1 0.16 439
0 1 0.16 440
0 1 0.16 441
0 1 0.16 442
0 1 0.16 443
0 1 0.16 444
0 1 0.16 445
0 1 0.16 446
0 1 0.16 447
0 1 0.16 448
0 1 0.16 449
0 1 0.16 450
0 1 0.16 451
0 1 0.16 452
0 1 0.16 453
0 1 0.17 454
0 1 0.16 455
0 1 0.16 456
0 1 0.17 457
0 1 0.17 458
0 1 0.17 459
0 1 0.17 460
0 1 0.17 461
0 1 0.17 462
0 1 0.17 463
0 1 0.17 464
0 1 0.17 465
0 1 0.17 466
0 1 0.17 467
0 1 0.17 468
0 1 0.17 469
0 1 0.17 470
0 1 0.17 471
0 1 0.17 472
0 1 0.16 473
0 1 0.16 474
0 1 0.16 475
0 1 0.16 476
0 1 0.16 477
0 1 0.17 478
0 1 0.16 479
0 1 0.16 480
0 1 0.16 481
0 1 0.16 482
0 1 0.16 483
0 1 0.16 484
0 1 0.16 485
0 1 0.16 486
0 1 0.16 487
0 1 0.16 488
0 1 0.16 489
0 1 0.17 490
0 1 0.16 491
0 1 0.16 492
0 1 0.16 493
0 1 0.17 494
0 1 0.17 495
0 1 0.17 496
0 1 0.16 497
0 1 0.17 498
0 1 0.17 499
0 1 0.17 500
0 1 0.17 501
0 1 0.17 502
0 1 0.17 503
0 1 0.17 504
0 1 0.17 505
0 1 0.17 506
0 1 0.17 507
0 1 0.17 508
0 1 0.17 509
0 1 0.17 510
0 1 0.17 511
0 1 0.17 512
0 1 0.17 513
0 1 0.17 514
0 1 0.17 515
0 1 0.17 516
0 1 0.17 517
0 1 0.17 518
0 1 0.17 519
0 1 0.17 520
0 1 0.17 521
0 1 0.17 522
0 1 0.17 523
0 1 0.17 524
0 1 0.17 525
0 1 0.17 526
0 1 0.17 527
0 1 0.16 528
0 1 0.17 529
0 1 0.17 530
0 1 0.17 531
0 1 0.17 532
0 1 0.17 533
0 1 0.16 534
0 1 0.16 535
0 1 0.16 536
0 1 0.16 537
0 1 0.16 538
0 1 0.16 539
0 1 0.16 540
0 1 0.16 541
0 1 0.16 542
0 1 0.16 543
0 1 0.16 544
0 1 0.16 545
0 1 0.16 546
0 1 0.16 547
0 1 0.16 548
0 1 0.16 549
0 1 0.16 550
0 1 0.16 551
0 1 0.16 552
0 1 0.16 553
0 1 0.16 554
0 1 0.16 555
0 1 0.16 556
0 1 0.16 557
0 1 0.16 558
0 1 0.16 559
0 1 0.16 560
0 1 0.16 561
0 1 0.16 562
0 1 0.16 563
0 1 0.16 564
0 1 0.16 565
0 1 0.16 566
0 1 0.16 567
0 1 0.16 568
0 1 0.16 569
0 1 0.16 570
0 1 0.16 571
0 1 0.16 572
0 1 0.16 573
0 1 0.16 574
0 1 0.16 575
0 1 0.16 576
0 1 0.16 577
0 1 0.16 578
0 1 0.16 579
0 1 0.16 580
0 1 0.16 581
0 1 0.16 582
0 1 0.16 583
0 1 0.16 584
0 1 0.16 585
0 1 0.16 586
0 1 0.16 587
0 1 0.16 588
0 1 0.16 589
0 1 0.16 590
0 1 0.16 591
0 1 0.16 592
0 1 0.16 593
0 1 0.16 594
0 1 0.16 595
0 1 0.16 596
0 1 0.16 597
0 1 0.16 598
0 1 0.16 599
0 1 0.16 600
0 1 0.16 601
0 1 0.16 602
0 1 0.16 603
0 1 0.16 604
0 1 0.16 605
0 1 0.16 606
0 1 0.16 607
0 1 0.16 608
0 1 0.16 609
0 1 0.16 610
0 1 0.16 611
0 1 0.16 612
0 1 0.16 613
0 1 0.16 614
0 1 0.16 615
0 1 0.16 616
0 1 0.16 617
0 1 0.16 618
0 1 0.16 619
0 1 0.16 620
0 1 0.16 621
0 1 0.16 622
0 1 0.16 623
0 1 0.16 624
0 1 0.16 625
0 1 0.16 626
0 1 0.16 627
0 1 0.16 628
0 1 0.16 629
0 1 0.16 630
0 1 0.16 631
0 1 0.16 632
0 1 0.16 633
0 1 0.16 634
0 1 0.16 635
0 1 0.16 636
0 1 0.16 637
0 1 0.16 638
0 1 0.16 639
0 1 0.16 640
0 1 0.16 641
0 1 0.16 642
0 1 0.16 643
0 1 0.16 644
0 1 0.16 645
0 1 0.16 646
0 1 0.16 647
0 1 0.16 648
0 1 0.16 649
0 1 0.16 650
0 1 0.16 651
0 1 0.16 652
0 1 0.16 653
0 1 0.16 654
0 1 0.16 655
0 1 0.16 656
0 1 0.16 657
0 1 0.16 658
0 1 0.16 659
0 1 0.16 660
0 1 0.16 661
0 1 0.16 662
0 1 0.16 663
0 1 0.16 664
0 1 0.16 665
0 1 0.16 666
0 1 0.16 667
0 1 0.16 668
0 1 0.16 669
0 1 0.16 670
0 1 0.16 671
0 1 0.16 672
0 1 0.16 673
0 1 0.16 674
0 1 0.16 675
0 1 0.16 676
0 1 0.16 677
0 1 0.16 678
0 1 0.16 679
0 1 0.16 680
0 1 0.16 681
0 1 0.16 682
0 1 0.16 683
0 1 0.15 684
0 1 0.15 685
0 1 0.15 686
0 1 0.15 687
0 1 0.15 688
0 1 0.15 689
0 1 0.15 690
0 1 0.15 691
0 1 0.15 692
0 1 0.15 693
0 1 0.15 694
0 1 0.15 695
0 1 0.15 696
0 1 0.15 697
0 1 0.15 698
0 1 0.15 699
0 1 0.15 700
0 1 0.15 701
0 1 0.15 702
0 1 0.16 703
0 1 0.15 704
0 1 0.15 705
0 1 0.15 706
0 1 0.16 707
0 1 0.16 708
0 1 0.16 709
0 1 0.16 710
0 1 0.16 711
0 1 0.16 712
0 1 0.16 713
0 1 0.16 714
0 1 0.16 715
0 1 0.16 716
0 1 0.16 717
0 1 0.16 718
0 1 0.16 719
0 1 0.16 720
0 1 0.16 721
0 1 0.16 722
0 1 0.16 723
0 1 0.16 724
0 1 0.16 725
0 1 0.16 726
0 1 0.16 727
0 1 0.16 728
0 1 0.16 729
0 1 0.16 730
0 1 0.16 731
0 1 0.16 732
0 1 0.16 733
0 1 0.16 734
0 1 0.16 735
0 1 0.16 736
0 1 0.16 737
0 1 0.16 738
0 1 0.16 739
0 1 0.16 740
0 1 0.16 741
0 1 0.16 742
0 1 0.16 743
0 1 0.16 744
0 1 0.16 745
0 1 0.16 746
0 1 0.16 747
0 1 0.16 748
0 1 0.16 749
0 1 0.16 750
0 1 0.16 751
0 1 0.16 752
0 1 0.16 753
0 1 0.16 754
0 1 0.16 755
0 1 0.16 756
0 1 0.16 757
0 1 0.16 758
0 1 0.16 759
0 1 0.16 760
0 1 0.16 761
0 1 0.16 762
0 1 0.16 763
0 1 0.16 764
0 1 0.16 765
0 1 0.16 766
0 1 0.16 767
0 1 0.16 768
0 1 0.16 769
0 1 0.16 770
0 1 0.16 771
0 1 0.16 772
0 1 0.16 773
0 1 0.16 774
0 1 0.16 775
0 1 0.16 776
0 1 0.16 777
0 1 0.16 778
0 1 0.16 779
0 1 0.16 780
0 1 0.16 781
0 1 0.16 782
0 1 0.16 783
0 1 0.16 784
0 1 0.16 785
0 1 0.16 786
0 1 0.16 787
0 1 0.16 788
0 1 0.16 789
0 1 0.16 790
0 1 0.16 791
0 1 0.16 792
0 1 0.16 793
0 1 0.16 794
0 1 0.16 795
0 1 0.16 796
0 1 0.16 797
0 1 0.16 798
0 1 0.16 799
0 1 0.16 800
0 1 0.16 801
0 1 0.16 802
0 1 0.16 803
0 1 0.16 804
0 1 0.16 805
0 1 0.16 806
0 1 0.16 807
0 1 0.16 808
0 1 0.16 809
0 1 0.16 810
0 1 0.16 811
0 1 0.16 812
0 1 0.16 813
0 1 0.16 814
0 1 0.16 815
0 1 0.16 816
0 1 0.16 817
0 1 0.16 818
0 1 0.16 819
0 1 0.16 820
0 1 0.16 821
0 1 0.16 822
0 1 0.16 823
0 1 0.16 824
0 1 0.16 825
0 1 0.16 826
0 1 0.16 827
0 1 0.16 828
0 1 0.16 829
0 1 0.16 830
0 1 0.16 831
0 1 0.16 832
0 1 0.16 833
0 1 0.16 834
0 1 0.16 835
0 1 0.16 836
0 1 0.16 837
0 1 0.16 838
0 1 0.16 839
0 1 0.16 840
0 1 0.16 841
0 1 0.16 842
0 1 0.16 843
0 1 0.16 844
0 1 0.16 845
0 1 0.16 846
0 1 0.16 847
0 1 0.16 848
0 1 0.16 849
0 1 0.16 850
0 1 0.16 851
0 1 0.16 852
0 1 0.17 853
0 1 0.17 854
0 1 0.16 855
0 1 0.16 856
0 1 0.17 857
0 1 0.17 858
0 1 0.17 859
0 1 0.17 860
0 1 0.17 861
0 1 0.17 862
0 1 0.17 863
0 1 0.17 864
0 1 0.17 865
0 1 0.17 866
0 1 0.17 867
0 1 0.17 868
0 1 0.17 869
0 1 0.17 870
0 1 0.17 871
0 1 0.17 872
0 1 0.17 873
0 1 0.17 874
0 1 0.17 875
0 1 0.17 876
0 1 0.17 877
0 1 0.17 878
0 1 0.17 879
0 1 0.17 880
0 1 0.17 881
0 1 0.17 882
0 1 0.17 883
0 1 0.17 884
0 1 0.17 885
0 1 0.17 886
0 1 0.17 887
0 1 0.17 888
0 1 0.17 889
0 1 0.17 890
0 1 0.17 891
0 1 0.17 892
0 1 0.17 893
0 1 0.17 894
0 1 0.17 895
0 1 0.17 896
0 1 0.17 897
0 1 0.17 898
0 1 0.17 899
0 1 0.17 900
0 1 0.17 901
0 1 0.17 902
0 1 0.17 903
0 1 0.17 904
0 1 0.17 905
0 1 0.17 906
0 1 0.17 907
0 1 0.17 908
0 1 0.17 909
0 1 0.17 910
0 1 0.17 911
0 1 0.17 912
0 1 0.17 913
0 1 0.17 914
0 1 0.17 915
0 1 0.17 916
0 1 0.17 917
0 1 0.17 918
0 1 0.17 919
0 1 0.17 920
0 1 0.17 921
0 1 0.17 922
0 1 0.17 923
0 1 0.17 924
0 1 0.17 925
0 1 0.17 926
0 1 0.17 927
0 1 0.17 928
0 1 0.17 929
0 1 0.17 930
0 1 0.17 931
0 1 0.17 932
0 1 0.17 933
0 1 0.17 934
0 1 0.17 935
0 1 0.17 936
0 1 0.17 937
0 1 0.17 938
0 1 0.17 939
0 1 0.17 940
0 1 0.17 941
0 1 0.17 942
0 1 0.17 943
0 1 0.17 944
0 1 0.17 945
0 1 0.17 946
0 1 0.17 947
0 1 0.17 948
0 1 0.17 949
0 1 0.17 950
0 1 0.17 951
0 1 0.17 952
0 1 0.17 953
0 1 0.1