0 0 0.00 1
0 0 0.00 2
0 0 0.00 3
0 1 0.25 4
0 1 0.20 5
0 1 0.17 6
0 1 0.29 7
0 1 0.25 8
0 1 0.22 9
0 1 0.30 10
0 1 0.27 11
0 1 0.25 12
0 1 0.31 13
0 1 0.29 14
0 1 0.33 15
0 1 0.31 16
0 1 0.29 17
0 1 0.33 18
0 1 0.32 19
0 1 0.30 20
0 1 0.29 21
0 1 0.32 22
0 1 0.30 23
0 1 0.29 24
0 1 0.28 25
0 1 0.31 26
0 1 0.30 27
0 1 0.29 28
0 1 0.31 29
0 1 0.30 30
0 1 0.29 31
0 1 0.28 32
0 1 0.30 33
0 1 0.29 34
0 1 0.29 35
0 1 0.31 36
0 1 0.30 37
0 1 0.29 38
0 1 0.28 39
0 1 0.30 40
0 1 0.29 41
0 1 0.29 42
0 1 0.28 43
0 1 0.30 44
0 1 0.29 45
0 1 0.28 46
0 1 0.28 47
0 1 0.27 48
0 1 0.27 49
0 1 0.26 50
0 1 0.25 51
0 1 0.25 52
0 1 0.25 53
0 1 0.26 54
0 1 0.25 55
0 1 0.25 56
0 1 0.25 57
0 1 0.24 58
0 1 0.24 59
0 1 0.23 60
0 1 0.25 61
0 1 0.24 62
0 1 0.24 63
0 1 0.25 64
0 1 0.25 65
0 1 0.24 66
0 1 0.25 67
0 1 0.25 68
0 1 0.25 69
0 1 0.24 70
0 1 0.24 71
0 1 0.24 72
0 1 0.23 73
0 1 0.24 74
0 1 0.24 75
0 1 0.24 76
0 1 0.23 77
0 1 0.23 78
0 1 0.23 79
0 1 0.23 80
0 1 0.22 81
0 1 0.22 82
0 1 0.23 83
0 1 0.23 84
0 1 0.22 85
0 1 0.22 86
0 1 0.22 87
0 1 0.23 88
0 1 0.22 89
0 1 0.22 90
0 1 0.22 91
0 1 0.23 92
0 1 0.23 93
0 1 0.22 94
0 1 0.22 95
0 1 0.23 96
0 1 0.23 97
0 1 0.22 98
0 1 0.23 99
0 1 0.23 100
0 1 0.23 101
0 1 0.24 102
0 1 0.23 103
0 1 0.23 104
0 1 0.24 105
0 1 0.24 106
0 1 0.23 107
0 1 0.24 108
0 1 0.24 109
0 1 0.25 110
0 1 0.24 111
0 1 0.24 112
0 1 0.24 113
0 1 0.24 114
0 1 0.23 115
0 1 0.23 116
0 1 0.24 117
0 1 0.24 118
0 1 0.24 119
0 1 0.23 120
0 1 0.23 121
0 1 0.23 122
0 1 0.23 123
0 1 0.23 124
0 1 0.22 125
0 1 0.22 126
0 1 0.23 127
0 1 0.23 128
0 1 0.22 129
0 1 0.23 130
0 1 0.23 131
0 1 0.23 132
0 1 0.23 133
0 1 0.22 134
0 1 0.22 135
0 1 0.23 136
0 1 0.23 137
0 1 0.22 138
0 1 0.22 139
0 1 0.22 140
0 1 0.23 141
0 1 0.23 142
0 1 0.22 143
0 1 0.22 144
0 1 0.23 145
0 1 0.23 146
0 1 0.22 147
0 1 0.23 148
0 1 0.23 149
0 1 0.23 150
0 1 0.23 151
0 1 0.23 152
0 1 0.23 153
0 1 0.23 154
0 1 0.23 155
0 1 0.23 156
0 1 0.23 157
0 1 0.23 158
0 1 0.23 159
0 1 0.23 160
0 1 0.22 161
0 1 0.22 162
0 1 0.22 163
0 1 0.22 164
0 1 0.22 165
0 1 0.22 166
0 1 0.22 167
0 1 0.21 168
0 1 0.22 169
0 1 0.22 170
0 1 0.22 171
0 1 0.22 172
0 1 0.21 173
0 1 0.21 174
0 1 0.21 175
0 1 0.22 176
0 1 0.21 177
0 1 0.21 178
0 1 0.21 179
0 1 0.22 180
0 1 0.22 181
0 1 0.21 182
0 1 0.21 183
0 1 0.21 184
0 1 0.21 185
0 1 0.21 186
0 1 0.21 187
0 1 0.21 188
0 1 0.21 189
0 1 0.21 190
0 1 0.21 191
0 1 0.21 192
0 1 0.21 193
0 1 0.21 194
0 1 0.21 195
0 1 0.21 196
0 1 0.21 197
0 1 0.21 198
0 1 0.21 199
0 1 0.21 200
0 1 0.21 201
0 1 0.21 202
0 1 0.21 203
0 1 0.21 204
0 1 0.21 205
0 1 0.21 206
0 1 0.21 207
0 1 0.21 208
0 1 0.22 209
0 1 0.21 210
0 1 0.21 211
0 1 0.22 212
0 1 0.22 213
0 1 0.21 214
0 1 0.21 215
0 1 0.22 216
0 1 0.22 217
0 1 0.22 218
0 1 0.22 219
0 1 0.22 220
0 1 0.22 221
0 1 0.22 222
0 1 0.22 223
0 1 0.22 224
0 1 0.22 225
0 1 0.22 226
0 1 0.22 227
0 1 0.22 228
0 1 0.22 229
0 1 0.22 230
0 1 0.22 231
0 1 0.22 232
0 1 0.22 233
0 1 0.22 234
0 1 0.22 235
0 1 0.22 236
0 1 0.22 237
0 1 0.22 238
0 1 0.22 239
0 1 0.22 240
0 1 0.22 241
0 1 0.22 242
0 1 0.22 243
0 1 0.22 244
0 1 0.22 245
0 1 0.22 246
0 1 0.22 247
0 1 0.22 248
0 1 0.22 249
0 1 0.22 250
0 1 0.22 251
0 1 0.22 252
0 1 0.22 253
0 1 0.22 254
0 1 0.22 255
0 1 0.22 256
0 1 0.22 257
0 1 0.22 258
0 1 0.22 259
0 1 0.22 260
0 1 0.21 261
0 1 0.21 262
0 1 0.21 263
0 1 0.21 264
0 1 0.22 265
0 1 0.21 266
0 1 0.21 267
0 1 0.21 268
0 1 0.21 269
0 1 0.21 270
0 1 0.21 271
0 1 0.21 272
0 1 0.21 273
0 1 0.21 274
0 1 0.21 275
0 1 0.21 276
0 1 0.21 277
0 1 0.21 278
0 1 0.21 279
0 1 0.21 280
0 1 0.21 281
0 1 0.21 282
0 1 0.21 283
0 1 0.21 284
0 1 0.21 285
0 1 0.21 286
0 1 0.21 287
0 1 0.21 288
0 1 0.21 289
0 1 0.21 290
0 1 0.21 291
0 1 0.21 292
0 1 0.21 293
0 1 0.21 294
0 1 0.21 295
0 1 0.21 296
0 1 0.21 297
0 1 0.21 298
0 1 0.21 299
0 1 0.21 300
0 1 0.21 301
0 1 0.21 302
0 1 0.21 303
0 1 0.21 304
0 1 0.21 305
0 1 0.21 306
0 1 0.21 307
0 1 0.20 308
0 1 0.20 309
0 1 0.20 310
0 1 0.21 311
0 1 0.21 312
0 1 0.20 313
0 1 0.20 314
0 1 0.20 315
0 1 0.20 316
0 1 0.20 317
0 1 0.20 318
0 1 0.20 319
0 1 0.20 320
0 1 0.20 321
0 1 0.20 322
0 1 0.20 323
0 1 0.20 324
0 1 0.20 325
0 1 0.20 326
0 1 0.20 327
0 1 0.20 328
0 1 0.20 329
0 1 0.20 330
0 1 0.20 331
0 1 0.20 332
0 1 0.20 333
0 1 0.20 334
0 1 0.20 335
0 1 0.20 336
0 1 0.20 337
0 1 0.20 338
0 1 0.20 339
0 1 0.20 340
0 1 0.20 341
0 1 0.20 342
0 1 0.20 343
0 1 0.20 344
0 1 0.20 345
0 1 0.20 346
0 1 0.20 347
0 1 0.20 348
0 1 0.20 349
0 1 0.20 350
0 1 0.21 351
0 1 0.20 352
0 1 0.20 353
0 1 0.20 354
0 1 0.21 355
0 1 0.21 356
0 1 0.20 357
0 1 0.20 358
0 1 0.20 359
0 1 0.20 360
0 1 0.20 361
0 1 0.20 362
0 1 0.20 363
0 1 0.20 364
0 1 0.20 365
0 1 0.20 366
0 1 0.20 367
0 1 0.20 368
0 1 0.20 369
0 1 0.20 370
0 1 0.20 371
0 1 0.20 372
0 1 0.20 373
0 1 0.20 374
0 1 0.20 375
0 1 0.20 376
0 1 0.20 377
0 1 0.20 378
0 1 0.20 379
0 1 0.20 380
0 1 0.20 381
0 1 0.20 382
0 1 0.20 383
0 1 0.20 384
0 1 0.20 385
0 1 0.20 386
0 1 0.20 387
0 1 0.20 388
0 1 0.20 389
0 1 0.19 390
0 1 0.20 391
0 1 0.20 392
0 1 0.20 393
0 1 0.20 394
0 1 0.20 395
0 1 0.20 396
0 1 0.20 397
0 1 0.20 398
0 1 0.20 399
0 1 0.20 400
0 1 0.20 401
0 1 0.20 402
0 1 0.20 403
0 1 0.20 404
0 1 0.20 405
0 1 0.20 406
0 1 0.20 407
0 1 0.20 408
0 1 0.20 409
0 1 0.20 410
0 1 0.20 411
0 1 0.20 412
0 1 0.20 413
0 1 0.20 414
0 1 0.20 415
0 1 0.20 416
0 1 0.20 417
0 1 0.20 418
0 1 0.20 419
0 1 0.20 420
0 1 0.19 421
0 1 0.20 422
0 1 0.20 423
0 1 0.20 424
0 1 0.20 425
0 1 0.19 426
0 1 0.19 427
0 1 0.19 428
0 1 0.19 429
0 1 0.19 430
0 1 0.19 431
0 1 0.19 432
0 1 0.19 433
0 1 0.19 434
0 1 0.19 435
0 1 0.19 436
0 1 0.19 437
0 1 0.19 438
0 1 0.19 439
0 1 0.19 440
0 1 0.19 441
0 1 0.19 442
0 1 0.19 443
0 1 0.19 444
0 1 0.19 445
0 1 0.19 446
0 1 0.19 447
0 1 0.19 448
0 1 0.19 449
0 1 0.19 450
0 1 0.19 451
0 1 0.19 452
0 1 0.19 453
0 1 0.19 454
0 1 0.18 455
0 1 0.19 456
0 1 0.19 457
0 1 0.19 458
0 1 0.19 459
0 1 0.19 460
0 1 0.19 461
0 1 0.19 462
0 1 0.19 463
0 1 0.19 464
0 1 0.19 465
0 1 0.19 466
0 1 0.19 467
0 1 0.19 468
0 1 0.19 469
0 1 0.19 470
0 1 0.19 471
0 1 0.19 472
0 1 0.19 473
0 1 0.19 474
0 1 0.19 475
0 1 0.19 476
0 1 0.19 477
0 1 0.19 478
0 1 0.19 479
0 1 0.19 480
0 1 0.19 481
0 1 0.19 482
0 1 0.19 483
0 1 0.19 484
0 1 0.19 485
0 1 0.19 486
0 1 0.19 487
0 1 0.19 488
0 1 0.19 489
0 1 0.19 490
0 1 0.19 491
0 1 0.19 492
0 1 0.19 493
0 1 0.19 494
0 1 0.19 495
0 1 0.19 496
0 1 0.19 497
0 1 0.18 498
0 1 0.19 499
0 1 0.19 500
0 1 0.19 501
0 1 0.19 502
0 1 0.19 503
0 1 0.19 504
0 1 0.19 505
0 1 0.19 506
0 1 0.19 507
0 1 0.19 508
0 1 0.19 509
0 1 0.19 510
0 1 0.19 511
0 1 0.19 512
0 1 0.19 513
0 1 0.19 514
0 1 0.19 515
0 1 0.19 516
0 1 0.19 517
0 1 0.19 518
0 1 0.19 519
0 1 0.19 520
0 1 0.19 521
0 1 0.19 522
0 1 0.19 523
0 1 0.19 524
0 1 0.19 525
0 1 0.19 526
0 1 0.19 527
0 1 0.19 528
0 1 0.19 529
0 1 0.19 530
0 1 0.19 531
0 1 0.19 532
0 1 0.19 533
0 1 0.19 534
0 1 0.19 535
0 1 0.19 536
0 1 0.19 537
0 1 0.19 538
0 1 0.19 539
0 1 0.19 540
0 1 0.19 541
0 1 0.19 542
0 1 0.19 543
0 1 0.19 544
0 1 0.19 545
0 1 0.19 546
0 1 0.19 547
0 1 0.19 548
0 1 0.19 549
0 1 0.19 550
0 1 0.19 551
0 1 0.19 552
0 1 0.19 553
0 1 0.19 554
0 1 0.19 555
0 1 0.19 556
0 1 0.19 557
0 1 0.19 558
0 1 0.19 559
0 1 0.19 560
0 1 0.19 561
0 1 0.19 562
0 1 0.19 563
0 1 0.19 564
0 1 0.19 565
0 1 0.19 566
0 1 0.19 567
0 1 0.19 568
0 1 0.19 569
0 1 0.19 570
0 1 0.19 571
0 1 0.19 572
0 1 0.19 573
0 1 0.19 574
0 1 0.19 575
0 1 0.19 576
0 1 0.19 577
0 1 0.19 578
0 1 0.19 579
0 1 0.19 580
0 1 0.19 581
0 1 0.19 582
0 1 0.19 583
0 1 0.19 584
0 1 0.19 585
0 1 0.19 586
0 1 0.19 587
0 1 0.19 588
0 1 0.19 589
0 1 0.19 590
0 1 0.19 591
0 1 0.19 592
0 1 0.19 593
0 1 0.19 594
0 1 0.19 595
0 1 0.19 596
0 1 0.19 597
0 1 0.19 598
0 1 0.19 599
0 1 0.19 600
0 1 0.19 601
0 1 0.19 602
0 1 0.19 603
0 1 0.19 604
0 1 0.19 605
0 1 0.19 606
0 1 0.19 607
0 1 0.19 608
0 1 0.19 609
0 1 0.19 610
0 1 0.19 611
0 1 0.19 612
0 1 0.19 613
0 1 0.19 614
0 1 0.19 615
0 1 0.19 616
0 1 0.19 617
0 1 0.19 618
0 1 0.19 619
0 1 0.19 620
0 1 0.19 621
0 1 0.18 622
0 1 0.19 623
0 1 0.19 624
0 1 0.19 625
0 1 0.19 626
0 1 0.19 627
0 1 0.19 628
0 1 0.19 629
0 1 0.19 630
0 1 0.19 631
0 1 0.19 632
0 1 0.19 633
0 1 0.19 634
0 1 0.19 635
0 1 0.19 636
0 1 0.19 637
0 1 0.18 638
0 1 0.18 639
0 1 0.18 640
0 1 0.18 641
0 1 0.18 642
0 1 0.18 643
0 1 0.18 644
0 1 0.18 645
0 1 0.19 646
0 1 0.19 647
0 1 0.19 648
0 1 0.18 649
0 1 0.19 650
0 1 0.19 651
0 1 0.19 652
0 1 0.19 653
0 1 0.19 654
0 1 0.19 655
0 1 0.19 656
0 1 0.19 657
0 1 0.19 658
0 1 0.19 659
0 1 0.19 660
0 1 0.19 661
0 1 0.19 662
0 1 0.19 663
0 1 0.19 664
0 1 0.19 665
0 1 0.19 666
0 1 0.19 667
0 1 0.19 668
0 1 0.19 669
0 1 0.19 670
0 1 0.18 671
0 1 0.18 672
0 1 0.19 673
0 1 0.19 674
0 1 0.19 675
0 1 0.18 676
0 1 0.19 677
0 1 0.19 678
0 1 0.19 679
0 1 0.19 680
0 1 0.19 681
0 1 0.19 682
0 1 0.19 683
0 1 0.19 684
0 1 0.19 685
0 1 0.19 686
0 1 0.19 687
0 1 0.19 688
0 1 0.19 689
0 1 0.19 690
0 1 0.19 691
0 1 0.19 692
0 1 0.19 693
0 1 0.19 694
0 1 0.19 695
0 1 0.19 696
0 1 0.19 697
0 1 0.19 698
0 1 0.19 699
0 1 0.19 700
0 1 0.19 701
0 1 0.19 702
0 1 0.19 703
0 1 0.19 704
0 1 0.19 705
0 1 0.19 706
0 1 0.19 707
0 1 0.19 708
0 1 0.19 709
0 1 0.19 710
0 1 0.19 711
0 1 0.19 712
0 1 0.19 713
0 1 0.19 714
0 1 0.19 715
0 1 0.19 716
0 1 0.19 717
0 1 0.19 718
0 1 0.19 719
0 1 0.19 720
0 1 0.19 721
0 1 0.19 722
0 1 0.19 723
0 1 0.19 724
0 1 0.19 725
0 1 0.19 726
0 1 0.19 727
0 1 0.19 728
0 1 0.19 729
0 1 0.19 730
0 1 0.19 731
0 1 0.19 732
0 1 0.19 733
0 1 0.19 734
0 1 0.19 735
0 1 0.19 736
0 1 0.19 737
0 1 0.19 738
0 1 0.19 739
0 1 0.19 740
0 1 0.19 741
0 1 0.19 742
0 1 0.19 743
0 1 0.19 744
0 1 0.19 745
0 1 0.19 746
0 1 0.19 747
0 1 0.19 748
0 1 0.19 749
0 1 0.19 750
0 1 0.19 751
0 1 0.19 752
0 1 0.19 753
0 1 0.19 754
0 1 0.19 755
0 1 0.19 756
0 1 0.19 757
0 1 0.19 758
0 1 0.19 759
0 1 0.19 760
0 1 0.19 761
0 1 0.19 762
0 1 0.19 763
0 1 0.19 764
0 1 0.19 765
0 1 0.19 766
0 1 0.19 767
0 1 0.19 768
0 1 0.19 769
0 1 0.19 770
0 1 0.19 771
0 1 0.19 772
0 1 0.19 773
0 1 0.19 774
0 1 0.19 775
0 1 0.19 776
0 1 0.19 777
0 1 0.19 778
0 1 0.19 779
0 1 0.19 780
0 1 0.19 781
0 1 0.19 782
0 1 0.19 783
0 1 0.19 784
0 1 0.19 785
0 1 0.19 786
0 1 0.19 787
0 1 0.19 788
0 1 0.19 789
0 1 0.19 790
0 1 0.19 791
0 1 0.19 792
0 1 0.19 793
0 1 0.19 794
0 1 0.19 795
0 1 0.19 796
0 1 0.19 797
0 1 0.19 798
0 1 0.19 799
0 1 0.19 800
0 1 0.19 801
0 1 0.19 802
0 1 0.19 803
0 1 0.19 804
0 1 0.19 805
0 1 0.19 806
0 1 0.19 807
0 1 0.19 808
0 1 0.19 809
0 1 0.19 810
0 1 0.19 811
0 1 0.19 812
0 1 0.19 813
0 1 0.19 814
0 1 0.19 815
0 1 0.19 816
0 1 0.19 817
0 1 0.19 818
0 1 0.19 819
0 1 0.19 820
0 1 0.19 821
0 1 0.19 822
0 1 0.19 823
0 1 0.19 824
0 1 0.19 825
0 1 0.19 826
0 1 0.19 827
0 1 0.19 828
0 1 0.19 829
0 1 0.19 830
0 1 0.19 831
0 1 0.19 832
0 1 0.19 833
0 1 0.19 834
0 1 0.19 835
0 1 0.19 836
0 1 0.19 837
0 1 0.19 838
0 1 0.19 839
0 1 0.19 840
0 1 0.19 841
0 1 0.19 842
0 1 0.19 843
0 1 0.19 844
0 1 0.19 845
0 1 0.19 846
0 1 0.19 847
0 1 0.19 848
0 1 0.19 849
0 1 0.19 850
0 1 0.19 851
0 1 0.19 852
0 1 0.19 853
0 1 0.19 854
0 1 0.19 855
0 1 0.19 856
0 1 0.19 857
0 1 0.19 858
0 1 0.19 859
0 1 0.19 860
0 1 0.19 861
0 1 0.19 862
0 1 0.19 863
0 1 0.19 864
0 1 0.19 865
0 1 0.19 866
0 1 0.19 867
0 1 0.19 868
0 1 0.19 869
0 1 0.19 870
0 1 0.19 871
0 1 0.19 872
0 1 0.19 873
0 1 0.19 874
0 1 0.19 875
0 1 0.19 876
0 1 0.19 877
0 1 0.19 878
0 1 0.19 879
0 1 0.19 880
0 1 0.19 881
0 1 0.19 882
0 1 0.19 883
0 1 0.19 884
0 1 0.19 885
0 1 0.19 886
0 1 0.19 887
0 1 0.19 888
0 1 0.19 889
0 1 0.19 890
0 1 0.19 891
0 1 0.19 892
0 1 0.19 893
0 1 0.19 894
0 1 0.19 895
0 1 0.19 896
0 1 0.19 897
0 1 0.19 898
0 1 0.19 899
0 1 0.19 900
0 1 0.19 901
0 1 0.19 902
0 1 0.19 903
0 1 0.19 904
0 1 0.19 905
0 1 0.19 906
0 1 0.19 907
0 1 0.19 908
0 1 0.19 909
0 1 0.19 910
0 1 0.19 911
0 1 0.19 912
0 1 0.19 913
0 1 0.19 914
0 1 0.19 915
0 1 0.19 916
0 1 0.19 917
0 1 0.19 918
0 1 0.19 919
0 1 0.19 920
0 1 0.19 921
0 1 0.19 922
0 1 0.19 923
0 1 0.19 924
0 1 0.19 925
0 1 0.19 926
0 1 0.19 927
0 1 0.19 928
0 1 0.19 929
0 1 0.19 930
0 1 0.19 931
0 1 0.19 932
0 1 0.19 933
0 1 0.19 934
0 1 0.19 935
0 1 0.19 936
0 1 0.19 937
0 1 0.19 938
0 1 0.19 939
0 1 0.19 940
0 1 0.19 941
0 1 0.19 942
0 1 0.19 943
0 1 0.19 944
0 1 0.19 945
0 1 0.19 946
0 1 0.19 947
0 1 0.19 948
0 1 0.19 949
0 1 0.19 950
0 1 0.19 951
0 1 0.19 952
0 1 0.19 953
0 1 0.1