0 0 0.00 1
0 0 0.00 2
0 0 0.00 3
0 0 0.00 4
0 0 0.00 5
0 0 0.00 6
0 0 0.00 7
0 1 0.12 8
0 1 0.11 9
0 1 0.10 10
0 1 0.09 11
0 1 0.17 12
0 1 0.15 13
0 1 0.14 14
0 1 0.13 15
0 1 0.19 16
0 1 0.18 17
0 1 0.17 18
0 1 0.16 19
0 1 0.15 20
0 1 0.19 21
0 1 0.18 22
0 1 0.17 23
0 1 0.21 24
0 1 0.20 25
0 1 0.19 26
0 1 0.19 27
0 1 0.21 28
0 1 0.21 29
0 1 0.20 30
0 1 0.19 31
0 1 0.19 32
0 1 0.18 33
0 1 0.18 34
0 1 0.17 35
0 1 0.19 36
0 1 0.19 37
0 1 0.18 38
0 1 0.18 39
0 1 0.17 40
0 1 0.17 41
0 1 0.17 42
0 1 0.16 43
0 1 0.16 44
0 1 0.18 45
0 1 0.17 46
0 1 0.17 47
0 1 0.19 48
0 1 0.18 49
0 1 0.18 50
0 1 0.18 51
0 1 0.19 52
0 1 0.19 53
0 1 0.19 54
0 1 0.18 55
0 1 0.18 56
0 1 0.18 57
0 1 0.17 58
0 1 0.19 59
0 1 0.18 60
0 1 0.18 61
0 1 0.19 62
0 1 0.19 63
0 1 0.19 64
0 1 0.18 65
0 1 0.18 66
0 1 0.18 67
0 1 0.19 68
0 1 0.19 69
0 1 0.19 70
0 1 0.20 71
0 1 0.19 72
0 1 0.19 73
0 1 0.19 74
0 1 0.20 75
0 1 0.20 76
0 1 0.19 77
0 1 0.19 78
0 1 0.20 79
0 1 0.20 80
0 1 0.20 81
0 1 0.20 82
0 1 0.20 83
0 1 0.20 84
0 1 0.20 85
0 1 0.21 86
0 1 0.21 87
0 1 0.20 88
0 1 0.20 89
0 1 0.20 90
0 1 0.20 91
0 1 0.20 92
0 1 0.19 93
0 1 0.19 94
0 1 0.19 95
0 1 0.19 96
0 1 0.19 97
0 1 0.19 98
0 1 0.19 99
0 1 0.19 100
0 1 0.19 101
0 1 0.19 102
0 1 0.18 103
0 1 0.18 104
0 1 0.18 105
0 1 0.18 106
0 1 0.19 107
0 1 0.19 108
0 1 0.18 109
0 1 0.18 110
0 1 0.19 111
0 1 0.19 112
0 1 0.19 113
0 1 0.18 114
0 1 0.19 115
0 1 0.19 116
0 1 0.19 117
0 1 0.19 118
0 1 0.18 119
0 1 0.19 120
0 1 0.19 121
0 1 0.19 122
0 1 0.19 123
0 1 0.19 124
0 1 0.18 125
0 1 0.18 126
0 1 0.18 127
0 1 0.18 128
0 1 0.19 129
0 1 0.18 130
0 1 0.18 131
0 1 0.18 132
0 1 0.18 133
0 1 0.18 134
0 1 0.18 135
0 1 0.18 136
0 1 0.18 137
0 1 0.17 138
0 1 0.17 139
0 1 0.17 140
0 1 0.18 141
0 1 0.18 142
0 1 0.17 143
0 1 0.18 144
0 1 0.18 145
0 1 0.18 146
0 1 0.18 147
0 1 0.18 148
0 1 0.18 149
0 1 0.18 150
0 1 0.18 151
0 1 0.18 152
0 1 0.18 153
0 1 0.18 154
0 1 0.17 155
0 1 0.17 156
0 1 0.17 157
0 1 0.17 158
0 1 0.17 159
0 1 0.17 160
0 1 0.17 161
0 1 0.17 162
0 1 0.17 163
0 1 0.17 164
0 1 0.17 165
0 1 0.17 166
0 1 0.17 167
0 1 0.17 168
0 1 0.17 169
0 1 0.16 170
0 1 0.16 171
0 1 0.16 172
0 1 0.16 173
0 1 0.17 174
0 1 0.17 175
0 1 0.16 176
0 1 0.16 177
0 1 0.16 178
0 1 0.16 179
0 1 0.16 180
0 1 0.16 181
0 1 0.16 182
0 1 0.16 183
0 1 0.16 184
0 1 0.16 185
0 1 0.17 186
0 1 0.17 187
0 1 0.16 188
0 1 0.17 189
0 1 0.17 190
0 1 0.17 191
0 1 0.17 192
0 1 0.17 193
0 1 0.16 194
0 1 0.16 195
0 1 0.16 196
0 1 0.16 197
0 1 0.16 198
0 1 0.16 199
0 1 0.17 200
0 1 0.16 201
0 1 0.16 202
0 1 0.16 203
0 1 0.16 204
0 1 0.16 205
0 1 0.16 206
0 1 0.16 207
0 1 0.16 208
0 1 0.16 209
0 1 0.16 210
0 1 0.16 211
0 1 0.17 212
0 1 0.16 213
0 1 0.16 214
0 1 0.16 215
0 1 0.16 216
0 1 0.16 217
0 1 0.16 218
0 1 0.16 219
0 1 0.16 220
0 1 0.16 221
0 1 0.16 222
0 1 0.16 223
0 1 0.16 224
0 1 0.16 225
0 1 0.16 226
0 1 0.16 227
0 1 0.16 228
0 1 0.16 229
0 1 0.16 230
0 1 0.16 231
0 1 0.16 232
0 1 0.16 233
0 1 0.16 234
0 1 0.16 235
0 1 0.16 236
0 1 0.16 237
0 1 0.16 238
0 1 0.16 239
0 1 0.16 240
0 1 0.16 241
0 1 0.17 242
0 1 0.16 243
0 1 0.16 244
0 1 0.16 245
0 1 0.17 246
0 1 0.17 247
0 1 0.17 248
0 1 0.17 249
0 1 0.17 250
0 1 0.17 251
0 1 0.17 252
0 1 0.17 253
0 1 0.17 254
0 1 0.16 255
0 1 0.17 256
0 1 0.17 257
0 1 0.17 258
0 1 0.17 259
0 1 0.17 260
0 1 0.16 261
0 1 0.16 262
0 1 0.16 263
0 1 0.16 264
0 1 0.17 265
0 1 0.17 266
0 1 0.16 267
0 1 0.16 268
0 1 0.17 269
0 1 0.17 270
0 1 0.17 271
0 1 0.17 272
0 1 0.17 273
0 1 0.17 274
0 1 0.17 275
0 1 0.17 276
0 1 0.17 277
0 1 0.17 278
0 1 0.16 279
0 1 0.17 280
0 1 0.17 281
0 1 0.17 282
0 1 0.17 283
0 1 0.17 284
0 1 0.16 285
0 1 0.16 286
0 1 0.16 287
0 1 0.17 288
0 1 0.17 289
0 1 0.17 290
0 1 0.17 291
0 1 0.17 292
0 1 0.17 293
0 1 0.17 294
0 1 0.17 295
0 1 0.17 296
0 1 0.17 297
0 1 0.17 298
0 1 0.17 299
0 1 0.17 300
0 1 0.17 301
0 1 0.17 302
0 1 0.17 303
0 1 0.16 304
0 1 0.17 305
0 1 0.17 306
0 1 0.17 307
0 1 0.17 308
0 1 0.17 309
0 1 0.16 310
0 1 0.17 311
0 1 0.17 312
0 1 0.17 313
0 1 0.17 314
0 1 0.17 315
0 1 0.16 316
0 1 0.16 317
0 1 0.16 318
0 1 0.16 319
0 1 0.16 320
0 1 0.16 321
0 1 0.16 322
0 1 0.16 323
0 1 0.16 324
0 1 0.16 325
0 1 0.16 326
0 1 0.16 327
0 1 0.16 328
0 1 0.16 329
0 1 0.16 330
0 1 0.16 331
0 1 0.16 332
0 1 0.16 333
0 1 0.16 334
0 1 0.16 335
0 1 0.16 336
0 1 0.16 337
0 1 0.16 338
0 1 0.16 339
0 1 0.16 340
0 1 0.16 341
0 1 0.16 342
0 1 0.16 343
0 1 0.16 344
0 1 0.16 345
0 1 0.16 346
0 1 0.16 347
0 1 0.16 348
0 1 0.16 349
0 1 0.16 350
0 1 0.17 351
0 1 0.16 352
0 1 0.16 353
0 1 0.16 354
0 1 0.16 355
0 1 0.16 356
0 1 0.16 357
0 1 0.16 358
0 1 0.16 359
0 1 0.16 360
0 1 0.16 361
0 1 0.16 362
0 1 0.16 363
0 1 0.16 364
0 1 0.16 365
0 1 0.16 366
0 1 0.16 367
0 1 0.16 368
0 1 0.16 369
0 1 0.16 370
0 1 0.16 371
0 1 0.16 372
0 1 0.16 373
0 1 0.16 374
0 1 0.17 375
0 1 0.16 376
0 1 0.16 377
0 1 0.16 378
0 1 0.16 379
0 1 0.16 380
0 1 0.16 381
0 1 0.16 382
0 1 0.16 383
0 1 0.16 384
0 1 0.16 385
0 1 0.16 386
0 1 0.16 387
0 1 0.16 388
0 1 0.16 389
0 1 0.16 390
0 1 0.16 391
0 1 0.16 392
0 1 0.16 393
0 1 0.16 394
0 1 0.16 395
0 1 0.16 396
0 1 0.16 397
0 1 0.16 398
0 1 0.16 399
0 1 0.16 400
0 1 0.16 401
0 1 0.16 402
0 1 0.16 403
0 1 0.16 404
0 1 0.16 405
0 1 0.16 406
0 1 0.16 407
0 1 0.16 408
0 1 0.16 409
0 1 0.16 410
0 1 0.16 411
0 1 0.16 412
0 1 0.16 413
0 1 0.16 414
0 1 0.16 415
0 1 0.16 416
0 1 0.16 417
0 1 0.16 418
0 1 0.16 419
0 1 0.16 420
0 1 0.16 421
0 1 0.16 422
0 1 0.16 423
0 1 0.16 424
0 1 0.16 425
0 1 0.16 426
0 1 0.16 427
0 1 0.16 428
0 1 0.16 429
0 1 0.16 430
0 1 0.16 431
0 1 0.16 432
0 1 0.16 433
0 1 0.16 434
0 1 0.16 435
0 1 0.16 436
0 1 0.16 437
0 1 0.16 438
0 1 0.16 439
0 1 0.16 440
0 1 0.16 441
0 1 0.16 442
0 1 0.16 443
0 1 0.16 444
0 1 0.16 445
0 1 0.15 446
0 1 0.15 447
0 1 0.15 448
0 1 0.15 449
0 1 0.15 450
0 1 0.15 451
0 1 0.15 452
0 1 0.15 453
0 1 0.15 454
0 1 0.15 455
0 1 0.15 456
0 1 0.15 457
0 1 0.15 458
0 1 0.15 459
0 1 0.15 460
0 1 0.15 461
0 1 0.15 462
0 1 0.15 463
0 1 0.15 464
0 1 0.15 465
0 1 0.15 466
0 1 0.15 467
0 1 0.15 468
0 1 0.15 469
0 1 0.15 470
0 1 0.15 471
0 1 0.15 472
0 1 0.15 473
0 1 0.15 474
0 1 0.15 475
0 1 0.15 476
0 1 0.15 477
0 1 0.15 478
0 1 0.15 479
0 1 0.15 480
0 1 0.15 481
0 1 0.15 482
0 1 0.15 483
0 1 0.15 484
0 1 0.15 485
0 1 0.15 486
0 1 0.15 487
0 1 0.15 488
0 1 0.15 489
0 1 0.15 490
0 1 0.15 491
0 1 0.15 492
0 1 0.15 493
0 1 0.15 494
0 1 0.15 495
0 1 0.15 496
0 1 0.15 497
0 1 0.15 498
0 1 0.15 499
0 1 0.15 500
0 1 0.15 501
0 1 0.15 502
0 1 0.15 503
0 1 0.15 504
0 1 0.15 505
0 1 0.15 506
0 1 0.15 507
0 1 0.15 508
0 1 0.15 509
0 1 0.15 510
0 1 0.15 511
0 1 0.15 512
0 1 0.15 513
0 1 0.15 514
0 1 0.15 515
0 1 0.15 516
0 1 0.15 517
0 1 0.14 518
0 1 0.14 519
0 1 0.14 520
0 1 0.14 521
0 1 0.14 522
0 1 0.15 523
0 1 0.15 524
0 1 0.14 525
0 1 0.15 526
0 1 0.15 527
0 1 0.15 528
0 1 0.15 529
0 1 0.15 530
0 1 0.15 531
0 1 0.14 532
0 1 0.14 533
0 1 0.14 534
0 1 0.14 535
0 1 0.14 536
0 1 0.14 537
0 1 0.14 538
0 1 0.14 539
0 1 0.14 540
0 1 0.14 541
0 1 0.14 542
0 1 0.14 543
0 1 0.14 544
0 1 0.14 545
0 1 0.14 546
0 1 0.14 547
0 1 0.14 548
0 1 0.14 549
0 1 0.14 550
0 1 0.14 551
0 1 0.14 552
0 1 0.14 553
0 1 0.14 554
0 1 0.14 555
0 1 0.14 556
0 1 0.14 557
0 1 0.14 558
0 1 0.14 559
0 1 0.14 560
0 1 0.14 561
0 1 0.14 562
0 1 0.14 563
0 1 0.14 564
0 1 0.14 565
0 1 0.14 566
0 1 0.14 567
0 1 0.14 568
0 1 0.14 569
0 1 0.14 570
0 1 0.14 571
0 1 0.14 572
0 1 0.14 573
0 1 0.14 574
0 1 0.14 575
0 1 0.14 576
0 1 0.14 577
0 1 0.14 578
0 1 0.14 579
0 1 0.14 580
0 1 0.14 581
0 1 0.14 582
0 1 0.14 583
0 1 0.14 584
0 1 0.14 585
0 1 0.14 586
0 1 0.14 587
0 1 0.14 588
0 1 0.14 589
0 1 0.14 590
0 1 0.14 591
0 1 0.14 592
0 1 0.14 593
0 1 0.14 594
0 1 0.14 595
0 1 0.14 596
0 1 0.14 597
0 1 0.14 598
0 1 0.14 599
0 1 0.14 600
0 1 0.14 601
0 1 0.14 602
0 1 0.14 603
0 1 0.14 604
0 1 0.14 605
0 1 0.14 606
0 1 0.14 607
0 1 0.14 608
0 1 0.14 609
0 1 0.14 610
0 1 0.14 611
0 1 0.14 612
0 1 0.14 613
0 1 0.14 614
0 1 0.14 615
0 1 0.14 616
0 1 0.14 617
0 1 0.14 618
0 1 0.14 619
0 1 0.14 620
0 1 0.14 621
0 1 0.14 622
0 1 0.14 623
0 1 0.14 624
0 1 0.14 625
0 1 0.14 626
0 1 0.14 627
0 1 0.14 628
0 1 0.14 629
0 1 0.14 630
0 1 0.14 631
0 1 0.14 632
0 1 0.14 633
0 1 0.14 634
0 1 0.14 635
0 1 0.14 636
0 1 0.14 637
0 1 0.14 638
0 1 0.14 639
0 1 0.14 640
0 1 0.14 641
0 1 0.14 642
0 1 0.14 643
0 1 0.14 644
0 1 0.14 645
0 1 0.14 646
0 1 0.14 647
0 1 0.14 648
0 1 0.14 649
0 1 0.14 650
0 1 0.14 651
0 1 0.14 652
0 1 0.14 653
0 1 0.14 654
0 1 0.14 655
0 1 0.14 656
0 1 0.14 657
0 1 0.14 658
0 1 0.14 659
0 1 0.14 660
0 1 0.14 661
0 1 0.14 662
0 1 0.14 663
0 1 0.14 664
0 1 0.14 665
0 1 0.14 666
0 1 0.14 667
0 1 0.14 668
0 1 0.14 669
0 1 0.14 670
0 1 0.14 671
0 1 0.14 672
0 1 0.14 673
0 1 0.14 674
0 1 0.14 675
0 1 0.14 676
0 1 0.14 677
0 1 0.14 678
0 1 0.14 679
0 1 0.14 680
0 1 0.14 681
0 1 0.14 682
0 1 0.14 683
0 1 0.14 684
0 1 0.14 685
0 1 0.14 686
0 1 0.14 687
0 1 0.14 688
0 1 0.14 689
0 1 0.14 690
0 1 0.14 691
0 1 0.14 692
0 1 0.14 693
0 1 0.14 694
0 1 0.14 695
0 1 0.14 696
0 1 0.14 697
0 1 0.14 698
0 1 0.14 699
0 1 0.14 700
0 1 0.14 701
0 1 0.15 702
0 1 0.15 703
0 1 0.14 704
0 1 0.14 705
0 1 0.15 706
0 1 0.15 707
0 1 0.15 708
0 1 0.15 709
0 1 0.15 710
0 1 0.14 711
0 1 0.14 712
0 1 0.14 713
0 1 0.14 714
0 1 0.14 715
0 1 0.14 716
0 1 0.14 717
0 1 0.14 718
0 1 0.14 719
0 1 0.14 720
0 1 0.14 721
0 1 0.14 722
0 1 0.14 723
0 1 0.14 724
0 1 0.14 725
0 1 0.14 726
0 1 0.14 727
0 1 0.14 728
0 1 0.14 729
0 1 0.14 730
0 1 0.14 731
0 1 0.14 732
0 1 0.14 733
0 1 0.14 734
0 1 0.14 735
0 1 0.14 736
0 1 0.14 737
0 1 0.14 738
0 1 0.14 739
0 1 0.14 740
0 1 0.14 741
0 1 0.15 742
0 1 0.15 743
0 1 0.15 744
0 1 0.14 745
0 1 0.15 746
0 1 0.15 747
0 1 0.15 748
0 1 0.15 749
0 1 0.15 750
0 1 0.15 751
0 1 0.15 752
0 1 0.15 753
0 1 0.15 754
0 1 0.15 755
0 1 0.15 756
0 1 0.15 757
0 1 0.15 758
0 1 0.15 759
0 1 0.15 760
0 1 0.15 761
0 1 0.15 762
0 1 0.15 763
0 1 0.15 764
0 1 0.15 765
0 1 0.14 766
0 1 0.14 767
0 1 0.15 768
0 1 0.15 769
0 1 0.15 770
0 1 0.15 771
0 1 0.15 772
0 1 0.15 773
0 1 0.15 774
0 1 0.15 775
0 1 0.15 776
0 1 0.15 777
0 1 0.15 778
0 1 0.15 779
0 1 0.15 780
0 1 0.15 781
0 1 0.15 782
0 1 0.15 783
0 1 0.15 784
0 1 0.15 785
0 1 0.15 786
0 1 0.15 787
0 1 0.15 788
0 1 0.15 789
0 1 0.15 790
0 1 0.15 791
0 1 0.15 792
0 1 0.15 793
0 1 0.15 794
0 1 0.15 795
0 1 0.15 796
0 1 0.15 797
0 1 0.15 798
0 1 0.15 799
0 1 0.15 800
0 1 0.15 801
0 1 0.15 802
0 1 0.15 803
0 1 0.15 804
0 1 0.15 805
0 1 0.15 806
0 1 0.15 807
0 1 0.15 808
0 1 0.15 809
0 1 0.15 810
0 1 0.15 811
0 1 0.15 812
0 1 0.15 813
0 1 0.15 814
0 1 0.15 815
0 1 0.15 816
0 1 0.15 817
0 1 0.15 818
0 1 0.15 819
0 1 0.15 820
0 1 0.15 821
0 1 0.15 822
0 1 0.15 823
0 1 0.15 824
0 1 0.15 825
0 1 0.15 826
0 1 0.15 827
0 1 0.15 828
0 1 0.15 829
0 1 0.15 830
0 1 0.15 831
0 1 0.15 832
0 1 0.15 833
0 1 0.15 834
0 1 0.15 835
0 1 0.15 836
0 1 0.15 837
0 1 0.15 838
0 1 0.15 839
0 1 0.15 840
0 1 0.15 841
0 1 0.15 842
0 1 0.15 843
0 1 0.15 844
0 1 0.15 845
0 1 0.15 846
0 1 0.15 847
0 1 0.15 848
0 1 0.15 849
0 1 0.15 850
0 1 0.15 851
0 1 0.15 852
0 1 0.15 853
0 1 0.15 854
0 1 0.15 855
0 1 0.15 856
0 1 0.15 857
0 1 0.15 858
0 1 0.15 859
0 1 0.15 860
0 1 0.15 861
0 1 0.15 862
0 1 0.15 863
0 1 0.15 864
0 1 0.15 865
0 1 0.15 866
0 1 0.15 867
0 1 0.15 868
0 1 0.15 869
0 1 0.15 870
0 1 0.15 871
0 1 0.15 872
0 1 0.15 873
0 1 0.15 874
0 1 0.15 875
0 1 0.15 876
0 1 0.15 877
0 1 0.15 878
0 1 0.15 879
0 1 0.15 880
0 1 0.15 881
0 1 0.15 882
0 1 0.15 883
0 1 0.15 884
0 1 0.15 885
0 1 0.15 886
0 1 0.15 887
0 1 0.15 888
0 1 0.15 889
0 1 0.15 890
0 1 0.15 891
0 1 0.15 892
0 1 0.15 893
0 1 0.15 894
0 1 0.15 895
0 1 0.15 896
0 1 0.15 897
0 1 0.15 898
0 1 0.15 899
0 1 0.15 900
0 1 0.15 901
0 1 0.15 902
0 1 0.15 903
0 1 0.15 904
0 1 0.15 905
0 1 0.15 906
0 1 0.15 907
0 1 0.15 908
0 1 0.15 909
0 1 0.15 910
0 1 0.15 911
0 1 0.15 912
0 1 0.15 913
0 1 0.15 914
0 1 0.15 915
0 1 0.15 916
0 1 0.15 917
0 1 0.15 918
0 1 0.15 919
0 1 0.15 920
0 1 0.15 921
0 1 0.15 922
0 1 0.15 923
0 1 0.15 924
0 1 0.15 925
0 1 0.15 926
0 1 0.15 927
0 1 0.15 928
0 1 0.15 929
0 1 0.15 930
0 1 0.15 931
0 1 0.15 932
0 1 0.15 933
0 1 0.15 934
0 1 0.15 935
0 1 0.15 936
0 1 0.15 937
0 1 0.15 938
0 1 0.15 939
0 1 0.15 940
0 1 0.15 941
0 1 0.15 942
0 1 0.15 943
0 1 0.15 944
0 1 0.15 945
0 1 0.15 946
0 1 0.15 947
0 1 0.15 948
0 1 0.15 949
0 1 0.15 950
0 1 0.15 951
0 1 0.15 952
0 1 0.15 953
0 1 0.1