0 0 0.00 1
0 0 0.00 2
0 0 0.00 3
0 0 0.00 4
0 0 0.00 5
0 0 0.00 6
0 0 0.00 7
0 0 0.00 8
0 0 0.00 9
0 0 0.00 10
0 1 0.09 11
0 1 0.08 12
0 1 0.08 13
0 1 0.14 14
0 1 0.13 15
0 1 0.12 16
0 1 0.12 17
0 1 0.17 18
0 1 0.16 19
0 1 0.15 20
0 1 0.14 21
0 1 0.18 22
0 1 0.17 23
0 1 0.17 24
0 1 0.16 25
0 1 0.15 26
0 1 0.15 27
0 1 0.14 28
0 1 0.17 29
0 1 0.17 30
0 1 0.16 31
0 1 0.16 32
0 1 0.15 33
0 1 0.15 34
0 1 0.14 35
0 1 0.17 36
0 1 0.16 37
0 1 0.16 38
0 1 0.15 39
0 1 0.17 40
0 1 0.17 41
0 1 0.17 42
0 1 0.16 43
0 1 0.16 44
0 1 0.18 45
0 1 0.17 46
0 1 0.17 47
0 1 0.17 48
0 1 0.18 49
0 1 0.18 50
0 1 0.18 51
0 1 0.17 52
0 1 0.17 53
0 1 0.17 54
0 1 0.16 55
0 1 0.16 56
0 1 0.16 57
0 1 0.16 58
0 1 0.15 59
0 1 0.15 60
0 1 0.15 61
0 1 0.15 62
0 1 0.14 63
0 1 0.16 64
0 1 0.15 65
0 1 0.15 66
0 1 0.16 67
0 1 0.16 68
0 1 0.16 69
0 1 0.16 70
0 1 0.15 71
0 1 0.15 72
0 1 0.15 73
0 1 0.16 74
0 1 0.16 75
0 1 0.16 76
0 1 0.16 77
0 1 0.15 78
0 1 0.15 79
0 1 0.15 80
0 1 0.16 81
0 1 0.16 82
0 1 0.16 83
0 1 0.15 84
0 1 0.16 85
0 1 0.16 86
0 1 0.16 87
0 1 0.17 88
0 1 0.17 89
0 1 0.17 90
0 1 0.18 91
0 1 0.17 92
0 1 0.17 93
0 1 0.17 94
0 1 0.17 95
0 1 0.17 96
0 1 0.16 97
0 1 0.17 98
0 1 0.17 99
0 1 0.17 100
0 1 0.17 101
0 1 0.17 102
0 1 0.17 103
0 1 0.16 104
0 1 0.16 105
0 1 0.16 106
0 1 0.16 107
0 1 0.16 108
0 1 0.16 109
0 1 0.15 110
0 1 0.15 111
0 1 0.15 112
0 1 0.15 113
0 1 0.16 114
0 1 0.16 115
0 1 0.16 116
0 1 0.15 117
0 1 0.15 118
0 1 0.15 119
0 1 0.15 120
0 1 0.15 121
0 1 0.16 122
0 1 0.15 123
0 1 0.15 124
0 1 0.15 125
0 1 0.15 126
0 1 0.16 127
0 1 0.16 128
0 1 0.16 129
0 1 0.15 130
0 1 0.15 131
0 1 0.15 132
0 1 0.15 133
0 1 0.15 134
0 1 0.15 135
0 1 0.15 136
0 1 0.15 137
0 1 0.15 138
0 1 0.15 139
0 1 0.15 140
0 1 0.15 141
0 1 0.15 142
0 1 0.15 143
0 1 0.15 144
0 1 0.15 145
0 1 0.15 146
0 1 0.15 147
0 1 0.16 148
0 1 0.15 149
0 1 0.15 150
0 1 0.15 151
0 1 0.15 152
0 1 0.15 153
0 1 0.16 154
0 1 0.15 155
0 1 0.15 156
0 1 0.15 157
0 1 0.16 158
0 1 0.16 159
0 1 0.16 160
0 1 0.16 161
0 1 0.15 162
0 1 0.15 163
0 1 0.15 164
0 1 0.15 165
0 1 0.15 166
0 1 0.15 167
0 1 0.15 168
0 1 0.15 169
0 1 0.15 170
0 1 0.15 171
0 1 0.15 172
0 1 0.16 173
0 1 0.16 174
0 1 0.15 175
0 1 0.15 176
0 1 0.15 177
0 1 0.15 178
0 1 0.15 179
0 1 0.15 180
0 1 0.15 181
0 1 0.15 182
0 1 0.15 183
0 1 0.15 184
0 1 0.15 185
0 1 0.15 186
0 1 0.15 187
0 1 0.15 188
0 1 0.15 189
0 1 0.15 190
0 1 0.15 191
0 1 0.15 192
0 1 0.15 193
0 1 0.14 194
0 1 0.14 195
0 1 0.15 196
0 1 0.15 197
0 1 0.15 198
0 1 0.15 199
0 1 0.14 200
0 1 0.14 201
0 1 0.14 202
0 1 0.14 203
0 1 0.14 204
0 1 0.15 205
0 1 0.15 206
0 1 0.14 207
0 1 0.14 208
0 1 0.14 209
0 1 0.14 210
0 1 0.15 211
0 1 0.15 212
0 1 0.15 213
0 1 0.14 214
0 1 0.14 215
0 1 0.15 216
0 1 0.15 217
0 1 0.15 218
0 1 0.15 219
0 1 0.15 220
0 1 0.15 221
0 1 0.15 222
0 1 0.15 223
0 1 0.15 224
0 1 0.15 225
0 1 0.15 226
0 1 0.15 227
0 1 0.15 228
0 1 0.15 229
0 1 0.15 230
0 1 0.15 231
0 1 0.15 232
0 1 0.15 233
0 1 0.15 234
0 1 0.15 235
0 1 0.15 236
0 1 0.15 237
0 1 0.15 238
0 1 0.15 239
0 1 0.15 240
0 1 0.15 241
0 1 0.15 242
0 1 0.15 243
0 1 0.15 244
0 1 0.15 245
0 1 0.15 246
0 1 0.15 247
0 1 0.15 248
0 1 0.15 249
0 1 0.15 250
0 1 0.15 251
0 1 0.15 252
0 1 0.15 253
0 1 0.15 254
0 1 0.15 255
0 1 0.15 256
0 1 0.15 257
0 1 0.15 258
0 1 0.15 259
0 1 0.15 260
0 1 0.15 261
0 1 0.15 262
0 1 0.15 263
0 1 0.15 264
0 1 0.15 265
0 1 0.15 266
0 1 0.15 267
0 1 0.15 268
0 1 0.15 269
0 1 0.15 270
0 1 0.15 271
0 1 0.15 272
0 1 0.15 273
0 1 0.15 274
0 1 0.15 275
0 1 0.14 276
0 1 0.14 277
0 1 0.14 278
0 1 0.14 279
0 1 0.14 280
0 1 0.15 281
0 1 0.15 282
0 1 0.14 283
0 1 0.14 284
0 1 0.15 285
0 1 0.15 286
0 1 0.15 287
0 1 0.15 288
0 1 0.15 289
0 1 0.14 290
0 1 0.14 291
0 1 0.14 292
0 1 0.15 293
0 1 0.15 294
0 1 0.15 295
0 1 0.15 296
0 1 0.15 297
0 1 0.15 298
0 1 0.15 299
0 1 0.15 300
0 1 0.15 301
0 1 0.15 302
0 1 0.15 303
0 1 0.14 304
0 1 0.14 305
0 1 0.14 306
0 1 0.15 307
0 1 0.15 308
0 1 0.15 309
0 1 0.15 310
0 1 0.15 311
0 1 0.15 312
0 1 0.15 313
0 1 0.15 314
0 1 0.15 315
0 1 0.15 316
0 1 0.15 317
0 1 0.15 318
0 1 0.15 319
0 1 0.15 320
0 1 0.15 321
0 1 0.15 322
0 1 0.15 323
0 1 0.15 324
0 1 0.15 325
0 1 0.15 326
0 1 0.15 327
0 1 0.15 328
0 1 0.15 329
0 1 0.15 330
0 1 0.15 331
0 1 0.15 332
0 1 0.15 333
0 1 0.15 334
0 1 0.15 335
0 1 0.15 336
0 1 0.15 337
0 1 0.15 338
0 1 0.15 339
0 1 0.15 340
0 1 0.16 341
0 1 0.15 342
0 1 0.15 343
0 1 0.15 344
0 1 0.16 345
0 1 0.16 346
0 1 0.16 347
0 1 0.16 348
0 1 0.16 349
0 1 0.16 350
0 1 0.16 351
0 1 0.16 352
0 1 0.16 353
0 1 0.16 354
0 1 0.16 355
0 1 0.16 356
0 1 0.16 357
0 1 0.16 358
0 1 0.16 359
0 1 0.16 360
0 1 0.16 361
0 1 0.16 362
0 1 0.16 363
0 1 0.16 364
0 1 0.16 365
0 1 0.16 366
0 1 0.16 367
0 1 0.16 368
0 1 0.16 369
0 1 0.16 370
0 1 0.16 371
0 1 0.16 372
0 1 0.16 373
0 1 0.16 374
0 1 0.16 375
0 1 0.16 376
0 1 0.16 377
0 1 0.16 378
0 1 0.16 379
0 1 0.16 380
0 1 0.16 381
0 1 0.16 382
0 1 0.16 383
0 1 0.16 384
0 1 0.16 385
0 1 0.16 386
0 1 0.16 387
0 1 0.16 388
0 1 0.16 389
0 1 0.16 390
0 1 0.16 391
0 1 0.16 392
0 1 0.16 393
0 1 0.16 394
0 1 0.16 395
0 1 0.16 396
0 1 0.16 397
0 1 0.16 398
0 1 0.16 399
0 1 0.15 400
0 1 0.15 401
0 1 0.16 402
0 1 0.16 403
0 1 0.16 404
0 1 0.16 405
0 1 0.16 406
0 1 0.16 407
0 1 0.16 408
0 1 0.16 409
0 1 0.16 410
0 1 0.16 411
0 1 0.16 412
0 1 0.16 413
0 1 0.16 414
0 1 0.16 415
0 1 0.16 416
0 1 0.16 417
0 1 0.16 418
0 1 0.16 419
0 1 0.15 420
0 1 0.16 421
0 1 0.16 422
0 1 0.16 423
0 1 0.16 424
0 1 0.16 425
0 1 0.16 426
0 1 0.16 427
0 1 0.16 428
0 1 0.16 429
0 1 0.16 430
0 1 0.16 431
0 1 0.16 432
0 1 0.16 433
0 1 0.16 434
0 1 0.16 435
0 1 0.16 436
0 1 0.16 437
0 1 0.16 438
0 1 0.16 439
0 1 0.16 440
0 1 0.16 441
0 1 0.16 442
0 1 0.16 443
0 1 0.16 444
0 1 0.16 445
0 1 0.16 446
0 1 0.16 447
0 1 0.16 448
0 1 0.16 449
0 1 0.16 450
0 1 0.16 451
0 1 0.16 452
0 1 0.16 453
0 1 0.16 454
0 1 0.16 455
0 1 0.16 456
0 1 0.16 457
0 1 0.16 458
0 1 0.16 459
0 1 0.16 460
0 1 0.16 461
0 1 0.16 462
0 1 0.16 463
0 1 0.16 464
0 1 0.16 465
0 1 0.16 466
0 1 0.16 467
0 1 0.16 468
0 1 0.16 469
0 1 0.16 470
0 1 0.16 471
0 1 0.16 472
0 1 0.16 473
0 1 0.16 474
0 1 0.16 475
0 1 0.16 476
0 1 0.16 477
0 1 0.16 478
0 1 0.16 479
0 1 0.16 480
0 1 0.16 481
0 1 0.16 482
0 1 0.16 483
0 1 0.16 484
0 1 0.16 485
0 1 0.16 486
0 1 0.16 487
0 1 0.16 488
0 1 0.16 489
0 1 0.16 490
0 1 0.16 491
0 1 0.16 492
0 1 0.16 493
0 1 0.16 494
0 1 0.16 495
0 1 0.16 496
0 1 0.16 497
0 1 0.16 498
0 1 0.16 499
0 1 0.16 500
0 1 0.16 501
0 1 0.16 502
0 1 0.16 503
0 1 0.16 504
0 1 0.16 505
0 1 0.16 506
0 1 0.16 507
0 1 0.16 508
0 1 0.16 509
0 1 0.16 510
0 1 0.16 511
0 1 0.16 512
0 1 0.16 513
0 1 0.16 514
0 1 0.16 515
0 1 0.16 516
0 1 0.16 517
0 1 0.16 518
0 1 0.16 519
0 1 0.16 520
0 1 0.16 521
0 1 0.16 522
0 1 0.16 523
0 1 0.16 524
0 1 0.16 525
0 1 0.17 526
0 1 0.17 527
0 1 0.16 528
0 1 0.17 529
0 1 0.17 530
0 1 0.17 531
0 1 0.17 532
0 1 0.17 533
0 1 0.16 534
0 1 0.17 535
0 1 0.17 536
0 1 0.17 537
0 1 0.17 538
0 1 0.17 539
0 1 0.17 540
0 1 0.17 541
0 1 0.17 542
0 1 0.17 543
0 1 0.17 544
0 1 0.17 545
0 1 0.17 546
0 1 0.17 547
0 1 0.17 548
0 1 0.17 549
0 1 0.17 550
0 1 0.17 551
0 1 0.16 552
0 1 0.16 553
0 1 0.16 554
0 1 0.16 555
0 1 0.16 556
0 1 0.17 557
0 1 0.16 558
0 1 0.16 559
0 1 0.17 560
0 1 0.17 561
0 1 0.17 562
0 1 0.17 563
0 1 0.17 564
0 1 0.17 565
0 1 0.17 566
0 1 0.17 567
0 1 0.17 568
0 1 0.17 569
0 1 0.17 570
0 1 0.17 571
0 1 0.17 572
0 1 0.17 573
0 1 0.17 574
0 1 0.17 575
0 1 0.17 576
0 1 0.17 577
0 1 0.17 578
0 1 0.17 579
0 1 0.17 580
0 1 0.17 581
0 1 0.17 582
0 1 0.17 583
0 1 0.17 584
0 1 0.17 585
0 1 0.17 586
0 1 0.17 587
0 1 0.17 588
0 1 0.17 589
0 1 0.17 590
0 1 0.17 591
0 1 0.17 592
0 1 0.17 593
0 1 0.17 594
0 1 0.17 595
0 1 0.17 596
0 1 0.17 597
0 1 0.17 598
0 1 0.17 599
0 1 0.17 600
0 1 0.17 601
0 1 0.17 602
0 1 0.17 603
0 1 0.17 604
0 1 0.17 605
0 1 0.17 606
0 1 0.17 607
0 1 0.17 608
0 1 0.17 609
0 1 0.17 610
0 1 0.17 611
0 1 0.17 612
0 1 0.17 613
0 1 0.17 614
0 1 0.17 615
0 1 0.17 616
0 1 0.17 617
0 1 0.17 618
0 1 0.17 619
0 1 0.17 620
0 1 0.17 621
0 1 0.17 622
0 1 0.17 623
0 1 0.17 624
0 1 0.17 625
0 1 0.17 626
0 1 0.17 627
0 1 0.17 628
0 1 0.17 629
0 1 0.17 630
0 1 0.17 631
0 1 0.17 632
0 1 0.17 633
0 1 0.17 634
0 1 0.17 635
0 1 0.17 636
0 1 0.17 637
0 1 0.17 638
0 1 0.17 639
0 1 0.17 640
0 1 0.17 641
0 1 0.17 642
0 1 0.17 643
0 1 0.17 644
0 1 0.17 645
0 1 0.17 646
0 1 0.17 647
0 1 0.17 648
0 1 0.17 649
0 1 0.17 650
0 1 0.17 651
0 1 0.17 652
0 1 0.17 653
0 1 0.17 654
0 1 0.17 655
0 1 0.17 656
0 1 0.17 657
0 1 0.17 658
0 1 0.17 659
0 1 0.17 660
0 1 0.17 661
0 1 0.17 662
0 1 0.17 663
0 1 0.17 664
0 1 0.17 665
0 1 0.17 666
0 1 0.17 667
0 1 0.18 668
0 1 0.17 669
0 1 0.17 670
0 1 0.17 671
0 1 0.17 672
0 1 0.18 673
0 1 0.18 674
0 1 0.17 675
0 1 0.18 676
0 1 0.18 677
0 1 0.18 678
0 1 0.18 679
0 1 0.18 680
0 1 0.18 681
0 1 0.18 682
0 1 0.18 683
0 1 0.18 684
0 1 0.18 685
0 1 0.17 686
0 1 0.18 687
0 1 0.18 688
0 1 0.18 689
0 1 0.18 690
0 1 0.18 691
0 1 0.18 692
0 1 0.18 693
0 1 0.18 694
0 1 0.18 695
0 1 0.18 696
0 1 0.18 697
0 1 0.18 698
0 1 0.18 699
0 1 0.18 700
0 1 0.18 701
0 1 0.18 702
0 1 0.18 703
0 1 0.18 704
0 1 0.18 705
0 1 0.18 706
0 1 0.18 707
0 1 0.18 708
0 1 0.17 709
0 1 0.18 710
0 1 0.18 711
0 1 0.18 712
0 1 0.18 713
0 1 0.18 714
0 1 0.17 715
0 1 0.17 716
0 1 0.17 717
0 1 0.17 718
0 1 0.17 719
0 1 0.17 720
0 1 0.17 721
0 1 0.17 722
0 1 0.17 723
0 1 0.17 724
0 1 0.18 725
0 1 0.17 726
0 1 0.17 727
0 1 0.17 728
0 1 0.17 729
0 1 0.17 730
0 1 0.17 731
0 1 0.17 732
0 1 0.17 733
0 1 0.17 734
0 1 0.17 735
0 1 0.17 736
0 1 0.17 737
0 1 0.17 738
0 1 0.17 739
0 1 0.17 740
0 1 0.17 741
0 1 0.17 742
0 1 0.17 743
0 1 0.17 744
0 1 0.17 745
0 1 0.17 746
0 1 0.17 747
0 1 0.17 748
0 1 0.17 749
0 1 0.17 750
0 1 0.17 751
0 1 0.17 752
0 1 0.17 753
0 1 0.17 754
0 1 0.17 755
0 1 0.17 756
0 1 0.17 757
0 1 0.17 758
0 1 0.17 759
0 1 0.17 760
0 1 0.17 761
0 1 0.17 762
0 1 0.17 763
0 1 0.17 764
0 1 0.17 765
0 1 0.17 766
0 1 0.17 767
0 1 0.17 768
0 1 0.17 769
0 1 0.17 770
0 1 0.17 771
0 1 0.17 772
0 1 0.17 773
0 1 0.17 774
0 1 0.17 775
0 1 0.17 776
0 1 0.17 777
0 1 0.17 778
0 1 0.17 779
0 1 0.17 780
0 1 0.17 781
0 1 0.18 782
0 1 0.17 783
0 1 0.17 784
0 1 0.17 785
0 1 0.17 786
0 1 0.17 787
0 1 0.17 788
0 1 0.17 789
0 1 0.17 790
0 1 0.17 791
0 1 0.17 792
0 1 0.17 793
0 1 0.18 794
0 1 0.17 795
0 1 0.17 796
0 1 0.18 797
0 1 0.18 798
0 1 0.18 799
0 1 0.17 800
0 1 0.17 801
0 1 0.17 802
0 1 0.17 803
0 1 0.18 804
0 1 0.18 805
0 1 0.17 806
0 1 0.18 807
0 1 0.18 808
0 1 0.18 809
0 1 0.18 810
0 1 0.18 811
0 1 0.18 812
0 1 0.18 813
0 1 0.18 814
0 1 0.18 815
0 1 0.18 816
0 1 0.18 817
0 1 0.17 818
0 1 0.17 819
0 1 0.17 820
0 1 0.17 821
0 1 0.17 822
0 1 0.17 823
0 1 0.17 824
0 1 0.17 825
0 1 0.17 826
0 1 0.17 827
0 1 0.17 828
0 1 0.17 829
0 1 0.17 830
0 1 0.17 831
0 1 0.17 832
0 1 0.17 833
0 1 0.18 834
0 1 0.17 835
0 1 0.17 836
0 1 0.17 837
0 1 0.17 838
0 1 0.17 839
0 1 0.17 840
0 1 0.17 841
0 1 0.17 842
0 1 0.17 843
0 1 0.17 844
0 1 0.17 845
0 1 0.17 846
0 1 0.17 847
0 1 0.17 848
0 1 0.17 849
0 1 0.17 850
0 1 0.17 851
0 1 0.17 852
0 1 0.17 853
0 1 0.17 854
0 1 0.17 855
0 1 0.17 856
0 1 0.17 857
0 1 0.17 858
0 1 0.17 859
0 1 0.17 860
0 1 0.17 861
0 1 0.17 862
0 1 0.17 863
0 1 0.17 864
0 1 0.17 865
0 1 0.17 866
0 1 0.17 867
0 1 0.17 868
0 1 0.17 869
0 1 0.17 870
0 1 0.17 871
0 1 0.17 872
0 1 0.17 873
0 1 0.18 874
0 1 0.17 875
0 1 0.17 876
0 1 0.17 877
0 1 0.17 878
0 1 0.18 879
0 1 0.17 880
0 1 0.17 881
0 1 0.17 882
0 1 0.18 883
0 1 0.18 884
0 1 0.18 885
0 1 0.17 886
0 1 0.17 887
0 1 0.17 888
0 1 0.18 889
0 1 0.18 890
0 1 0.18 891
0 1 0.17 892
0 1 0.18 893
0 1 0.18 894
0 1 0.18 895
0 1 0.18 896
0 1 0.18 897
0 1 0.18 898
0 1 0.18 899
0 1 0.18 900
0 1 0.18 901
0 1 0.18 902
0 1 0.18 903
0 1 0.18 904
0 1 0.18 905
0 1 0.18 906
0 1 0.18 907
0 1 0.18 908
0 1 0.18 909
0 1 0.18 910
0 1 0.18 911
0 1 0.18 912
0 1 0.18 913
0 1 0.18 914
0 1 0.18 915
0 1 0.18 916
0 1 0.18 917
0 1 0.18 918
0 1 0.18 919
0 1 0.18 920
0 1 0.18 921
0 1 0.18 922
0 1 0.18 923
0 1 0.18 924
0 1 0.18 925
0 1 0.18 926
0 1 0.18 927
0 1 0.18 928
0 1 0.18 929
0 1 0.18 930
0 1 0.18 931
0 1 0.18 932
0 1 0.18 933
0 1 0.18 934
0 1 0.18 935
0 1 0.18 936
0 1 0.18 937
0 1 0.18 938
0 1 0.18 939
0 1 0.18 940
0 1 0.18 941
0 1 0.18 942
0 1 0.18 943
0 1 0.18 944
0 1 0.18 945
0 1 0.18 946
0 1 0.18 947
0 1 0.18 948
0 1 0.18 949
0 1 0.18 950
0 1 0.18 951
0 1 0.18 952
0 1 0.18 953
0 1 0.1