2 2 2.00 1
0 2 1.00 2
0 2 0.67 3
0 2 0.75 4
0 2 0.60 5
0 2 0.50 6
0 2 0.43 7
0 2 0.38 8
0 2 0.33 9
0 2 0.40 10
0 2 0.36 11
0 2 0.33 12
0 2 0.31 13
0 2 0.29 14
0 2 0.27 15
0 2 0.31 16
0 2 0.29 17
0 2 0.28 18
0 2 0.26 19
0 2 0.25 20
0 2 0.29 21
0 2 0.27 22
0 2 0.26 23
0 2 0.29 24
0 2 0.32 25
0 2 0.31 26
0 2 0.30 27
0 2 0.32 28
0 2 0.31 29
0 2 0.30 30
0 2 0.32 31
0 2 0.31 32
0 2 0.33 33
0 2 0.32 34
0 2 0.31 35
0 2 0.31 36
0 2 0.32 37
0 2 0.32 38
0 2 0.31 39
0 2 0.30 40
0 2 0.29 41
0 2 0.29 42
0 2 0.30 43
0 2 0.30 44
0 2 0.31 45
0 2 0.30 46
0 2 0.30 47
0 2 0.29 48
0 2 0.29 49
0 2 0.28 50
0 2 0.27 51
0 2 0.27 52
0 2 0.28 53
0 2 0.28 54
0 2 0.27 55
0 2 0.27 56
0 2 0.26 57
0 2 0.26 58
0 2 0.25 59
0 2 0.25 60
0 2 0.26 61
0 2 0.27 62
0 2 0.27 63
0 2 0.27 64
0 2 0.28 65
0 2 0.29 66
0 2 0.28 67
0 2 0.28 68
0 2 0.28 69
0 2 0.29 70
0 2 0.28 71
0 2 0.28 72
0 2 0.27 73
0 2 0.28 74
0 2 0.28 75
0 2 0.28 76
0 2 0.27 77
0 2 0.27 78
0 2 0.27 79
0 2 0.26 80
0 2 0.26 81
0 2 0.27 82
0 2 0.27 83
0 2 0.27 84
0 2 0.27 85
0 2 0.27 86
0 2 0.28 87
0 2 0.27 88
0 2 0.27 89
0 2 0.28 90
0 2 0.27 91
0 2 0.27 92
0 2 0.28 93
0 2 0.28 94
0 2 0.27 95
0 2 0.27 96
0 2 0.27 97
0 2 0.28 98
0 2 0.27 99
0 2 0.27 100
0 2 0.28 101
0 2 0.27 102
0 2 0.27 103
0 2 0.27 104
0 2 0.28 105
0 2 0.27 106
0 2 0.27 107
0 2 0.28 108
0 2 0.28 109
0 2 0.28 110
0 2 0.29 111
0 2 0.29 112
0 2 0.28 113
0 2 0.28 114
0 2 0.29 115
0 2 0.28 116
0 2 0.28 117
0 2 0.28 118
0 2 0.29 119
0 2 0.28 120
0 2 0.28 121
0 2 0.28 122
0 2 0.28 123
0 2 0.28 124
0 2 0.28 125
0 2 0.28 126
0 2 0.28 127
0 2 0.28 128
0 2 0.28 129
0 2 0.28 130
0 2 0.27 131
0 2 0.27 132
0 2 0.27 133
0 2 0.27 134
0 2 0.27 135
0 2 0.27 136
0 2 0.27 137
0 2 0.27 138
0 2 0.27 139
0 2 0.26 140
0 2 0.27 141
0 2 0.27 142
0 2 0.27 143
0 2 0.27 144
0 2 0.27 145
0 2 0.27 146
0 2 0.27 147
0 2 0.27 148
0 2 0.27 149
0 2 0.27 150
0 2 0.27 151
0 2 0.27 152
0 2 0.27 153
0 2 0.27 154
0 2 0.26 155
0 2 0.26 156
0 2 0.27 157
0 2 0.27 158
0 2 0.27 159
0 2 0.27 160
0 2 0.27 161
0 2 0.27 162
0 2 0.27 163
0 2 0.27 164
0 2 0.27 165
0 2 0.27 166
0 2 0.27 167
0 2 0.27 168
0 2 0.27 169
0 2 0.26 170
0 2 0.26 171
0 2 0.26 172
0 2 0.26 173
0 2 0.26 174
0 2 0.26 175
0 2 0.26 176
0 2 0.25 177
0 2 0.25 178
0 2 0.25 179
0 2 0.25 180
0 2 0.25 181
0 2 0.25 182
0 2 0.25 183
0 2 0.25 184
0 2 0.25 185
0 2 0.25 186
0 2 0.26 187
0 2 0.26 188
0 2 0.25 189
0 2 0.26 190
0 2 0.26 191
0 2 0.26 192
0 2 0.25 193
0 2 0.25 194
0 2 0.26 195
0 2 0.26 196
0 2 0.26 197
0 2 0.26 198
0 2 0.26 199
0 2 0.26 200
0 2 0.26 201
0 2 0.26 202
0 2 0.26 203
0 2 0.25 204
0 2 0.26 205
0 2 0.26 206
0 2 0.26 207
0 2 0.26 208
0 2 0.26 209
0 2 0.26 210
0 2 0.26 211
0 2 0.26 212
0 2 0.26 213
0 2 0.26 214
0 2 0.26 215
0 2 0.26 216
0 2 0.26 217
0 2 0.26 218
0 2 0.26 219
0 2 0.26 220
0 2 0.26 221
0 2 0.26 222
0 2 0.26 223
0 2 0.26 224
0 2 0.26 225
0 2 0.27 226
0 2 0.26 227
0 2 0.26 228
0 2 0.26 229
0 2 0.26 230
0 2 0.26 231
0 2 0.26 232
0 2 0.26 233
0 2 0.26 234
0 2 0.26 235
0 2 0.26 236
0 2 0.26 237
0 2 0.26 238
0 2 0.26 239
0 2 0.26 240
0 2 0.26 241
0 2 0.26 242
0 2 0.26 243
0 2 0.26 244
0 2 0.26 245
0 2 0.26 246
0 2 0.26 247
0 2 0.26 248
0 2 0.26 249
0 2 0.26 250
0 2 0.26 251
0 2 0.26 252
0 2 0.26 253
0 2 0.26 254
0 2 0.26 255
0 2 0.26 256
0 2 0.26 257
0 2 0.26 258
0 2 0.26 259
0 2 0.26 260
0 2 0.26 261
0 2 0.26 262
0 2 0.26 263
0 2 0.26 264
0 2 0.26 265
0 2 0.26 266
0 2 0.26 267
0 2 0.26 268
0 2 0.26 269
0 2 0.26 270
0 2 0.26 271
0 2 0.26 272
0 2 0.26 273
0 2 0.27 274
0 2 0.27 275
0 2 0.26 276
0 2 0.26 277
0 2 0.27 278
0 2 0.27 279
0 2 0.26 280
0 2 0.27 281
0 2 0.27 282
0 2 0.27 283
0 2 0.27 284
0 2 0.27 285
0 2 0.27 286
0 2 0.27 287
0 2 0.27 288
0 2 0.27 289
0 2 0.27 290
0 2 0.27 291
0 2 0.27 292
0 2 0.27 293
0 2 0.27 294
0 2 0.27 295
0 2 0.27 296
0 2 0.27 297
0 2 0.27 298
0 2 0.27 299
0 2 0.27 300
0 2 0.27 301
0 2 0.27 302
0 2 0.27 303
0 2 0.27 304
0 2 0.27 305
0 2 0.27 306
0 2 0.27 307
0 2 0.27 308
0 2 0.27 309
0 2 0.27 310
0 2 0.27 311
0 2 0.27 312
0 2 0.27 313
0 2 0.27 314
0 2 0.27 315
0 2 0.28 316
0 2 0.28 317
0 2 0.28 318
0 2 0.28 319
0 2 0.28 320
0 2 0.28 321
0 2 0.28 322
0 2 0.28 323
0 2 0.28 324
0 2 0.28 325
0 2 0.28 326
0 2 0.28 327
0 2 0.28 328
0 2 0.28 329
0 2 0.28 330
0 2 0.28 331
0 2 0.28 332
0 2 0.28 333
0 2 0.28 334
0 2 0.28 335
0 2 0.28 336
0 2 0.28 337
0 2 0.28 338
0 2 0.28 339
0 2 0.28 340
0 2 0.28 341
0 2 0.28 342
0 2 0.28 343
0 2 0.28 344
0 2 0.28 345
0 2 0.28 346
0 2 0.28 347
0 2 0.28 348
0 2 0.28 349
0 2 0.28 350
0 2 0.28 351
0 2 0.28 352
0 2 0.28 353
0 2 0.28 354
0 2 0.28 355
0 2 0.28 356
0 2 0.28 357
0 2 0.28 358
0 2 0.28 359
0 2 0.28 360
0 2 0.28 361
0 2 0.28 362
0 2 0.28 363
0 2 0.28 364
0 2 0.28 365
0 2 0.28 366
0 2 0.28 367
0 2 0.28 368
0 2 0.28 369
0 2 0.28 370
0 2 0.28 371
0 2 0.28 372
0 2 0.28 373
0 2 0.28 374
0 2 0.28 375
0 2 0.28 376
0 2 0.28 377
0 2 0.28 378
0 2 0.28 379
0 2 0.28 380
0 2 0.28 381
0 2 0.28 382
0 2 0.28 383
0 2 0.28 384
0 2 0.29 385
0 2 0.28 386
0 2 0.28 387
0 2 0.28 388
0 2 0.29 389
0 2 0.29 390
0 2 0.29 391
0 2 0.29 392
0 2 0.28 393
0 2 0.29 394
0 2 0.29 395
0 2 0.29 396
0 2 0.29 397
0 2 0.29 398
0 2 0.29 399
0 2 0.29 400
0 2 0.29 401
0 2 0.29 402
0 2 0.29 403
0 2 0.29 404
0 2 0.29 405
0 2 0.29 406
0 2 0.29 407
0 2 0.29 408
0 2 0.29 409
0 2 0.29 410
0 2 0.29 411
0 2 0.29 412
0 2 0.29 413
0 2 0.29 414
0 2 0.29 415
0 2 0.29 416
0 2 0.29 417
0 2 0.29 418
0 2 0.29 419
0 2 0.29 420
0 2 0.29 421
0 2 0.29 422
0 2 0.29 423
0 2 0.29 424
0 2 0.29 425
0 2 0.29 426
0 2 0.29 427
0 2 0.29 428
0 2 0.29 429
0 2 0.29 430
0 2 0.29 431
0 2 0.29 432
0 2 0.29 433
0 2 0.29 434
0 2 0.29 435
0 2 0.29 436
0 2 0.29 437
0 2 0.29 438
0 2 0.29 439
0 2 0.29 440
0 2 0.29 441
0 2 0.29 442
0 2 0.29 443
0 2 0.29 444
0 2 0.29 445
0 2 0.29 446
0 2 0.29 447
0 2 0.29 448
0 2 0.29 449
0 2 0.29 450
0 2 0.29 451
0 2 0.29 452
0 2 0.29 453
0 2 0.29 454
0 2 0.29 455
0 2 0.29 456
0 2 0.28 457
0 2 0.28 458
0 2 0.28 459
0 2 0.28 460
0 2 0.28 461
0 2 0.28 462
0 2 0.29 463
0 2 0.29 464
0 2 0.29 465
0 2 0.29 466
0 2 0.29 467
0 2 0.29 468
0 2 0.29 469
0 2 0.29 470
0 2 0.29 471
0 10 0.31 472
0 10 0.31 473
0 10 0.31 474
0 10 0.31 475
0 10 0.31 476
0 10 0.31 477
0 10 0.31 478
0 10 0.31 479
0 10 0.31 480
0 10 0.31 481
0 10 0.31 482
0 10 0.31 483
0 10 0.31 484
0 10 0.31 485
0 10 0.31 486
0 10 0.31 487
0 10 0.31 488
0 10 0.31 489
0 10 0.31 490
0 10 0.31 491
0 10 0.31 492
0 10 0.31 493
0 10 0.31 494
0 10 0.31 495
0 10 0.31 496
0 10 0.31 497
0 10 0.31 498
0 10 0.31 499
0 10 0.31 500
0 10 0.31 501
0 10 0.31 502
0 10 0.31 503
0 10 0.31 504
0 10 0.31 505
0 10 0.31 506
0 10 0.31 507
0 10 0.31 508
0 10 0.31 509
0 10 0.31 510
0 10 0.31 511
0 10 0.31 512
0 10 0.31 513
0 10 0.31 514
0 10 0.31 515
0 10 0.31 516
0 10 0.31 517
0 10 0.31 518
0 10 0.31 519
0 10 0.31 520
0 10 0.31 521
0 10 0.31 522
0 10 0.31 523
0 10 0.31 524
0 10 0.31 525
0 10 0.31 526
0 10 0.31 527
0 10 0.30 528
0 10 0.30 529
0 10 0.30 530
0 10 0.31 531
0 10 0.30 532
0 10 0.30 533
0 10 0.31 534
0 10 0.30 535
0 10 0.31 536
0 10 0.31 537
0 10 0.30 538
0 10 0.30 539
0 10 0.31 540
0 10 0.30 541
0 10 0.30 542
0 10 0.31 543
0 10 0.31 544
0 10 0.31 545
0 10 0.31 546
0 10 0.31 547
0 10 0.31 548
0 10 0.31 549
0 10 0.31 550
0 10 0.31 551
0 10 0.31 552
0 10 0.31 553
0 10 0.31 554
0 10 0.31 555
0 10 0.31 556
0 10 0.31 557
0 10 0.31 558
0 10 0.31 559
0 10 0.31 560
0 10 0.31 561
0 10 0.31 562
0 10 0.31 563
0 10 0.31 564
0 10 0.31 565
0 10 0.31 566
0 10 0.31 567
0 10 0.31 568
0 10 0.31 569
0 10 0.31 570
0 10 0.31 571
0 10 0.31 572
0 10 0.31 573
0 10 0.31 574
0 10 0.31 575
0 10 0.31 576
0 10 0.31 577
0 10 0.31 578
0 10 0.31 579
0 10 0.31 580
0 10 0.31 581
0 10 0.31 582
0 10 0.31 583
0 10 0.31 584
0 10 0.31 585
0 10 0.31 586
0 10 0.31 587
0 10 0.31 588
0 10 0.31 589
0 10 0.31 590
0 10 0.31 591
0 10 0.31 592
0 10 0.31 593
0 10 0.31 594
0 10 0.31 595
0 10 0.31 596
0 10 0.31 597
0 10 0.31 598
0 10 0.31 599
0 10 0.31 600
0 10 0.31 601
0 10 0.31 602
0 10 0.31 603
0 10 0.30 604
0 10 0.30 605
0 10 0.31 606
0 10 0.30 607
0 10 0.30 608
0 10 0.31 609
0 10 0.31 610
0 10 0.31 611
0 10 0.31 612
0 10 0.31 613
0 10 0.31 614
0 10 0.31 615
0 10 0.31 616
0 10 0.31 617
0 10 0.31 618
0 10 0.31 619
0 10 0.31 620
0 10 0.31 621
0 10 0.31 622
0 10 0.31 623
0 10 0.31 624
0 10 0.31 625
0 10 0.31 626
0 10 0.31 627
0 10 0.31 628
0 10 0.31 629
0 10 0.31 630
0 10 0.31 631
0 10 0.31 632
0 10 0.31 633
0 10 0.31 634
0 10 0.31 635
0 10 0.31 636
0 10 0.31 637
0 10 0.31 638
0 10 0.31 639
0 10 0.31 640
0 10 0.31 641
0 10 0.31 642
0 10 0.31 643
0 10 0.31 644
0 10 0.31 645
0 10 0.31 646
0 10 0.31 647
0 10 0.31 648
0 10 0.31 649
0 10 0.31 650
0 10 0.31 651
0 10 0.31 652
0 10 0.31 653
0 10 0.31 654
0 10 0.31 655
0 10 0.31 656
0 10 0.31 657
0 10 0.31 658
0 10 0.31 659
0 10 0.31 660
0 10 0.31 661
0 10 0.31 662
0 10 0.31 663
0 10 0.31 664
0 10 0.31 665
0 10 0.31 666
0 10 0.31 667
0 10 0.31 668
0 10 0.31 669
0 10 0.31 670
0 10 0.31 671
0 10 0.31 672
0 10 0.31 673
0 10 0.31 674
0 10 0.31 675
0 10 0.31 676
0 10 0.31 677
0 10 0.31 678
0 10 0.30 679
0 10 0.31 680
0 10 0.31 681
0 10 0.31 682
0 10 0.31 683
0 10 0.31 684
0 10 0.31 685
0 10 0.31 686
0 10 0.31 687
0 10 0.31 688
0 10 0.31 689
0 10 0.31 690
0 10 0.31 691
0 10 0.31 692
0 10 0.31 693
0 10 0.31 694
0 10 0.31 695
0 10 0.31 696
0 10 0.31 697
0 10 0.31 698
0 10 0.31 699
0 10 0.31 700
0 10 0.31 701
0 10 0.31 702
0 10 0.31 703
0 10 0.31 704
0 10 0.31 705
0 10 0.31 706
0 10 0.31 707
0 10 0.31 708
0 10 0.31 709
0 10 0.31 710
0 10 0.31 711
0 10 0.31 712
0 10 0.31 713
0 10 0.31 714
0 10 0.31 715
0 10 0.31 716
0 10 0.31 717
0 10 0.31 718
0 10 0.31 719
0 10 0.31 720
0 10 0.31 721
0 10 0.31 722
0 10 0.31 723
0 10 0.31 724
0 10 0.31 725
0 10 0.31 726
0 10 0.31 727
0 10 0.31 728
0 10 0.31 729
0 10 0.31 730
0 10 0.31 731
0 10 0.31 732
0 10 0.31 733
0 10 0.31 734
0 10 0.31 735
0 10 0.31 736
0 10 0.31 737
0 10 0.31 738
0 10 0.31 739
0 10 0.31 740
0 10 0.31 741
0 10 0.31 742
0 10 0.31 743
0 10 0.31 744
0 10 0.31 745
0 10 0.31 746
0 10 0.31 747
0 10 0.31 748
0 10 0.31 749
0 10 0.31 750
0 10 0.31 751
0 10 0.31 752
0 10 0.31 753
0 10 0.31 754
0 10 0.30 755
0 10 0.30 756
0 10 0.30 757
0 10 0.30 758
0 10 0.30 759
0 10 0.30 760
0 10 0.30 761
0 10 0.30 762
0 10 0.30 763
0 10 0.30 764
0 10 0.30 765
0 10 0.30 766
0 10 0.30 767
0 10 0.30 768
0 10 0.30 769
0 10 0.30 770
0 10 0.30 771
0 10 0.30 772
0 10 0.30 773
0 10 0.30 774
0 10 0.30 775
0 10 0.30 776
0 10 0.31 777
0 10 0.30 778
0 10 0.30 779
0 10 0.31 780
0 10 0.30 781
0 10 0.30 782
0 10 0.30 783
0 10 0.30 784
0 10 0.30 785
0 10 0.30 786
0 10 0.30 787
0 10 0.30 788
0 10 0.30 789
0 10 0.30 790
0 10 0.30 791
0 10 0.30 792
0 10 0.30 793
0 10 0.30 794
0 10 0.30 795
0 10 0.30 796
0 10 0.30 797
0 10 0.30 798
0 10 0.30 799
0 10 0.30 800
0 10 0.30 801
0 10 0.30 802
0 10 0.30 803
0 10 0.30 804
0 10 0.30 805
0 10 0.30 806
0 10 0.30 807
0 10 0.30 808
0 10 0.30 809
0 10 0.30 810
0 10 0.30 811
0 10 0.30 812
0 10 0.30 813
0 10 0.30 814
0 10 0.30 815
0 10 0.30 816
0 10 0.30 817
0 10 0.30 818
0 10 0.30 819
0 10 0.30 820
0 10 0.30 821
0 10 0.30 822
0 10 0.30 823
0 10 0.30 824
0 10 0.30 825
0 10 0.30 826
0 10 0.30 827
0 10 0.30 828
0 10 0.30 829
0 10 0.30 830
0 10 0.30 831
0 10 0.30 832
0 10 0.30 833
0 10 0.30 834
0 10 0.30 835
0 10 0.30 836
0 10 0.30 837
0 10 0.30 838
0 10 0.30 839
0 10 0.30 840
0 10 0.30 841
0 10 0.30 842
0 10 0.30 843
0 10 0.30 844
0 10 0.30 845
0 10 0.30 846
0 10 0.30 847
0 10 0.30 848
0 10 0.30 849
0 10 0.30 850
0 10 0.30 851
0 10 0.30 852
0 10 0.30 853
0 10 0.30 854
0 10 0.30 855
0 10 0.30 856
0 10 0.30 857
0 10 0.30 858
0 10 0.30 859
0 10 0.30 860
0 10 0.30 861
0 10 0.30 862
0 10 0.30 863
0 10 0.30 864
0 10 0.30 865
0 10 0.30 866
0 10 0.30 867
0 10 0.30 868
0 10 0.30 869
0 10 0.30 870
0 10 0.30 871
0 10 0.30 872
0 10 0.30 873
0 10 0.30 874
0 10 0.30 875
0 10 0.30 876
0 10 0.30 877
0 10 0.30 878
0 10 0.30 879
0 10 0.30 880
0 10 0.30 881
0 10 0.30 882
0 10 0.30 883
0 10 0.30 884
0 10 0.30 885
0 10 0.30 886
0 10 0.30 887
0 10 0.30 888
0 10 0.30 889
0 10 0.30 890
0 10 0.30 891
0 10 0.30 892
0 10 0.30 893
0 10 0.30 894
0 10 0.30 895
0 10 0.30 896
0 10 0.30 897
0 10 0.30 898
0 10 0.30 899
0 10 0.30 900
0 10 0.30 901
0 10 0.30 902
0 10 0.30 903
0 10 0.30 904
0 10 0.30 905
0 10 0.30 906
0 10 0.30 907
0 10 0.30 908
0 10 0.30 909
0 10 0.30 910
0 10 0.30 911
0 10 0.30 912
0 10 0.30 913
0 10 0.30 914
0 10 0.30 915
0 10 0.30 916
0 10 0.30 917
0 10 0.30 918
0 10 0.30 919
0