0 0 0.00 1
0 0 0.00 2
0 1 0.33 3
0 1 0.25 4
0 1 0.20 5
0 1 0.17 6
0 1 0.29 7
0 1 0.25 8
0 1 0.22 9
0 1 0.30 10
0 1 0.27 11
0 1 0.25 12
0 1 0.23 13
0 1 0.21 14
0 1 0.20 15
0 1 0.19 16
0 1 0.24 17
0 1 0.22 18
0 1 0.21 19
0 1 0.25 20
0 1 0.24 21
0 1 0.23 22
0 1 0.26 23
0 1 0.25 24
0 1 0.24 25
0 1 0.27 26
0 1 0.26 27
0 1 0.25 28
0 1 0.24 29
0 1 0.27 30
0 1 0.26 31
0 1 0.25 32
0 1 0.27 33
0 1 0.26 34
0 1 0.26 35
0 1 0.25 36
0 1 0.24 37
0 1 0.24 38
0 1 0.23 39
0 1 0.25 40
0 1 0.24 41
0 1 0.24 42
0 1 0.23 43
0 1 0.25 44
0 1 0.24 45
0 1 0.24 46
0 1 0.23 47
0 1 0.23 48
0 1 0.22 49
0 1 0.22 50
0 1 0.22 51
0 1 0.21 52
0 1 0.21 53
0 1 0.20 54
0 1 0.20 55
0 1 0.21 56
0 1 0.21 57
0 1 0.21 58
0 1 0.22 59
0 1 0.22 60
0 1 0.21 61
0 1 0.23 62
0 1 0.22 63
0 1 0.22 64
0 1 0.23 65
0 1 0.23 66
0 1 0.22 67
0 1 0.22 68
0 1 0.22 69
0 1 0.21 70
0 1 0.23 71
0 1 0.22 72
0 1 0.22 73
0 1 0.22 74
0 1 0.23 75
0 1 0.22 76
0 1 0.22 77
0 1 0.22 78
0 1 0.22 79
0 1 0.21 80
0 1 0.21 81
0 1 0.22 82
0 1 0.22 83
0 1 0.21 84
0 1 0.22 85
0 1 0.22 86
0 1 0.22 87
0 1 0.23 88
0 1 0.22 89
0 1 0.22 90
0 1 0.23 91
0 1 0.23 92
0 1 0.23 93
0 1 0.23 94
0 1 0.23 95
0 1 0.23 96
0 1 0.24 97
0 1 0.23 98
0 1 0.23 99
0 1 0.24 100
0 1 0.24 101
0 1 0.24 102
0 1 0.23 103
0 1 0.24 104
0 1 0.24 105
0 1 0.24 106
0 1 0.23 107
0 1 0.24 108
0 1 0.24 109
0 1 0.24 110
0 1 0.24 111
0 1 0.24 112
0 1 0.24 113
0 1 0.24 114
0 1 0.23 115
0 1 0.23 116
0 1 0.23 117
0 1 0.23 118
0 1 0.23 119
0 1 0.23 120
0 1 0.22 121
0 1 0.22 122
0 1 0.23 123
0 1 0.23 124
0 1 0.22 125
0 1 0.23 126
0 1 0.23 127
0 1 0.23 128
0 1 0.22 129
0 1 0.22 130
0 1 0.22 131
0 1 0.23 132
0 1 0.23 133
0 1 0.22 134
0 1 0.22 135
0 1 0.22 136
0 1 0.23 137
0 1 0.22 138
0 1 0.22 139
0 1 0.22 140
0 1 0.22 141
0 1 0.23 142
0 1 0.22 143
0 1 0.22 144
0 1 0.22 145
0 1 0.22 146
0 1 0.22 147
0 1 0.22 148
0 1 0.21 149
0 1 0.21 150
0 1 0.21 151
0 1 0.22 152
0 1 0.22 153
0 1 0.21 154
0 1 0.21 155
0 1 0.22 156
0 1 0.22 157
0 1 0.22 158
0 1 0.22 159
0 1 0.22 160
0 1 0.22 161
0 1 0.22 162
0 1 0.22 163
0 1 0.22 164
0 1 0.22 165
0 1 0.22 166
0 1 0.22 167
0 1 0.21 168
0 1 0.22 169
0 1 0.22 170
0 1 0.22 171
0 1 0.22 172
0 1 0.21 173
0 1 0.21 174
0 1 0.21 175
0 1 0.21 176
0 1 0.21 177
0 1 0.21 178
0 1 0.21 179
0 1 0.21 180
0 1 0.20 181
0 1 0.20 182
0 1 0.21 183
0 1 0.21 184
0 1 0.21 185
0 1 0.20 186
0 1 0.20 187
0 1 0.20 188
0 1 0.20 189
0 1 0.20 190
0 1 0.20 191
0 1 0.20 192
0 1 0.20 193
0 1 0.20 194
0 1 0.21 195
0 1 0.20 196
0 1 0.20 197
0 1 0.20 198
0 1 0.20 199
0 1 0.20 200
0 1 0.20 201
0 1 0.20 202
0 1 0.20 203
0 1 0.20 204
0 1 0.20 205
0 1 0.20 206
0 1 0.20 207
0 1 0.20 208
0 1 0.20 209
0 1 0.20 210
0 1 0.20 211
0 1 0.20 212
0 1 0.20 213
0 1 0.20 214
0 1 0.20 215
0 1 0.20 216
0 1 0.20 217
0 1 0.20 218
0 1 0.20 219
0 1 0.20 220
0 1 0.20 221
0 1 0.20 222
0 1 0.20 223
0 1 0.20 224
0 1 0.20 225
0 1 0.20 226
0 1 0.20 227
0 1 0.20 228
0 1 0.20 229
0 1 0.20 230
0 1 0.20 231
0 1 0.20 232
0 1 0.20 233
0 1 0.20 234
0 1 0.20 235
0 1 0.20 236
0 1 0.20 237
0 1 0.20 238
0 1 0.20 239
0 1 0.20 240
0 1 0.20 241
0 1 0.20 242
0 1 0.20 243
0 1 0.20 244
0 1 0.20 245
0 1 0.20 246
0 1 0.20 247
0 1 0.20 248
0 1 0.20 249
0 1 0.20 250
0 1 0.20 251
0 1 0.20 252
0 1 0.20 253
0 1 0.20 254
0 1 0.20 255
0 1 0.20 256
0 1 0.20 257
0 1 0.20 258
0 1 0.20 259
0 1 0.20 260
0 1 0.20 261
0 1 0.20 262
0 1 0.20 263
0 1 0.20 264
0 1 0.20 265
0 1 0.20 266
0 1 0.20 267
0 1 0.20 268
0 1 0.20 269
0 1 0.20 270
0 1 0.20 271
0 1 0.20 272
0 1 0.20 273
0 1 0.20 274
0 1 0.20 275
0 1 0.20 276
0 1 0.19 277
0 1 0.19 278
0 1 0.20 279
0 1 0.20 280
0 1 0.20 281
0 1 0.20 282
0 1 0.19 283
0 1 0.19 284
0 1 0.19 285
0 1 0.20 286
0 1 0.20 287
0 1 0.19 288
0 1 0.20 289
0 1 0.20 290
0 1 0.20 291
0 1 0.20 292
0 1 0.20 293
0 1 0.20 294
0 1 0.20 295
0 1 0.20 296
0 1 0.20 297
0 1 0.20 298
0 1 0.20 299
0 1 0.20 300
0 1 0.20 301
0 1 0.20 302
0 1 0.20 303
0 1 0.20 304
0 1 0.20 305
0 1 0.20 306
0 1 0.20 307
0 1 0.20 308
0 1 0.20 309
0 1 0.20 310
0 1 0.20 311
0 1 0.20 312
0 1 0.19 313
0 1 0.19 314
0 1 0.19 315
0 1 0.19 316
0 1 0.19 317
0 1 0.19 318
0 1 0.19 319
0 1 0.19 320
0 1 0.20 321
0 1 0.20 322
0 1 0.20 323
0 1 0.19 324
0 1 0.19 325
0 1 0.19 326
0 1 0.20 327
0 1 0.20 328
0 1 0.19 329
0 1 0.19 330
0 1 0.20 331
0 1 0.20 332
0 1 0.20 333
0 1 0.20 334
0 1 0.20 335
0 1 0.20 336
0 1 0.20 337
0 1 0.20 338
0 1 0.20 339
0 1 0.20 340
0 1 0.20 341
0 1 0.20 342
0 1 0.20 343
0 1 0.20 344
0 1 0.20 345
0 1 0.20 346
0 1 0.20 347
0 1 0.20 348
0 1 0.20 349
0 1 0.20 350
0 1 0.20 351
0 1 0.20 352
0 1 0.20 353
0 1 0.20 354
0 1 0.20 355
0 1 0.20 356
0 1 0.20 357
0 1 0.20 358
0 1 0.20 359
0 1 0.20 360
0 1 0.20 361
0 1 0.20 362
0 1 0.20 363
0 1 0.20 364
0 1 0.20 365
0 1 0.20 366
0 1 0.20 367
0 1 0.20 368
0 1 0.20 369
0 1 0.20 370
0 1 0.20 371
0 1 0.20 372
0 1 0.20 373
0 1 0.20 374
0 1 0.20 375
0 1 0.20 376
0 1 0.20 377
0 1 0.20 378
0 1 0.20 379
0 1 0.20 380
0 1 0.20 381
0 1 0.20 382
0 1 0.20 383
0 1 0.20 384
0 1 0.20 385
0 1 0.20 386
0 1 0.20 387
0 1 0.20 388
0 1 0.20 389
0 1 0.20 390
0 1 0.20 391
0 1 0.20 392
0 1 0.20 393
0 1 0.20 394
0 1 0.19 395
0 1 0.19 396
0 1 0.19 397
0 1 0.19 398
0 1 0.19 399
0 1 0.20 400
0 1 0.19 401
0 1 0.19 402
0 1 0.19 403
0 1 0.19 404
0 1 0.19 405
0 1 0.19 406
0 1 0.19 407
0 1 0.19 408
0 1 0.19 409
0 1 0.19 410
0 1 0.19 411
0 1 0.19 412
0 1 0.19 413
0 1 0.19 414
0 1 0.19 415
0 1 0.19 416
0 1 0.19 417
0 1 0.19 418
0 1 0.19 419
0 1 0.19 420
0 1 0.19 421
0 1 0.19 422
0 1 0.19 423
0 1 0.19 424
0 1 0.19 425
0 1 0.19 426
0 1 0.19 427
0 1 0.19 428
0 1 0.19 429
0 1 0.19 430
0 1 0.19 431
0 1 0.19 432
0 1 0.19 433
0 1 0.19 434
0 1 0.19 435
0 1 0.19 436
0 1 0.19 437
0 1 0.19 438
0 1 0.19 439
0 1 0.19 440
0 1 0.19 441
0 1 0.19 442
0 1 0.19 443
0 1 0.19 444
0 1 0.19 445
0 1 0.19 446
0 1 0.19 447
0 1 0.19 448
0 1 0.19 449
0 1 0.19 450
0 1 0.19 451
0 1 0.19 452
0 1 0.19 453
0 1 0.19 454
0 1 0.19 455
0 1 0.19 456
0 1 0.19 457
0 1 0.19 458
0 1 0.19 459
0 1 0.19 460
0 1 0.19 461
0 1 0.19 462
0 1 0.19 463
0 1 0.19 464
0 1 0.19 465
0 1 0.19 466
0 1 0.19 467
0 1 0.19 468
0 1 0.19 469
0 1 0.19 470
0 1 0.19 471
0 1 0.19 472
0 1 0.19 473
0 1 0.19 474
0 1 0.19 475
0 1 0.19 476
0 1 0.19 477
0 1 0.19 478
0 1 0.19 479
0 1 0.19 480
0 1 0.19 481
0 1 0.19 482
0 1 0.19 483
0 1 0.19 484
0 1 0.19 485
0 1 0.19 486
0 1 0.19 487
0 1 0.19 488
0 1 0.19 489
0 1 0.19 490
0 1 0.19 491
0 1 0.19 492
0 1 0.19 493
0 1 0.19 494
0 1 0.19 495
0 1 0.19 496
0 1 0.19 497
0 1 0.19 498
0 1 0.19 499
0 1 0.19 500
0 1 0.19 501
0 1 0.19 502
0 1 0.19 503
0 1 0.19 504
0 1 0.19 505
0 1 0.19 506
0 1 0.19 507
0 1 0.19 508
0 1 0.19 509
0 1 0.19 510
0 1 0.19 511
0 1 0.19 512
0 1 0.19 513
0 1 0.19 514
0 1 0.19 515
0 1 0.19 516
0 1 0.19 517
0 1 0.19 518
0 1 0.19 519
0 1 0.19 520
0 1 0.19 521
0 1 0.19 522
0 1 0.19 523
0 1 0.19 524
0 1 0.19 525
0 1 0.19 526
0 1 0.19 527
0 1 0.19 528
0 1 0.19 529
0 1 0.19 530
0 1 0.19 531
0 1 0.19 532
0 1 0.19 533
0 1 0.19 534
0 1 0.19 535
0 1 0.19 536
0 1 0.19 537
0 1 0.19 538
0 1 0.19 539
0 1 0.19 540
0 1 0.19 541
0 1 0.19 542
0 1 0.19 543
0 1 0.19 544
0 1 0.19 545
0 1 0.19 546
0 1 0.19 547
0 1 0.19 548
0 1 0.19 549
0 1 0.19 550
0 1 0.19 551
0 1 0.19 552
0 1 0.19 553
0 1 0.19 554
0 1 0.19 555
0 1 0.19 556
0 1 0.19 557
0 1 0.19 558
0 1 0.19 559
0 1 0.19 560
0 1 0.19 561
0 1 0.19 562
0 1 0.19 563
0 1 0.19 564
0 1 0.19 565
0 1 0.19 566
0 1 0.19 567
0 1 0.19 568
0 1 0.19 569
0 1 0.19 570
0 1 0.19 571
0 1 0.19 572
0 1 0.19 573
0 1 0.19 574
0 1 0.19 575
0 1 0.19 576
0 1 0.19 577
0 1 0.19 578
0 1 0.19 579
0 1 0.19 580
0 1 0.19 581
0 1 0.19 582
0 1 0.19 583
0 1 0.19 584
0 1 0.19 585
0 1 0.19 586
0 1 0.19 587
0 1 0.19 588
0 1 0.19 589
0 1 0.19 590
0 1 0.19 591
0 1 0.19 592
0 1 0.19 593
0 1 0.20 594
0 1 0.19 595
0 1 0.19 596
0 1 0.19 597
0 1 0.20 598
0 1 0.20 599
0 1 0.20 600
0 1 0.20 601
0 1 0.20 602
0 1 0.20 603
0 1 0.20 604
0 1 0.20 605
0 1 0.20 606
0 1 0.20 607
0 1 0.20 608
0 1 0.20 609
0 1 0.20 610
0 1 0.20 611
0 1 0.20 612
0 1 0.20 613
0 1 0.20 614
0 1 0.20 615
0 1 0.20 616
0 1 0.20 617
0 1 0.20 618
0 1 0.20 619
0 1 0.20 620
0 1 0.20 621
0 1 0.20 622
0 1 0.20 623
0 1 0.20 624
0 1 0.20 625
0 1 0.20 626
0 1 0.20 627
0 1 0.20 628
0 1 0.20 629
0 1 0.20 630
0 1 0.20 631
0 1 0.20 632
0 1 0.20 633
0 1 0.20 634
0 1 0.20 635
0 1 0.20 636
0 1 0.20 637
0 1 0.20 638
0 1 0.20 639
0 1 0.20 640
0 1 0.20 641
0 1 0.20 642
0 1 0.20 643
0 1 0.20 644
0 1 0.20 645
0 1 0.20 646
0 1 0.20 647
0 1 0.20 648
0 1 0.20 649
0 1 0.20 650
0 1 0.20 651
0 1 0.20 652
0 1 0.20 653
0 1 0.20 654
0 1 0.20 655
0 1 0.20 656
0 1 0.20 657
0 1 0.20 658
0 1 0.20 659
0 1 0.20 660
0 1 0.20 661
0 1 0.20 662
0 1 0.20 663
0 1 0.20 664
0 1 0.20 665
0 1 0.20 666
0 1 0.20 667
0 1 0.20 668
0 1 0.20 669
0 1 0.20 670
0 1 0.20 671
0 1 0.20 672
0 1 0.20 673
0 1 0.20 674
0 1 0.20 675
0 1 0.20 676
0 1 0.20 677
0 1 0.20 678
0 1 0.20 679
0 1 0.20 680
0 1 0.20 681
0 1 0.20 682
0 1 0.20 683
0 1 0.20 684
0 1 0.20 685
0 1 0.20 686
0 1 0.20 687
0 1 0.20 688
0 1 0.20 689
0 1 0.20 690
0 1 0.20 691
0 1 0.20 692
0 1 0.20 693
0 1 0.20 694
0 1 0.20 695
0 1 0.20 696
0 1 0.20 697
0 1 0.20 698
0 1 0.20 699
0 1 0.20 700
0 1 0.20 701
0 1 0.20 702
0 1 0.20 703
0 1 0.20 704
0 1 0.20 705
0 1 0.20 706
0 1 0.20 707
0 1 0.20 708
0 1 0.20 709
0 1 0.20 710
0 1 0.20 711
0 1 0.20 712
0 1 0.20 713
0 1 0.20 714
0 1 0.20 715
0 1 0.20 716
0 1 0.20 717
0 1 0.20 718
0 1 0.20 719
0 1 0.20 720
0 1 0.20 721
0 1 0.20 722
0 1 0.20 723
0 1 0.20 724
0 1 0.20 725
0 1 0.20 726
0 1 0.20 727
0 1 0.20 728
0 1 0.20 729
0 1 0.20 730
0 1 0.20 731
0 1 0.20 732
0 1 0.20 733
0 1 0.20 734
0 1 0.20 735
0 1 0.20 736
0 1 0.20 737
0 1 0.20 738
0 1 0.20 739
0 1 0.20 740
0 1 0.20 741
0 1 0.20 742
0 1 0.20 743
0 1 0.20 744
0 1 0.20 745
0 1 0.20 746
0 1 0.20 747
0 1 0.20 748
0 1 0.19 749
0 1 0.20 750
0 1 0.20 751
0 1 0.20 752
0 1 0.20 753
0 1 0.19 754
0 1 0.20 755
0 1 0.20 756
0 1 0.20 757
0 1 0.20 758
0 1 0.19 759
0 1 0.20 760
0 1 0.20 761
0 1 0.20 762
0 1 0.20 763
0 1 0.20 764
0 1 0.19 765
0 1 0.19 766
0 1 0.19 767
0 1 0.19 768
0 1 0.19 769
0 1 0.19 770
0 1 0.19 771
0 1 0.19 772
0 1 0.19 773
0 1 0.19 774
0 1 0.19 775
0 1 0.19 776
0 1 0.19 777
0 1 0.19 778
0 1 0.19 779
0 1 0.19 780
0 1 0.19 781
0 1 0.19 782
0 1 0.19 783
0 1 0.19 784
0 1 0.19 785
0 1 0.19 786
0 1 0.19 787
0 1 0.19 788
0 1 0.19 789
0 1 0.19 790
0 1 0.19 791
0 1 0.19 792
0 1 0.19 793
0 1 0.19 794
0 1 0.19 795
0 1 0.19 796
0 1 0.19 797
0 1 0.19 798
0 1 0.19 799
0 1 0.19 800
0 1 0.19 801
0 1 0.19 802
0 1 0.19 803
0 1 0.19 804
0 1 0.19 805
0 1 0.19 806
0 1 0.19 807
0 1 0.19 808
0 1 0.19 809
0 1 0.19 810
0 1 0.19 811
0 1 0.19 812
0 1 0.19 813
0 1 0.19 814
0 1 0.19 815
0 1 0.19 816
0 1 0.19 817
0 1 0.19 818
0 1 0.19 819
0 1 0.19 820
0 1 0.19 821
0 1 0.19 822
0 1 0.19 823
0 1 0.19 824
0 1 0.19 825
0 1 0.19 826
0 1 0.19 827
0 1 0.19 828
0 1 0.19 829
0 1 0.19 830
0 1 0.19 831
0 1 0.19 832
0 1 0.19 833
0 1 0.19 834
0 1 0.19 835
0 1 0.19 836
0 1 0.19 837
0 1 0.19 838
0 1 0.19 839
0 1 0.19 840
0 1 0.19 841
0 1 0.19 842
0 1 0.19 843
0 1 0.19 844
0 1 0.19 845
0 1 0.19 846
0 1 0.19 847
0 1 0.19 848
0 1 0.19 849
0 1 0.19 850
0 1 0.19 851
0 1 0.19 852
0 1 0.19 853
0 1 0.19 854
0 1 0.19 855
0 1 0.19 856
0 1 0.19 857
0 1 0.19 858
0 1 0.19 859
0 1 0.19 860
0 1 0.19 861
0 1 0.19 862
0 1 0.19 863
0 1 0.19 864
0 1 0.19 865
0 1 0.19 866
0 1 0.19 867
0 1 0.19 868
0 1 0.19 869
0 1 0.19 870
0 1 0.19 871
0 1 0.19 872
0 1 0.19 873
0 1 0.19 874
0 1 0.19 875
0 1 0.19 876
0 1 0.19 877
0 1 0.19 878
0 1 0.19 879
0 1 0.19 880
0 1 0.19 881
0 1 0.19 882
0 1 0.19 883
0 1 0.19 884
0 1 0.19 885
0 1 0.19 886
0 1 0.19 887
0 1 0.19 888
0 1 0.19 889
0 1 0.19 890
0 1 0.19 891
0 1 0.19 892
0 1 0.19 893
0 1 0.19 894
0 1 0.19 895
0 1 0.19 896
0 1 0.19 897
0 1 0.19 898
0 1 0.19 899
0 1 0.19 900
0 1 0.19 901
0 1 0.19 902
0 1 0.19 903
0 1 0.19 904
0 1 0.19 905
0 1 0.19 906
0 1 0.19 907
0 1 0.19 908
0 1 0.19 909
0 1 0.19 910
0 1 0.19 911
0 1 0.19 912
0 1 0.19 913
0 1 0.19 914
0 1 0.19 915
0 1 0.19 916
0 1 0.19 917
0 1 0.19 918
0 1 0.19 919
0 1 0.19 920
0 1 0.19 921
0 1 0.19 922
0 1 0.19 923
0 1 0.19 924
0 1 0.19 925
0 1 0.19 926
0 1 0.19 927
0 1 0.19 928
0 1 0.19 929
0 1 0.19 930
0 1 0.19 931
0 1 0.19 932
0 1 0.19 933
0 1 0.19 934
0 1 0.19 935
0 1 0.19 936
0 1 0.19 937
0 1 0.19 938
0 1 0.19 939
0 1 0.19 940
0 1 0.19 941
0 1 0.19 942
0 1 0.19 943
0 1 0.19 944
0 1 0.19 945
0 1 0.19 946
0 1 0.19 947
0 1 0.19 948
0 1 0.19 949
0 1 0.19 950
0 1 0.19 951
0 1 0.19 952
0 1 0.19 953
0 1 0.1