0 0 0.00 1
0 0 0.00 2
0 0 0.00 3
0 1 0.25 4
0 1 0.20 5
0 1 0.33 6
0 1 0.29 7
0 2 0.50 8
0 2 0.44 9
0 2 0.40 10
0 2 0.45 11
0 2 0.42 12
0 2 0.38 13
0 2 0.36 14
0 2 0.33 15
0 2 0.38 16
0 2 0.41 17
0 2 0.39 18
0 2 0.37 19
0 2 0.40 20
0 2 0.38 21
0 2 0.36 22
0 2 0.39 23
0 2 0.42 24
0 2 0.40 25
0 2 0.38 26
0 2 0.37 27
0 2 0.36 28
0 2 0.38 29
0 2 0.37 30
0 2 0.35 31
0 2 0.34 32
0 2 0.36 33
0 2 0.35 34
0 2 0.34 35
0 2 0.33 36
0 2 0.35 37
0 2 0.34 38
0 2 0.33 39
0 2 0.35 40
0 2 0.34 41
0 2 0.33 42
0 2 0.33 43
0 2 0.34 44
0 2 0.33 45
0 2 0.33 46
0 2 0.32 47
0 2 0.31 48
0 2 0.31 49
0 2 0.30 50
0 2 0.29 51
0 2 0.31 52
0 2 0.30 53
0 2 0.30 54
0 2 0.29 55
0 2 0.29 56
0 2 0.30 57
0 2 0.31 58
0 2 0.31 59
0 2 0.32 60
0 2 0.31 61
0 2 0.31 62
0 2 0.32 63
0 2 0.31 64
0 2 0.32 65
0 2 0.32 66
0 2 0.31 67
0 2 0.32 68
0 2 0.32 69
0 2 0.31 70
0 2 0.31 71
0 2 0.32 72
0 2 0.32 73
0 2 0.31 74
0 2 0.31 75
0 2 0.32 76
0 2 0.31 77
0 2 0.32 78
0 2 0.32 79
0 2 0.33 80
0 2 0.32 81
0 2 0.33 82
0 2 0.33 83
0 2 0.32 84
0 2 0.32 85
0 2 0.33 86
0 2 0.33 87
0 2 0.33 88
0 2 0.33 89
0 2 0.32 90
0 2 0.32 91
0 2 0.32 92
0 2 0.32 93
0 2 0.32 94
0 2 0.33 95
0 2 0.32 96
0 2 0.33 97
0 2 0.33 98
0 2 0.32 99
0 2 0.32 100
0 2 0.32 101
0 2 0.32 102
0 2 0.32 103
0 2 0.32 104
0 2 0.32 105
0 2 0.32 106
0 2 0.32 107
0 2 0.31 108
0 2 0.31 109
0 2 0.31 110
0 2 0.31 111
0 2 0.30 112
0 2 0.30 113
0 2 0.31 114
0 2 0.30 115
0 2 0.31 116
0 2 0.31 117
0 2 0.31 118
0 2 0.30 119
0 2 0.30 120
0 2 0.31 121
0 2 0.31 122
0 2 0.31 123
0 2 0.31 124
0 2 0.30 125
0 2 0.30 126
0 2 0.30 127
0 2 0.30 128
0 2 0.29 129
0 2 0.30 130
0 2 0.30 131
0 2 0.30 132
0 2 0.30 133
0 2 0.30 134
0 2 0.30 135
0 2 0.29 136
0 2 0.29 137
0 2 0.30 138
0 2 0.29 139
0 2 0.30 140
0 2 0.30 141
0 2 0.30 142
0 2 0.31 143
0 2 0.31 144
0 2 0.31 145
0 2 0.31 146
0 2 0.31 147
0 2 0.31 148
0 2 0.32 149
0 2 0.32 150
0 2 0.32 151
0 2 0.32 152
0 2 0.31 153
0 2 0.32 154
0 2 0.32 155
0 2 0.32 156
0 2 0.32 157
0 2 0.32 158
0 2 0.32 159
0 2 0.33 160
0 2 0.32 161
0 2 0.32 162
0 2 0.32 163
0 2 0.32 164
0 2 0.32 165
0 2 0.31 166
0 2 0.32 167
0 2 0.32 168
0 2 0.31 169
0 2 0.32 170
0 2 0.32 171
0 2 0.31 172
0 2 0.31 173
0 2 0.32 174
0 2 0.31 175
0 2 0.31 176
0 2 0.32 177
0 2 0.31 178
0 2 0.32 179
0 2 0.32 180
0 2 0.31 181
0 2 0.32 182
0 2 0.32 183
0 2 0.32 184
0 2 0.31 185
0 2 0.31 186
0 2 0.31 187
0 2 0.31 188
0 2 0.31 189
0 2 0.31 190
0 2 0.31 191
0 2 0.31 192
0 2 0.32 193
0 2 0.31 194
0 2 0.31 195
0 2 0.32 196
0 2 0.31 197
0 2 0.32 198
0 2 0.32 199
0 2 0.32 200
0 2 0.32 201
0 2 0.32 202
0 2 0.32 203
0 2 0.31 204
0 2 0.31 205
0 2 0.31 206
0 2 0.31 207
0 2 0.31 208
0 2 0.31 209
0 2 0.31 210
0 2 0.31 211
0 2 0.31 212
0 2 0.31 213
0 2 0.31 214
0 2 0.32 215
0 2 0.31 216
0 2 0.31 217
0 2 0.32 218
0 2 0.32 219
0 2 0.32 220
0 2 0.32 221
0 2 0.32 222
0 2 0.32 223
0 2 0.32 224
0 2 0.32 225
0 2 0.32 226
0 2 0.32 227
0 2 0.32 228
0 2 0.31 229
0 2 0.31 230
0 2 0.31 231
0 2 0.31 232
0 2 0.31 233
0 2 0.32 234
0 2 0.31 235
0 2 0.31 236
0 2 0.32 237
0 2 0.32 238
0 2 0.32 239
0 2 0.32 240
0 2 0.32 241
0 2 0.32 242
0 2 0.32 243
0 2 0.32 244
0 2 0.31 245
0 2 0.31 246
0 2 0.31 247
0 2 0.31 248
0 2 0.31 249
0 2 0.31 250
0 2 0.31 251
0 2 0.31 252
0 2 0.31 253
0 2 0.31 254
0 2 0.31 255
0 2 0.31 256
0 2 0.32 257
0 2 0.31 258
0 2 0.31 259
0 2 0.32 260
0 2 0.31 261
0 2 0.31 262
0 2 0.31 263
0 2 0.31 264
0 2 0.31 265
0 2 0.32 266
0 2 0.31 267
0 2 0.31 268
0 2 0.31 269
0 2 0.31 270
0 2 0.31 271
0 2 0.32 272
0 2 0.32 273
0 2 0.31 274
0 2 0.31 275
0 2 0.31 276
0 2 0.31 277
0 2 0.31 278
0 2 0.32 279
0 2 0.31 280
0 2 0.31 281
0 2 0.32 282
0 2 0.31 283
0 2 0.31 284
0 2 0.32 285
0 2 0.31 286
0 2 0.32 287
0 2 0.32 288
0 2 0.32 289
0 2 0.32 290
0 2 0.32 291
0 2 0.32 292
0 2 0.32 293
0 2 0.32 294
0 2 0.32 295
0 2 0.32 296
0 2 0.32 297
0 2 0.32 298
0 2 0.32 299
0 2 0.32 300
0 2 0.32 301
0 2 0.32 302
0 2 0.33 303
0 2 0.33 304
0 2 0.33 305
0 2 0.33 306
0 2 0.33 307
0 2 0.33 308
0 2 0.33 309
0 2 0.33 310
0 2 0.33 311
0 2 0.33 312
0 2 0.33 313
0 2 0.33 314
0 2 0.33 315
0 2 0.33 316
0 2 0.33 317
0 2 0.33 318
0 2 0.33 319
0 2 0.33 320
0 2 0.32 321
0 2 0.32 322
0 2 0.32 323
0 2 0.32 324
0 2 0.32 325
0 2 0.32 326
0 2 0.32 327
0 2 0.32 328
0 2 0.32 329
0 2 0.32 330
0 2 0.32 331
0 2 0.32 332
0 2 0.32 333
0 2 0.32 334
0 2 0.32 335
0 2 0.32 336
0 2 0.32 337
0 2 0.32 338
0 2 0.32 339
0 2 0.31 340
0 2 0.32 341
0 2 0.32 342
0 2 0.31 343
0 2 0.32 344
0 2 0.32 345
0 2 0.32 346
0 2 0.32 347
0 2 0.32 348
0 2 0.32 349
0 2 0.32 350
0 2 0.32 351
0 2 0.32 352
0 2 0.32 353
0 2 0.32 354
0 2 0.32 355
0 2 0.32 356
0 2 0.32 357
0 2 0.32 358
0 2 0.32 359
0 2 0.32 360
0 2 0.32 361
0 2 0.32 362
0 2 0.32 363
0 2 0.32 364
0 2 0.32 365
0 2 0.32 366
0 2 0.32 367
0 2 0.32 368
0 2 0.32 369
0 2 0.32 370
0 2 0.32 371
0 2 0.32 372
0 2 0.32 373
0 2 0.32 374
0 2 0.32 375
0 2 0.32 376
0 2 0.32 377
0 2 0.32 378
0 2 0.32 379
0 2 0.32 380
0 2 0.32 381
0 2 0.32 382
0 2 0.32 383
0 2 0.32 384
0 2 0.32 385
0 2 0.32 386
0 2 0.32 387
0 2 0.32 388
0 2 0.32 389
0 2 0.32 390
0 2 0.32 391
0 2 0.32 392
0 2 0.32 393
0 2 0.32 394
0 2 0.32 395
0 2 0.32 396
0 2 0.32 397
0 2 0.32 398
0 2 0.32 399
0 2 0.32 400
0 2 0.32 401
0 2 0.32 402
0 2 0.32 403
0 2 0.32 404
0 2 0.32 405
0 2 0.32 406
0 2 0.32 407
0 2 0.32 408
0 2 0.32 409
0 2 0.32 410
0 2 0.32 411
0 2 0.32 412
0 2 0.32 413
0 2 0.32 414
0 2 0.32 415
0 2 0.32 416
0 2 0.32 417
0 2 0.32 418
0 2 0.32 419
0 2 0.32 420
0 2 0.32 421
0 2 0.32 422
0 2 0.32 423
0 2 0.33 424
0 2 0.32 425
0 2 0.33 426
0 2 0.33 427
0 2 0.33 428
0 2 0.33 429
0 2 0.33 430
0 2 0.33 431
0 2 0.33 432
0 2 0.33 433
0 2 0.33 434
0 2 0.33 435
0 2 0.33 436
0 2 0.33 437
0 2 0.33 438
0 2 0.33 439
0 2 0.33 440
0 2 0.33 441
0 2 0.33 442
0 2 0.33 443
0 2 0.33 444
0 2 0.33 445
0 2 0.33 446
0 2 0.33 447
0 2 0.33 448
0 2 0.33 449
0 2 0.33 450
0 2 0.33 451
0 2 0.33 452
0 2 0.33 453
0 2 0.33 454
0 2 0.33 455
0 2 0.33 456
0 2 0.33 457
0 2 0.33 458
0 2 0.33 459
0 2 0.33 460
0 2 0.33 461
0 2 0.33 462
0 2 0.33 463
0 2 0.33 464
0 2 0.33 465
0 2 0.33 466
0 2 0.33 467
0 2 0.33 468
0 2 0.33 469
0 2 0.33 470
0 2 0.33 471
0 2 0.33 472
0 2 0.33 473
0 2 0.32 474
0 2 0.33 475
0 2 0.33 476
0 2 0.32 477
0 2 0.32 478
0 2 0.33 479
0 2 0.33 480
0 2 0.32 481
0 2 0.33 482
0 2 0.33 483
0 2 0.33 484
0 2 0.33 485
0 2 0.33 486
0 2 0.32 487
0 2 0.33 488
0 2 0.33 489
0 2 0.32 490
0 2 0.32 491
0 2 0.33 492
0 2 0.32 493
0 2 0.33 494
0 2 0.33 495
0 2 0.33 496
0 2 0.33 497
0 2 0.33 498
0 2 0.33 499
0 2 0.33 500
0 2 0.33 501
0 2 0.32 502
0 2 0.32 503
0 2 0.33 504
0 2 0.32 505
0 2 0.33 506
0 2 0.33 507
0 2 0.33 508
0 2 0.33 509
0 2 0.33 510
0 2 0.33 511
0 2 0.33 512
0 2 0.33 513
0 2 0.33 514
0 2 0.33 515
0 2 0.33 516
0 2 0.33 517
0 2 0.33 518
0 2 0.33 519
0 2 0.33 520
0 2 0.33 521
0 2 0.33 522
0 2 0.33 523
0 2 0.33 524
0 2 0.33 525
0 2 0.33 526
0 2 0.33 527
0 2 0.33 528
0 2 0.33 529
0 2 0.33 530
0 2 0.33 531
0 2 0.33 532
0 2 0.33 533
0 2 0.33 534
0 2 0.33 535
0 2 0.33 536
0 2 0.33 537
0 2 0.33 538
0 2 0.33 539
0 2 0.33 540
0 2 0.33 541
0 2 0.32 542
0 2 0.32 543
0 2 0.32 544
0 2 0.32 545
0 2 0.32 546
0 2 0.33 547
0 2 0.32 548
0 2 0.33 549
0 2 0.33 550
0 2 0.33 551
0 2 0.33 552
0 2 0.33 553
0 2 0.33 554
0 2 0.33 555
0 2 0.33 556
0 2 0.33 557
0 2 0.33 558
0 2 0.33 559
0 2 0.33 560
0 2 0.33 561
0 2 0.33 562
0 2 0.33 563
0 2 0.33 564
0 2 0.33 565
0 2 0.33 566
0 2 0.33 567
0 2 0.33 568
0 2 0.33 569
0 2 0.33 570
0 2 0.33 571
0 2 0.33 572
0 2 0.33 573
0 2 0.33 574
0 2 0.33 575
0 2 0.33 576
0 2 0.33 577
0 2 0.33 578
0 2 0.33 579
0 2 0.33 580
0 2 0.33 581
0 2 0.33 582
0 2 0.33 583
0 2 0.33 584
0 2 0.33 585
0 2 0.33 586
0 2 0.33 587
0 2 0.33 588
0 2 0.33 589
0 2 0.33 590
0 2 0.33 591
0 2 0.33 592
0 2 0.33 593
0 2 0.33 594
0 2 0.33 595
0 2 0.33 596
0 2 0.33 597
0 2 0.33 598
0 2 0.33 599
0 2 0.33 600
0 2 0.33 601
0 2 0.33 602
0 2 0.33 603
0 2 0.33 604
0 2 0.33 605
0 2 0.33 606
0 2 0.33 607
0 2 0.33 608
0 2 0.33 609
0 2 0.33 610
0 2 0.33 611
0 2 0.33 612
0 2 0.33 613
0 2 0.33 614
0 2 0.33 615
0 2 0.33 616
0 2 0.33 617
0 2 0.33 618
0 2 0.33 619
0 2 0.33 620
0 2 0.33 621
0 2 0.33 622
0 2 0.33 623
0 2 0.33 624
0 2 0.33 625
0 2 0.33 626
0 2 0.33 627
0 2 0.33 628
0 2 0.33 629
0 2 0.33 630
0 2 0.33 631
0 2 0.33 632
0 2 0.33 633
0 2 0.33 634
0 2 0.33 635
0 2 0.33 636
0 2 0.33 637
0 2 0.33 638
0 2 0.33 639
0 2 0.33 640
0 2 0.33 641
0 2 0.33 642
0 2 0.33 643
0 2 0.33 644
0 2 0.33 645
0 2 0.33 646
0 2 0.33 647
0 2 0.33 648
0 2 0.33 649
0 2 0.33 650
0 2 0.33 651
0 2 0.33 652
0 2 0.33 653
0 2 0.33 654
0 2 0.33 655
0 2 0.33 656
0 2 0.33 657
0 2 0.33 658
0 2 0.33 659
0 2 0.33 660
0 2 0.33 661
0 2 0.33 662
0 2 0.33 663
0 2 0.33 664
0 2 0.33 665
0 2 0.33 666
0 2 0.33 667
0 2 0.33 668
0 2 0.33 669
0 2 0.33 670
0 2 0.33 671
0 2 0.33 672
0 2 0.33 673
0 2 0.33 674
0 2 0.33 675
0 2 0.33 676
0 2 0.33 677
0 2 0.33 678
0 2 0.33 679
0 2 0.33 680
0 2 0.33 681
0 2 0.33 682
0 2 0.33 683
0 2 0.33 684
0 2 0.33 685
0 2 0.33 686
0 2 0.33 687
0 2 0.33 688
0 2 0.33 689
0 2 0.33 690
0 2 0.33 691
0 2 0.33 692
0 2 0.33 693
0 2 0.33 694
0 2 0.33 695
0 2 0.33 696
0 2 0.33 697
0 2 0.33 698
0 2 0.33 699
0 2 0.33 700
0 2 0.33 701
0 2 0.33 702
0 2 0.33 703
0 2 0.33 704
0 2 0.33 705
0 2 0.33 706
0 2 0.33 707
0 2 0.33 708
0 2 0.33 709
0 2 0.33 710
0 2 0.33 711
0 2 0.33 712
0 2 0.33 713
0 2 0.33 714
0 2 0.33 715
0 2 0.33 716
0 2 0.33 717
0 2 0.33 718
0 2 0.33 719
0 2 0.33 720
0 2 0.33 721
0 2 0.33 722
0 2 0.33 723
0 2 0.33 724
0 2 0.33 725
0 2 0.33 726
0 2 0.33 727
0 2 0.33 728
0 2 0.33 729
0 2 0.32 730
0 2 0.33 731
0 2 0.33 732
0 2 0.32 733
0 2 0.32 734
0 2 0.33 735
0 2 0.32 736
0 2 0.32 737
0 2 0.33 738
0 2 0.33 739
0 2 0.33 740
0 2 0.33 741
0 2 0.32 742
0 2 0.33 743
0 2 0.33 744
0 2 0.32 745
0 2 0.32 746
0 2 0.32 747
0 2 0.32 748
0 2 0.33 749
0 2 0.33 750
0 2 0.32 751
0 2 0.32 752
0 2 0.33 753
0 2 0.33 754
0 2 0.33 755
0 2 0.33 756
0 2 0.33 757
0 2 0.33 758
0 2 0.33 759
0 2 0.33 760
0 2 0.33 761
0 2 0.33 762
0 2 0.33 763
0 2 0.32 764
0 2 0.33 765
0 2 0.33 766
0 2 0.32 767
0 2 0.33 768
0 2 0.33 769
0 2 0.32 770
0 2 0.32 771
0 2 0.32 772
0 2 0.32 773
0 2 0.32 774
0 2 0.32 775
0 2 0.32 776
0 2 0.32 777
0 2 0.32 778
0 2 0.32 779
0 2 0.32 780
0 2 0.32 781
0 2 0.32 782
0 2 0.32 783
0 2 0.32 784
0 2 0.32 785
0 2 0.32 786
0 2 0.32 787
0 2 0.32 788
0 2 0.32 789
0 2 0.32 790
0 2 0.32 791
0 2 0.32 792
0 2 0.32 793
0 2 0.32 794
0 2 0.32 795
0 2 0.32 796
0 2 0.32 797
0 2 0.32 798
0 2 0.32 799
0 2 0.32 800
0 2 0.32 801
0 2 0.32 802
0 2 0.32 803
0 2 0.32 804
0 2 0.32 805
0 2 0.32 806
0 2 0.32 807
0 2 0.32 808
0 2 0.32 809
0 2 0.32 810
0 2 0.32 811
0 2 0.32 812
0 2 0.32 813
0 2 0.32 814
0 2 0.32 815
0 2 0.32 816
0 2 0.32 817
0 2 0.32 818
0 2 0.32 819
0 2 0.32 820
0 2 0.32 821
0 2 0.32 822
0 2 0.32 823
0 2 0.32 824
0 2 0.32 825
0 2 0.32 826
0 2 0.32 827
0 2 0.32 828
0 2 0.32 829
0 2 0.32 830
0 2 0.32 831
0 2 0.32 832
0 2 0.32 833
0 2 0.32 834
0 2 0.32 835
0 2 0.32 836
0 2 0.32 837
0 2 0.32 838
0 2 0.32 839
0 2 0.32 840
0 2 0.32 841
0 2 0.32 842
0 2 0.32 843
0 2 0.32 844
0 2 0.32 845
0 2 0.32 846
0 2 0.32 847
0 2 0.32 848
0 2 0.32 849
0 2 0.32 850
0 2 0.32 851
0 2 0.32 852
0 2 0.32 853
0 2 0.32 854
0 2 0.32 855
0 2 0.32 856
0 2 0.32 857
0 2 0.32 858
0 2 0.32 859
0 2 0.32 860
0 2 0.32 861
0 2 0.32 862
0 2 0.32 863
0 2 0.32 864
0 2 0.32 865
0 2 0.32 866
0 2 0.32 867
0 2 0.32 868
0 2 0.32 869
0 2 0.32 870
0 2 0.32 871
0 2 0.32 872
0 2 0.32 873
0 2 0.32 874
0 2 0.32 875
0 2 0.32 876
0 2 0.32 877
0 2 0.32 878
0 2 0.32 879
0 2 0.32 880
0 2 0.32 881
0 2 0.32 882
0 2 0.32 883
0 2 0.32 884
0 2 0.32 885
0 2 0.32 886
0 2 0.32 887
0 2 0.32 888
0 2 0.32 889
0 2 0.32 890
0 2 0.32 891
0 2 0.32 892
0 2 0.32 893
0 2 0.32 894
0 2 0.32 895
0 2 0.32 896
0 2 0.32 897
0 2 0.32 898
0 2 0.32 899
0 2 0.32 900
0 2 0.32 901
0 2 0.32 902
0 2 0.32 903
0 2 0.32 904
0 2 0.32 905
0 2 0.32 906
0 2 0.32 907
0 2 0.32 908
0 2 0.32 909
0 2 0.32 910
0 2 0.32 911
0 2 0.32 912
0 2 0.32 913
0 2 0.32 914
0 2 0.32 915
0 2 0.32 916
0 2 0.32 917
0 2 0.32 918
0 2 0.32 919
0 2 0.32 920
0 2 0.32 921
0 2 0.32 922
0 2 0.32 923
0 2 0.32 924
0 2 0.32 925
0 2 0.32 926
0 2 0.32 927
0 2 0.32 928
0 2 0.32 929
0 2 0.32 930
0 2 0.32 931
0 2 0.32 932
0 2 0.32 933
0 2 0.32 934
0 2 0.32 935
0 2 0.32 936
0 2 0.32 937
0 2 0.32 938
0 2 0.32 939
0 2 0.32 940
0 2 0.32 941
0 2 0.32 942
0 2 0.32 943
0 2 0.32 944
0 2 0.32 945
0 2 0.32 946
0 2 0.32 947
0 2 0.32 948
0 2 0.32 949
0 2 0.32 950
0 2 0.32 951
0 2 0.32 952
0 2 0.32 953
0 2 0.3