2 2 2.00 1
0 2 1.00 2
0 2 0.67 3
0 2 0.75 4
0 2 0.60 5
0 2 0.50 6
0 2 0.57 7
0 2 0.50 8
0 2 0.56 9
0 2 0.50 10
0 2 0.45 11
0 2 0.42 12
0 2 0.46 13
0 2 0.50 14
0 2 0.53 15
0 2 0.50 16
0 2 0.47 17
0 2 0.50 18
0 2 0.47 19
0 2 0.45 20
0 2 0.43 21
0 2 0.45 22
0 2 0.43 23
0 2 0.42 24
0 2 0.40 25
0 2 0.38 26
0 2 0.37 27
0 2 0.43 28
0 2 0.45 29
0 2 0.43 30
0 2 0.42 31
0 2 0.44 32
0 2 0.42 33
0 2 0.44 34
0 2 0.46 35
0 2 0.47 36
0 2 0.49 37
0 2 0.50 38
0 2 0.49 39
0 2 0.47 40
0 2 0.46 41
0 2 0.48 42
0 2 0.47 43
0 2 0.45 44
0 2 0.49 45
0 2 0.48 46
0 2 0.51 47
0 2 0.50 48
0 2 0.49 49
0 2 0.48 50
0 2 0.47 51
0 2 0.48 52
0 2 0.47 53
0 2 0.48 54
0 2 0.49 55
0 2 0.48 56
0 2 0.47 57
0 2 0.47 58
0 2 0.46 59
0 2 0.45 60
0 2 0.44 61
0 2 0.44 62
0 2 0.44 63
0 2 0.44 64
0 2 0.43 65
0 2 0.42 66
0 2 0.43 67
0 2 0.43 68
0 2 0.43 69
0 2 0.43 70
0 2 0.42 71
0 2 0.42 72
0 2 0.41 73
0 2 0.42 74
0 2 0.41 75
0 2 0.41 76
0 2 0.40 77
0 2 0.41 78
0 2 0.41 79
0 2 0.42 80
0 2 0.42 81
0 2 0.43 82
0 2 0.43 83
0 2 0.43 84
0 2 0.44 85
0 2 0.43 86
0 2 0.44 87
0 2 0.43 88
0 2 0.43 89
0 2 0.44 90
0 2 0.44 91
0 2 0.43 92
0 2 0.43 93
0 2 0.43 94
0 2 0.43 95
0 2 0.43 96
0 2 0.42 97
0 2 0.43 98
0 2 0.43 99
0 2 0.43 100
0 2 0.43 101
0 2 0.43 102
0 2 0.43 103
0 2 0.43 104
0 2 0.43 105
0 2 0.42 106
0 2 0.42 107
0 2 0.42 108
0 2 0.42 109
0 2 0.42 110
0 2 0.41 111
0 2 0.41 112
0 2 0.41 113
0 2 0.40 114
0 2 0.41 115
0 2 0.41 116
0 2 0.41 117
0 2 0.41 118
0 2 0.40 119
0 2 0.41 120
0 2 0.40 121
0 2 0.41 122
0 2 0.41 123
0 2 0.41 124
0 2 0.41 125
0 2 0.40 126
0 2 0.40 127
0 2 0.40 128
0 2 0.40 129
0 2 0.40 130
0 2 0.40 131
0 2 0.40 132
0 2 0.40 133
0 2 0.40 134
0 2 0.41 135
0 2 0.40 136
0 2 0.40 137
0 2 0.40 138
0 2 0.40 139
0 2 0.39 140
0 2 0.40 141
0 2 0.39 142
0 2 0.40 143
0 2 0.40 144
0 2 0.40 145
0 2 0.40 146
0 2 0.39 147
0 2 0.39 148
0 2 0.39 149
0 2 0.39 150
0 2 0.40 151
0 2 0.39 152
0 2 0.40 153
0 2 0.40 154
0 2 0.41 155
0 2 0.41 156
0 2 0.41 157
0 2 0.41 158
0 2 0.41 159
0 2 0.41 160
0 2 0.41 161
0 2 0.41 162
0 2 0.41 163
0 2 0.41 164
0 2 0.42 165
0 2 0.42 166
0 2 0.43 167
0 2 0.43 168
0 2 0.43 169
0 2 0.42 170
0 2 0.42 171
0 2 0.42 172
0 2 0.43 173
0 2 0.43 174
0 2 0.43 175
0 2 0.43 176
0 2 0.44 177
0 2 0.43 178
0 2 0.43 179
0 2 0.43 180
0 2 0.44 181
0 2 0.43 182
0 2 0.44 183
0 2 0.44 184
0 2 0.44 185
0 2 0.44 186
0 2 0.44 187
0 2 0.44 188
0 2 0.44 189
0 2 0.44 190
0 2 0.45 191
0 2 0.44 192
0 2 0.45 193
0 2 0.45 194
0 2 0.45 195
0 2 0.45 196
0 2 0.45 197
0 2 0.45 198
0 2 0.45 199
0 2 0.45 200
0 2 0.45 201
0 2 0.45 202
0 2 0.44 203
0 2 0.45 204
0 2 0.44 205
0 2 0.45 206
0 2 0.45 207
0 2 0.45 208
0 2 0.45 209
0 2 0.45 210
0 2 0.45 211
0 2 0.45 212
0 2 0.45 213
0 2 0.45 214
0 2 0.46 215
0 2 0.45 216
0 2 0.45 217
0 2 0.45 218
0 2 0.45 219
0 2 0.45 220
0 2 0.45 221
0 2 0.45 222
0 2 0.45 223
0 2 0.46 224
0 2 0.46 225
0 2 0.46 226
0 2 0.45 227
0 2 0.46 228
0 2 0.46 229
0 2 0.47 230
0 2 0.47 231
0 2 0.47 232
0 2 0.47 233
0 2 0.47 234
0 2 0.46 235
0 2 0.47 236
0 2 0.47 237
0 2 0.47 238
0 2 0.47 239
0 2 0.47 240
0 2 0.47 241
0 2 0.48 242
0 2 0.47 243
0 2 0.48 244
0 2 0.48 245
0 2 0.48 246
0 2 0.48 247
0 2 0.48 248
0 2 0.48 249
0 2 0.48 250
0 2 0.48 251
0 2 0.48 252
0 2 0.47 253
0 2 0.47 254
0 2 0.47 255
0 2 0.47 256
0 2 0.47 257
0 2 0.47 258
0 2 0.47 259
0 2 0.47 260
0 2 0.47 261
0 2 0.47 262
0 2 0.47 263
0 2 0.47 264
0 2 0.46 265
0 2 0.47 266
0 2 0.46 267
0 2 0.46 268
0 2 0.46 269
0 2 0.46 270
0 2 0.46 271
0 2 0.46 272
0 2 0.47 273
0 2 0.46 274
0 2 0.46 275
0 2 0.46 276
0 2 0.46 277
0 2 0.46 278
0 2 0.46 279
0 2 0.46 280
0 2 0.46 281
0 2 0.46 282
0 2 0.46 283
0 2 0.46 284
0 2 0.46 285
0 2 0.46 286
0 2 0.46 287
0 2 0.46 288
0 2 0.46 289
0 2 0.46 290
0 2 0.46 291
0 2 0.47 292
0 2 0.46 293
0 2 0.47 294
0 2 0.46 295
0 2 0.46 296
0 2 0.46 297
0 2 0.46 298
0 2 0.46 299
0 2 0.46 300
0 2 0.46 301
0 2 0.46 302
0 2 0.46 303
0 2 0.46 304
0 2 0.46 305
0 2 0.46 306
0 2 0.46 307
0 2 0.46 308
0 2 0.46 309
0 2 0.46 310
0 2 0.46 311
0 2 0.46 312
0 2 0.46 313
0 2 0.46 314
0 2 0.46 315
0 2 0.46 316
0 2 0.46 317
0 2 0.46 318
0 2 0.46 319
0 2 0.46 320
0 2 0.46 321
0 2 0.46 322
0 2 0.46 323
0 2 0.46 324
0 2 0.46 325
0 2 0.45 326
0 2 0.46 327
0 2 0.45 328
0 2 0.45 329
0 2 0.46 330
0 2 0.46 331
0 2 0.46 332
0 2 0.46 333
0 2 0.46 334
0 2 0.46 335
0 2 0.46 336
0 2 0.46 337
0 2 0.46 338
0 2 0.45 339
0 2 0.45 340
0 2 0.45 341
0 2 0.45 342
0 2 0.45 343
0 2 0.45 344
0 2 0.46 345
0 2 0.46 346
0 2 0.46 347
0 2 0.45 348
0 2 0.45 349
0 2 0.45 350
0 2 0.45 351
0 2 0.45 352
0 2 0.45 353
0 2 0.45 354
0 2 0.45 355
0 2 0.45 356
0 2 0.45 357
0 2 0.45 358
0 2 0.45 359
0 2 0.45 360
0 2 0.45 361
0 2 0.45 362
0 2 0.45 363
0 2 0.45 364
0 2 0.45 365
0 2 0.45 366
0 2 0.45 367
0 2 0.45 368
0 2 0.45 369
0 2 0.45 370
0 2 0.45 371
0 2 0.45 372
0 2 0.45 373
0 2 0.45 374
0 2 0.45 375
0 2 0.45 376
0 2 0.45 377
0 2 0.45 378
0 2 0.45 379
0 2 0.45 380
0 2 0.45 381
0 2 0.45 382
0 2 0.45 383
0 2 0.45 384
0 2 0.45 385
0 2 0.45 386
0 2 0.44 387
0 2 0.45 388
0 2 0.45 389
0 2 0.45 390
0 2 0.45 391
0 2 0.45 392
0 2 0.45 393
0 2 0.45 394
0 2 0.45 395
0 2 0.45 396
0 2 0.45 397
0 2 0.44 398
0 2 0.44 399
0 2 0.45 400
0 2 0.44 401
0 2 0.44 402
0 2 0.44 403
0 2 0.44 404
0 2 0.44 405
0 2 0.44 406
0 2 0.44 407
0 2 0.44 408
0 2 0.44 409
0 2 0.44 410
0 2 0.44 411
0 2 0.44 412
0 2 0.44 413
0 2 0.43 414
0 2 0.44 415
0 2 0.44 416
0 2 0.44 417
0 2 0.44 418
0 2 0.43 419
0 2 0.44 420
0 2 0.43 421
0 2 0.44 422
0 2 0.43 423
0 2 0.43 424
0 2 0.44 425
0 2 0.44 426
0 2 0.44 427
0 2 0.44 428
0 2 0.44 429
0 2 0.44 430
0 2 0.44 431
0 2 0.44 432
0 2 0.44 433
0 2 0.44 434
0 2 0.44 435
0 2 0.44 436
0 2 0.44 437
0 2 0.44 438
0 2 0.44 439
0 2 0.44 440
0 2 0.44 441
0 2 0.44 442
0 2 0.44 443
0 2 0.44 444
0 2 0.44 445
0 2 0.44 446
0 2 0.44 447
0 2 0.44 448
0 2 0.44 449
0 2 0.44 450
0 2 0.44 451
0 2 0.44 452
0 2 0.44 453
0 2 0.44 454
0 2 0.44 455
0 2 0.44 456
0 2 0.44 457
0 2 0.44 458
0 2 0.44 459
0 2 0.44 460
0 2 0.44 461
0 2 0.44 462
0 2 0.44 463
0 2 0.44 464
0 2 0.44 465
0 2 0.44 466
0 2 0.44 467
0 2 0.44 468
0 2 0.44 469
0 2 0.44 470
0 2 0.44 471
0 2 0.44 472
0 2 0.44 473
0 2 0.44 474
0 2 0.44 475
0 2 0.44 476
0 2 0.44 477
0 2 0.44 478
0 2 0.43 479
0 2 0.43 480
0 2 0.43 481
0 2 0.43 482
0 2 0.43 483
0 2 0.44 484
0 2 0.44 485
0 2 0.44 486
0 2 0.44 487
0 2 0.43 488
0 2 0.43 489
0 2 0.43 490
0 2 0.43 491
0 2 0.43 492
0 2 0.43 493
0 2 0.43 494
0 2 0.43 495
0 2 0.43 496
0 2 0.43 497
0 2 0.43 498
0 2 0.43 499
0 2 0.43 500
0 2 0.43 501
0 2 0.43 502
0 2 0.43 503
0 2 0.43 504
0 2 0.43 505
0 2 0.43 506
0 2 0.43 507
0 2 0.43 508
0 2 0.43 509
0 2 0.43 510
0 2 0.43 511
0 2 0.43 512
0 2 0.43 513
0 2 0.43 514
0 2 0.43 515
0 2 0.43 516
0 2 0.43 517
0 2 0.43 518
0 2 0.43 519
0 2 0.43 520
0 2 0.43 521
0 2 0.43 522
0 2 0.43 523
0 2 0.43 524
0 2 0.43 525
0 2 0.43 526
0 2 0.43 527
0 2 0.43 528
0 2 0.43 529
0 2 0.43 530
0 2 0.43 531
0 2 0.43 532
0 2 0.43 533
0 2 0.43 534
0 2 0.43 535
0 2 0.43 536
0 2 0.43 537
0 2 0.43 538
0 2 0.43 539
0 2 0.43 540
0 2 0.43 541
0 2 0.43 542
0 2 0.43 543
0 2 0.43 544
0 2 0.43 545
0 2 0.43 546
0 2 0.44 547
0 2 0.44 548
0 2 0.44 549
0 2 0.44 550
0 2 0.44 551
0 2 0.43 552
0 2 0.43 553
0 2 0.43 554
0 2 0.43 555
0 2 0.44 556
0 2 0.44 557
0 2 0.44 558
0 2 0.43 559
0 2 0.43 560
0 2 0.43 561
0 2 0.43 562
0 2 0.43 563
0 2 0.43 564
0 2 0.43 565
0 2 0.43 566
0 2 0.43 567
0 2 0.43 568
0 2 0.43 569
0 2 0.43 570
0 2 0.43 571
0 2 0.43 572
0 2 0.43 573
0 2 0.43 574
0 2 0.43 575
0 2 0.43 576
0 2 0.43 577
0 2 0.43 578
0 2 0.43 579
0 2 0.43 580
0 2 0.43 581
0 2 0.43 582
0 2 0.43 583
0 2 0.43 584
0 2 0.43 585
0 2 0.43 586
0 2 0.43 587
0 2 0.43 588
0 2 0.43 589
0 2 0.43 590
0 2 0.43 591
0 2 0.43 592
0 2 0.43 593
0 2 0.43 594
0 2 0.43 595
0 2 0.43 596
0 2 0.43 597
0 2 0.42 598
0 2 0.43 599
0 2 0.42 600
0 2 0.42 601
0 2 0.43 602
0 2 0.43 603
0 2 0.43 604
0 2 0.43 605
0 2 0.43 606
0 2 0.43 607
0 2 0.43 608
0 2 0.43 609
0 2 0.43 610
0 2 0.43 611
0 2 0.43 612
0 2 0.43 613
0 2 0.43 614
0 2 0.43 615
0 2 0.43 616
0 2 0.43 617
0 2 0.43 618
0 2 0.43 619
0 2 0.43 620
0 2 0.43 621
0 2 0.43 622
0 2 0.43 623
0 2 0.43 624
0 2 0.43 625
0 2 0.43 626
0 2 0.43 627
0 2 0.43 628
0 2 0.43 629
0 2 0.43 630
0 2 0.43 631
0 2 0.43 632
0 2 0.43 633
0 2 0.43 634
0 2 0.43 635
0 2 0.43 636
0 2 0.43 637
0 2 0.43 638
0 2 0.43 639
0 2 0.43 640
0 2 0.43 641
0 2 0.43 642
0 2 0.42 643
0 2 0.43 644
0 2 0.43 645
0 2 0.43 646
0 2 0.43 647
0 2 0.43 648
0 2 0.43 649
0 2 0.42 650
0 2 0.42 651
0 2 0.42 652
0 2 0.43 653
0 2 0.43 654
0 2 0.42 655
0 2 0.42 656
0 2 0.42 657
0 2 0.43 658
0 2 0.43 659
0 2 0.43 660
0 2 0.43 661
0 2 0.42 662
0 2 0.42 663
0 2 0.42 664
0 2 0.42 665
0 2 0.42 666
0 2 0.42 667
0 2 0.42 668
0 2 0.42 669
0 2 0.42 670
0 2 0.42 671
0 2 0.42 672
0 2 0.42 673
0 2 0.42 674
0 2 0.42 675
0 2 0.42 676
0 2 0.42 677
0 2 0.42 678
0 2 0.42 679
0 2 0.42 680
0 2 0.42 681
0 2 0.42 682
0 2 0.42 683
0 2 0.42 684
0 2 0.42 685
0 2 0.42 686
0 2 0.42 687
0 2 0.42 688
0 2 0.42 689
0 2 0.42 690
0 2 0.42 691
0 2 0.42 692
0 2 0.42 693
0 2 0.42 694
0 2 0.42 695
0 2 0.42 696
0 2 0.42 697
0 2 0.42 698
0 2 0.42 699
0 2 0.42 700
0 2 0.42 701
0 2 0.42 702
0 2 0.42 703
0 2 0.42 704
0 2 0.42 705
0 2 0.42 706
0 2 0.42 707
0 2 0.42 708
0 2 0.42 709
0 2 0.42 710
0 2 0.42 711
0 2 0.42 712
0 2 0.42 713
0 2 0.42 714
0 2 0.42 715
0 2 0.42 716
0 2 0.42 717
0 2 0.42 718
0 2 0.42 719
0 2 0.42 720
0 2 0.42 721
0 2 0.42 722
0 2 0.42 723
0 2 0.42 724
0 2 0.42 725
0 2 0.42 726
0 2 0.42 727
0 2 0.42 728
0 2 0.42 729
0 2 0.42 730
0 2 0.42 731
0 2 0.42 732
0 2 0.42 733
0 2 0.42 734
0 2 0.42 735
0 2 0.42 736
0 2 0.42 737
0 2 0.42 738
0 2 0.42 739
0 2 0.42 740
0 2 0.42 741
0 2 0.42 742
0 2 0.42 743
0 2 0.42 744
0 2 0.42 745
0 2 0.42 746
0 2 0.42 747
0 2 0.43 748
0 2 0.42 749
0 2 0.43 750
0 2 0.42 751
0 2 0.42 752
0 2 0.42 753
0 2 0.42 754
0 2 0.42 755
0 2 0.42 756
0 2 0.42 757
0 2 0.42 758
0 2 0.42 759
0 2 0.42 760
0 2 0.42 761
0 2 0.43 762
0 2 0.42 763
0 2 0.43 764
0 2 0.42 765
0 2 0.42 766
0 2 0.43 767
0 2 0.42 768
0 2 0.43 769
0 2 0.42 770
0 2 0.42 771
0 2 0.42 772
0 2 0.42 773
0 2 0.42 774
0 2 0.42 775
0 2 0.42 776
0 2 0.42 777
0 2 0.42 778
0 2 0.42 779
0 2 0.42 780
0 2 0.42 781
0 2 0.42 782
0 2 0.42 783
0 2 0.42 784
0 2 0.42 785
0 2 0.42 786
0 2 0.42 787
0 2 0.42 788
0 2 0.42 789
0 2 0.42 790
0 2 0.42 791
0 2 0.42 792
0 2 0.42 793
0 2 0.42 794
0 2 0.42 795
0 2 0.42 796
0 2 0.42 797
0 2 0.42 798
0 2 0.42 799
0 2 0.42 800
0 2 0.42 801
0 2 0.43 802
0 2 0.42 803
0 2 0.43 804
0 2 0.42 805
0 2 0.42 806
0 2 0.42 807
0 2 0.42 808
0 2 0.42 809
0 2 0.42 810
0 2 0.42 811
0 2 0.42 812
0 2 0.42 813
0 2 0.42 814
0 2 0.42 815
0 2 0.42 816
0 2 0.42 817
0 2 0.42 818
0 2 0.42 819
0 2 0.42 820
0 2 0.42 821
0 2 0.42 822
0 2 0.42 823
0 2 0.42 824
0 2 0.42 825
0 2 0.42 826
0 2 0.42 827
0 2 0.42 828
0 2 0.42 829
0 2 0.42 830
0 2 0.42 831
0 2 0.42 832
0 2 0.42 833
0 2 0.42 834
0 2 0.42 835
0 2 0.42 836
0 2 0.42 837
0 2 0.42 838
0 2 0.42 839
0 2 0.42 840
0 2 0.42 841
0 2 0.42 842
0 2 0.42 843
0 2 0.42 844
0 2 0.42 845
0 2 0.42 846
0 2 0.42 847
0 2 0.42 848
0 2 0.42 849
0 2 0.42 850
0 2 0.42 851
0 2 0.42 852
0 2 0.42 853
0 2 0.42 854
0 2 0.42 855
0 2 0.41 856
0 2 0.41 857
0 2 0.41 858
0 2 0.41 859
0 2 0.42 860
0 2 0.41 861
0 2 0.41 862
0 2 0.41 863
0 2 0.41 864
0 2 0.41 865
0 2 0.41 866
0 2 0.41 867
0 2 0.41 868
0 2 0.41 869
0 2 0.41 870
0 2 0.41 871
0 2 0.41 872
0 2 0.41 873
0 2 0.41 874
0 2 0.41 875
0 2 0.41 876
0 2 0.41 877
0 2 0.41 878
0 2 0.41 879
0 2 0.41 880
0 2 0.41 881
0 2 0.41 882
0 2 0.41 883
0 2 0.41 884
0 2 0.41 885
0 2 0.41 886
0 2 0.41 887
0 2 0.41 888
0 2 0.41 889
0 2 0.41 890
0 2 0.41 891
0 2 0.41 892
0 2 0.41 893
0 2 0.41 894
0 2 0.41 895
0 2 0.41 896
0 2 0.41 897
0 2 0.41 898
0 2 0.41 899
0 2 0.42 900
0 2 0.42 901
0 2 0.42 902
0 2 0.42 903
0 2 0.42 904
0 2 0.42 905
0 2 0.42 906
0 2 0.42 907
0 2 0.42 908
0 2 0.42 909
0 2 0.42 910
0 2 0.42 911
0 2 0.42 912
0 2 0.42 913
0 2 0.41 914
0 2 0.41 915
0 2 0.41 916
0 2 0.41 917
0 2 0.41 918
0 2 0.42 919
0 2 0.42 920
0 2 0.42 921
0 2 0.42 922
0 2 0.41 923
0 2 0.42 924
0 2 0.42 925
0 2 0.42 926
0 2 0.42 927
0 2 0.41 928
0 2 0.41 929
0 2 0.41 930
0 2 0.41 931
0 2 0.41 932
0 2 0.41 933
0 2 0.41 934
0 2 0.41 935
0 2 0.41 936
0 2 0.41 937
0 2 0.41 938
0 2 0.41 939
0 2 0.41 940
0 2 0.41 941
0 2 0.41 942
0 2 0.41 943
0 2 0.41 944
0 2 0.41 945
0 2 0.41 946
0 2 0.41 947
0 2 0.41 948
0 2 0.42 949
0 2 0.41 950
0 2 0.41 951
0 2 0.41 952
0 2 0.41 953
0 2 0.4