0 0 0.00 1
0 1 0.50 2
0 1 0.33 3
0 1 0.50 4
0 1 0.60 5
0 1 0.67 6
0 1 0.57 7
0 1 0.50 8
0 2 0.67 9
0 2 0.70 10
0 2 0.64 11
0 2 0.67 12
0 2 0.77 13
0 2 0.71 14
0 2 0.67 15
0 2 0.62 16
0 2 0.65 17
0 2 0.61 18
0 2 0.58 19
0 2 0.60 20
0 2 0.57 21
0 2 0.59 22
0 2 0.57 23
0 2 0.58 24
0 2 0.56 25
0 2 0.58 26
0 2 0.59 27
0 2 0.61 28
0 2 0.59 29
0 2 0.57 30
0 2 0.58 31
0 2 0.59 32
0 2 0.58 33
0 2 0.59 34
0 2 0.57 35
0 2 0.56 36
0 2 0.54 37
0 2 0.58 38
0 2 0.56 39
0 2 0.55 40
0 2 0.54 41
0 2 0.55 42
0 2 0.56 43
0 2 0.55 44
0 2 0.53 45
0 2 0.52 46
0 2 0.53 47
0 2 0.54 48
0 2 0.53 49
0 2 0.52 50
0 2 0.51 51
0 2 0.52 52
0 2 0.51 53
0 2 0.52 54
0 2 0.51 55
0 2 0.52 56
0 2 0.51 57
0 2 0.50 58
0 2 0.49 59
0 2 0.50 60
0 2 0.49 61
0 2 0.48 62
0 2 0.49 63
0 2 0.50 64
0 2 0.49 65
0 2 0.48 66
0 2 0.48 67
0 2 0.47 68
0 2 0.46 69
0 2 0.46 70
0 2 0.45 71
0 2 0.46 72
0 2 0.45 73
0 2 0.45 74
0 2 0.45 75
0 2 0.45 76
0 2 0.45 77
0 2 0.45 78
0 2 0.44 79
0 2 0.45 80
0 2 0.44 81
0 2 0.44 82
0 2 0.43 83
0 2 0.44 84
0 2 0.45 85
0 2 0.44 86
0 2 0.45 87
0 2 0.44 88
0 2 0.44 89
0 2 0.43 90
0 2 0.43 91
0 2 0.43 92
0 2 0.44 93
0 2 0.44 94
0 2 0.43 95
0 2 0.43 96
0 2 0.43 97
0 2 0.43 98
0 2 0.44 99
0 2 0.44 100
0 2 0.44 101
0 2 0.44 102
0 2 0.44 103
0 2 0.43 104
0 2 0.43 105
0 2 0.43 106
0 2 0.45 107
0 2 0.44 108
0 2 0.44 109
0 2 0.45 110
0 2 0.44 111
0 2 0.44 112
0 2 0.44 113
0 2 0.44 114
0 2 0.43 115
0 2 0.44 116
0 2 0.44 117
0 2 0.43 118
0 2 0.44 119
0 2 0.43 120
0 2 0.44 121
0 2 0.43 122
0 2 0.43 123
0 2 0.44 124
0 2 0.43 125
0 2 0.44 126
0 2 0.43 127
0 2 0.44 128
0 2 0.43 129
0 2 0.45 130
0 2 0.44 131
0 2 0.44 132
0 2 0.44 133
0 2 0.43 134
0 2 0.44 135
0 2 0.44 136
0 2 0.44 137
0 2 0.44 138
0 2 0.44 139
0 2 0.44 140
0 2 0.44 141
0 2 0.44 142
0 2 0.43 143
0 2 0.44 144
0 2 0.44 145
0 2 0.45 146
0 2 0.44 147
0 2 0.45 148
0 2 0.44 149
0 2 0.45 150
0 2 0.45 151
0 2 0.45 152
0 2 0.45 153
0 2 0.45 154
0 2 0.45 155
0 2 0.46 156
0 2 0.45 157
0 2 0.45 158
0 2 0.45 159
0 2 0.45 160
0 2 0.45 161
0 2 0.45 162
0 2 0.45 163
0 2 0.45 164
0 2 0.45 165
0 2 0.45 166
0 2 0.45 167
0 2 0.45 168
0 2 0.46 169
0 2 0.45 170
0 2 0.46 171
0 2 0.46 172
0 2 0.46 173
0 2 0.46 174
0 2 0.46 175
0 2 0.46 176
0 2 0.46 177
0 2 0.46 178
0 2 0.46 179
0 2 0.46 180
0 2 0.46 181
0 2 0.47 182
0 2 0.46 183
0 2 0.46 184
0 2 0.46 185
0 2 0.47 186
0 2 0.47 187
0 2 0.47 188
0 2 0.47 189
0 2 0.47 190
0 2 0.48 191
0 2 0.47 192
0 2 0.47 193
0 2 0.47 194
0 2 0.47 195
0 2 0.47 196
0 2 0.47 197
0 2 0.47 198
0 2 0.47 199
0 2 0.47 200
0 2 0.47 201
0 2 0.48 202
0 2 0.48 203
0 2 0.48 204
0 2 0.48 205
0 2 0.48 206
0 2 0.48 207
0 2 0.48 208
0 2 0.47 209
0 2 0.47 210
0 2 0.48 211
0 2 0.48 212
0 2 0.48 213
0 2 0.48 214
0 2 0.48 215
0 2 0.49 216
0 2 0.49 217
0 2 0.49 218
0 2 0.49 219
0 2 0.49 220
0 2 0.49 221
0 2 0.49 222
0 2 0.48 223
0 2 0.48 224
0 2 0.48 225
0 2 0.48 226
0 2 0.48 227
0 2 0.48 228
0 2 0.48 229
0 2 0.47 230
0 2 0.48 231
0 2 0.47 232
0 2 0.48 233
0 2 0.47 234
0 2 0.47 235
0 2 0.47 236
0 2 0.47 237
0 2 0.47 238
0 2 0.47 239
0 2 0.47 240
0 2 0.47 241
0 2 0.47 242
0 2 0.47 243
0 2 0.48 244
0 2 0.47 245
0 2 0.48 246
0 2 0.47 247
0 2 0.47 248
0 2 0.47 249
0 2 0.47 250
0 2 0.47 251
0 2 0.48 252
0 2 0.47 253
0 2 0.47 254
0 2 0.47 255
0 2 0.47 256
0 2 0.47 257
0 2 0.47 258
0 2 0.47 259
0 2 0.47 260
0 2 0.48 261
0 2 0.47 262
0 2 0.47 263
0 2 0.47 264
0 2 0.47 265
0 2 0.47 266
0 2 0.47 267
0 2 0.47 268
0 2 0.47 269
0 2 0.47 270
0 2 0.48 271
0 2 0.48 272
0 2 0.48 273
0 2 0.48 274
0 2 0.48 275
0 2 0.48 276
0 2 0.48 277
0 2 0.49 278
0 2 0.48 279
0 2 0.48 280
0 2 0.48 281
0 2 0.48 282
0 2 0.48 283
0 2 0.48 284
0 2 0.48 285
0 2 0.48 286
0 2 0.48 287
0 2 0.48 288
0 2 0.48 289
0 2 0.48 290
0 2 0.48 291
0 2 0.48 292
0 2 0.47 293
0 2 0.48 294
0 2 0.47 295
0 2 0.48 296
0 2 0.47 297
0 2 0.47 298
0 2 0.47 299
0 2 0.47 300
0 2 0.47 301
0 2 0.47 302
0 2 0.47 303
0 2 0.47 304
0 2 0.47 305
0 2 0.47 306
0 2 0.47 307
0 2 0.46 308
0 2 0.47 309
0 2 0.47 310
0 2 0.47 311
0 2 0.46 312
0 2 0.47 313
0 2 0.46 314
0 2 0.47 315
0 2 0.47 316
0 2 0.46 317
0 2 0.47 318
0 2 0.46 319
0 2 0.47 320
0 2 0.46 321
0 2 0.46 322
0 2 0.46 323
0 2 0.46 324
0 2 0.46 325
0 2 0.46 326
0 2 0.46 327
0 2 0.46 328
0 2 0.46 329
0 2 0.47 330
0 2 0.47 331
0 2 0.47 332
0 2 0.47 333
0 2 0.47 334
0 2 0.47 335
0 2 0.47 336
0 2 0.47 337
0 2 0.47 338
0 2 0.47 339
0 2 0.47 340
0 2 0.48 341
0 2 0.47 342
0 2 0.47 343
0 2 0.47 344
0 2 0.47 345
0 2 0.47 346
0 2 0.47 347
0 2 0.47 348
0 2 0.47 349
0 2 0.47 350
0 2 0.46 351
0 2 0.46 352
0 2 0.46 353
0 2 0.47 354
0 2 0.46 355
0 2 0.47 356
0 2 0.46 357
0 2 0.47 358
0 2 0.47 359
0 2 0.46 360
0 2 0.47 361
0 2 0.46 362
0 2 0.46 363
0 2 0.46 364
0 2 0.47 365
0 2 0.47 366
0 2 0.47 367
0 2 0.47 368
0 2 0.47 369
0 2 0.47 370
0 2 0.47 371
0 2 0.47 372
0 2 0.47 373
0 2 0.47 374
0 2 0.47 375
0 2 0.47 376
0 2 0.47 377
0 2 0.47 378
0 2 0.47 379
0 2 0.47 380
0 2 0.47 381
0 2 0.47 382
0 2 0.47 383
0 2 0.47 384
0 2 0.47 385
0 2 0.47 386
0 2 0.47 387
0 2 0.47 388
0 2 0.47 389
0 2 0.47 390
0 2 0.47 391
0 2 0.47 392
0 2 0.47 393
0 2 0.47 394
0 2 0.47 395
0 2 0.47 396
0 2 0.47 397
0 2 0.47 398
0 2 0.47 399
0 2 0.47 400
0 2 0.47 401
0 2 0.47 402
0 2 0.47 403
0 2 0.47 404
0 2 0.47 405
0 2 0.47 406
0 2 0.47 407
0 2 0.47 408
0 2 0.47 409
0 2 0.47 410
0 2 0.47 411
0 2 0.48 412
0 2 0.47 413
0 2 0.48 414
0 2 0.47 415
0 2 0.48 416
0 2 0.48 417
0 2 0.48 418
0 2 0.48 419
0 2 0.48 420
0 2 0.48 421
0 2 0.48 422
0 2 0.48 423
0 2 0.48 424
0 2 0.48 425
0 2 0.48 426
0 2 0.48 427
0 2 0.48 428
0 2 0.48 429
0 2 0.48 430
0 2 0.48 431
0 2 0.48 432
0 2 0.48 433
0 2 0.48 434
0 2 0.48 435
0 2 0.48 436
0 2 0.48 437
0 2 0.48 438
0 2 0.49 439
0 2 0.48 440
0 2 0.49 441
0 2 0.48 442
0 2 0.48 443
0 2 0.48 444
0 2 0.48 445
0 2 0.48 446
0 2 0.48 447
0 2 0.48 448
0 2 0.48 449
0 2 0.48 450
0 2 0.48 451
0 2 0.48 452
0 2 0.48 453
0 2 0.48 454
0 2 0.48 455
0 2 0.48 456
0 2 0.48 457
0 2 0.48 458
0 2 0.48 459
0 2 0.48 460
0 2 0.48 461
0 2 0.48 462
0 2 0.48 463
0 2 0.48 464
0 2 0.48 465
0 2 0.48 466
0 2 0.48 467
0 2 0.49 468
0 2 0.49 469
0 2 0.49 470
0 2 0.49 471
0 2 0.49 472
0 2 0.49 473
0 2 0.49 474
0 2 0.49 475
0 2 0.49 476
0 2 0.49 477
0 2 0.49 478
0 2 0.49 479
0 2 0.49 480
0 2 0.49 481
0 2 0.49 482
0 2 0.49 483
0 2 0.49 484
0 2 0.49 485
0 2 0.49 486
0 2 0.49 487
0 2 0.49 488
0 2 0.49 489
0 2 0.49 490
0 2 0.49 491
0 2 0.49 492
0 2 0.49 493
0 2 0.49 494
0 2 0.49 495
0 2 0.49 496
0 2 0.49 497
0 2 0.49 498
0 2 0.48 499
0 2 0.48 500
0 2 0.48 501
0 2 0.48 502
0 2 0.48 503
0 2 0.48 504
0 2 0.48 505
0 2 0.48 506
0 2 0.48 507
0 2 0.48 508
0 2 0.49 509
0 2 0.48 510
0 2 0.49 511
0 2 0.48 512
0 2 0.48 513
0 2 0.48 514
0 2 0.48 515
0 2 0.48 516
0 2 0.48 517
0 2 0.48 518
0 2 0.48 519
0 2 0.48 520
0 2 0.48 521
0 2 0.48 522
0 2 0.48 523
0 2 0.48 524
0 2 0.48 525
0 2 0.48 526
0 2 0.49 527
0 2 0.48 528
0 2 0.49 529
0 2 0.49 530
0 2 0.49 531
0 2 0.49 532
0 2 0.49 533
0 2 0.49 534
0 2 0.49 535
0 2 0.49 536
0 2 0.49 537
0 2 0.49 538
0 2 0.49 539
0 2 0.49 540
0 2 0.48 541
0 2 0.49 542
0 2 0.48 543
0 2 0.48 544
0 2 0.48 545
0 2 0.48 546
0 2 0.48 547
0 2 0.48 548
0 2 0.48 549
0 2 0.48 550
0 2 0.48 551
0 2 0.48 552
0 2 0.48 553
0 2 0.48 554
0 2 0.48 555
0 2 0.48 556
0 2 0.48 557
0 2 0.49 558
0 2 0.49 559
0 2 0.49 560
0 2 0.49 561
0 2 0.49 562
0 2 0.49 563
0 2 0.49 564
0 2 0.49 565
0 2 0.49 566
0 2 0.49 567
0 2 0.49 568
0 2 0.49 569
0 2 0.49 570
0 2 0.49 571
0 2 0.49 572
0 2 0.49 573
0 2 0.49 574
0 2 0.49 575
0 2 0.49 576
0 2 0.49 577
0 2 0.49 578
0 2 0.49 579
0 2 0.49 580
0 2 0.49 581
0 2 0.49 582
0 2 0.49 583
0 2 0.49 584
0 2 0.49 585
0 2 0.49 586
0 2 0.49 587
0 2 0.49 588
0 2 0.49 589
0 2 0.49 590
0 2 0.49 591
0 2 0.49 592
0 2 0.49 593
0 2 0.49 594
0 2 0.49 595
0 2 0.49 596
0 2 0.49 597
0 2 0.49 598
0 2 0.49 599
0 2 0.49 600
0 2 0.49 601
0 2 0.49 602
0 2 0.49 603
0 2 0.49 604
0 2 0.49 605
0 2 0.49 606
0 2 0.49 607
0 2 0.49 608
0 2 0.49 609
0 2 0.49 610
0 2 0.49 611
0 2 0.49 612
0 2 0.49 613
0 2 0.49 614
0 2 0.49 615
0 2 0.49 616
0 2 0.49 617
0 2 0.49 618
0 2 0.49 619
0 2 0.50 620
0 2 0.50 621
0 2 0.50 622
0 2 0.50 623
0 2 0.50 624
0 2 0.49 625
0 2 0.50 626
0 2 0.49 627
0 2 0.49 628
0 2 0.49 629
0 2 0.50 630
0 2 0.49 631
0 2 0.50 632
0 2 0.49 633
0 2 0.50 634
0 2 0.49 635
0 2 0.50 636
0 2 0.50 637
0 2 0.50 638
0 2 0.49 639
0 2 0.50 640
0 2 0.50 641
0 2 0.50 642
0 2 0.50 643
0 2 0.50 644
0 2 0.50 645
0 2 0.50 646
0 2 0.50 647
0 2 0.50 648
0 2 0.50 649
0 2 0.50 650
0 2 0.49 651
0 2 0.49 652
0 2 0.49 653
0 2 0.50 654
0 2 0.50 655
0 2 0.50 656
0 2 0.50 657
0 2 0.50 658
0 2 0.50 659
0 2 0.50 660
0 2 0.50 661
0 2 0.50 662
0 2 0.50 663
0 2 0.50 664
0 2 0.50 665
0 2 0.50 666
0 2 0.50 667
0 2 0.50 668
0 2 0.50 669
0 2 0.50 670
0 2 0.50 671
0 2 0.50 672
0 2 0.50 673
0 2 0.50 674
0 2 0.50 675
0 2 0.50 676
0 2 0.50 677
0 2 0.50 678
0 2 0.50 679
0 2 0.50 680
0 2 0.50 681
0 2 0.50 682
0 2 0.50 683
0 2 0.50 684
0 2 0.50 685
0 2 0.50 686
0 2 0.50 687
0 2 0.50 688
0 2 0.50 689
0 2 0.50 690
0 2 0.50 691
0 2 0.50 692
0 2 0.50 693
0 2 0.50 694
0 2 0.50 695
0 2 0.50 696
0 2 0.50 697
0 2 0.50 698
0 2 0.50 699
0 2 0.50 700
0 2 0.50 701
0 2 0.50 702
0 2 0.50 703
0 2 0.50 704
0 2 0.50 705
0 2 0.50 706
0 2 0.50 707
0 2 0.49 708
0 2 0.50 709
0 2 0.50 710
0 2 0.50 711
0 2 0.50 712
0 2 0.50 713
0 2 0.50 714
0 2 0.50 715
0 2 0.50 716
0 2 0.50 717
0 2 0.50 718
0 2 0.50 719
0 2 0.50 720
0 2 0.50 721
0 2 0.49 722
0 2 0.50 723
0 2 0.50 724
0 2 0.50 725
0 2 0.50 726
0 2 0.50 727
0 2 0.49 728
0 2 0.50 729
0 2 0.50 730
0 2 0.50 731
0 2 0.49 732
0 2 0.50 733
0 2 0.50 734
0 2 0.50 735
0 2 0.49 736
0 2 0.49 737
0 2 0.49 738
0 2 0.49 739
0 2 0.49 740
0 2 0.49 741
0 2 0.49 742
0 2 0.49 743
0 2 0.49 744
0 2 0.49 745
0 2 0.49 746
0 2 0.49 747
0 2 0.49 748
0 2 0.49 749
0 2 0.49 750
0 2 0.49 751
0 2 0.49 752
0 2 0.49 753
0 2 0.49 754
0 2 0.49 755
0 2 0.49 756
0 2 0.49 757
0 2 0.49 758
0 2 0.49 759
0 2 0.49 760
0 2 0.49 761
0 2 0.49 762
0 2 0.49 763
0 2 0.49 764
0 2 0.49 765
0 2 0.49 766
0 2 0.49 767
0 2 0.49 768
0 2 0.49 769
0 2 0.49 770
0 2 0.49 771
0 2 0.49 772
0 2 0.49 773
0 2 0.49 774
0 2 0.49 775
0 2 0.49 776
0 2 0.49 777
0 2 0.49 778
0 2 0.49 779
0 2 0.49 780
0 2 0.49 781
0 2 0.49 782
0 2 0.49 783
0 2 0.49 784
0 2 0.49 785
0 2 0.49 786
0 2 0.49 787
0 2 0.49 788
0 2 0.49 789
0 2 0.49 790
0 2 0.49 791
0 2 0.49 792
0 2 0.49 793
0 2 0.49 794
0 2 0.49 795
0 2 0.49 796
0 2 0.49 797
0 2 0.49 798
0 2 0.49 799
0 2 0.49 800
0 2 0.49 801
0 2 0.49 802
0 2 0.49 803
0 2 0.49 804
0 2 0.49 805
0 2 0.49 806
0 2 0.49 807
0 2 0.49 808
0 2 0.49 809
0 2 0.49 810
0 2 0.49 811
0 2 0.49 812
0 2 0.49 813
0 2 0.49 814
0 2 0.49 815
0 2 0.49 816
0 2 0.49 817
0 2 0.49 818
0 2 0.49 819
0 2 0.49 820
0 2 0.49 821
0 2 0.49 822
0 2 0.49 823
0 2 0.49 824
0 2 0.48 825
0 2 0.49 826
0 2 0.48 827
0 2 0.48 828
0 2 0.48 829
0 2 0.48 830
0 2 0.48 831
0 2 0.48 832
0 2 0.48 833
0 2 0.48 834
0 2 0.48 835
0 2 0.48 836
0 2 0.48 837
0 2 0.48 838
0 2 0.48 839
0 2 0.48 840
0 2 0.48 841
0 2 0.48 842
0 2 0.48 843
0 2 0.48 844
0 2 0.48 845
0 2 0.48 846
0 2 0.48 847
0 2 0.48 848
0 2 0.48 849
0 2 0.48 850
0 2 0.48 851
0 2 0.48 852
0 2 0.48 853
0 2 0.48 854
0 2 0.48 855
0 2 0.48 856
0 2 0.48 857
0 2 0.48 858
0 2 0.48 859
0 2 0.48 860
0 2 0.48 861
0 2 0.48 862
0 2 0.48 863
0 2 0.48 864
0 2 0.48 865
0 2 0.48 866
0 2 0.48 867
0 2 0.48 868
0 2 0.48 869
0 2 0.48 870
0 2 0.48 871
0 2 0.48 872
0 2 0.48 873
0 2 0.48 874
0 2 0.48 875
0 2 0.48 876
0 2 0.48 877
0 2 0.48 878
0 2 0.48 879
0 2 0.48 880
0 2 0.48 881
0 2 0.48 882
0 2 0.48 883
0 2 0.48 884
0 2 0.48 885
0 2 0.48 886
0 2 0.48 887
0 2 0.48 888
0 2 0.48 889
0 2 0.48 890
0 2 0.48 891
0 2 0.48 892
0 2 0.48 893
0 2 0.48 894
0 2 0.48 895
0 2 0.48 896
0 2 0.48 897
0 2 0.48 898
0 2 0.48 899
0 2 0.48 900
0 2 0.48 901
0 2 0.48 902
0 3 0.48 903
0 3 0.48 904
0 3 0.48 905
0 3 0.48 906
0 3 0.49 907
0 3 0.48 908
0 3 0.48 909
0 3 0.49 910
0 3 0.49 911
0 3 0.49 912
0 10 0.50 913
0 10 0.50 914
0 10 0.50 915
0 10 0.50 916
0 10 0.50 917
0 10 0.50 918
0 10 0.50 919
0 10 0.50 920
0 10 0.50 921
0 10 0.49 922
0 10 0.49 923
0 10 0.49 924
0 10 0.49 925
0 10 0.49 926
0 10 0.50 927
0 10 0.49 928
0 10 0.50 929
0 10 0.50 930
0 10 0.50 931
0 10 0.50 932
0 10 0.50 933
0 10 0.50 934
0 10 0.50 935
0 10 0.49 936
0 10 0.49 937
0 10 0.49 938
0 10 0.49 939
0 10 0.49 940
0 10 0.49 941
0 10 0.49 942
0 10 0.49 943
0 10 0.49 944
0 10 0.49 945
0 10 0.49 946
0 10 0.49 947
0 10 0.49 948
0 10 0.49 949
0 10 0.49 950
0 10 0.4