3 3 3.00 1
0 3 1.50 2
0 3 1.00 3
0 3 0.75 4
0 3 0.80 5
0 3 0.67 6
0 3 0.57 7
0 3 0.50 8
0 3 0.44 9
0 3 0.50 10
0 3 0.45 11
0 3 0.50 12
0 3 0.54 13
0 3 0.50 14
0 3 0.47 15
0 3 0.44 16
0 3 0.41 17
0 3 0.39 18
0 3 0.42 19
0 3 0.40 20
0 3 0.38 21
0 3 0.36 22
0 3 0.35 23
0 3 0.33 24
0 3 0.32 25
0 3 0.35 26
0 3 0.33 27
0 3 0.36 28
0 3 0.34 29
0 3 0.33 30
0 3 0.35 31
0 3 0.34 32
0 3 0.33 33
0 3 0.38 34
0 3 0.37 35
0 3 0.36 36
0 3 0.35 37
0 3 0.34 38
0 3 0.33 39
0 3 0.33 40
0 3 0.34 41
0 3 0.33 42
0 3 0.33 43
0 3 0.34 44
0 3 0.33 45
0 3 0.35 46
0 3 0.34 47
0 3 0.35 48
0 3 0.35 49
0 3 0.38 50
0 3 0.37 51
0 3 0.37 52
0 3 0.36 53
0 3 0.35 54
0 3 0.35 55
0 3 0.36 56
0 3 0.37 57
0 3 0.36 58
0 3 0.36 59
0 3 0.37 60
0 3 0.36 61
0 3 0.35 62
0 3 0.37 63
0 3 0.36 64
0 3 0.37 65
0 3 0.36 66
0 3 0.36 67
0 3 0.37 68
0 3 0.36 69
0 3 0.36 70
0 3 0.37 71
0 3 0.36 72
0 3 0.37 73
0 3 0.38 74
0 3 0.37 75
0 3 0.37 76
0 3 0.39 77
0 3 0.38 78
0 3 0.39 79
0 3 0.40 80
0 3 0.40 81
0 3 0.40 82
0 3 0.40 83
0 3 0.39 84
0 3 0.40 85
0 3 0.40 86
0 3 0.39 87
0 3 0.40 88
0 3 0.40 89
0 3 0.40 90
0 3 0.40 91
0 3 0.41 92
0 3 0.41 93
0 3 0.41 94
0 3 0.42 95
0 3 0.42 96
0 3 0.41 97
0 3 0.41 98
0 3 0.41 99
0 3 0.42 100
0 3 0.42 101
0 3 0.41 102
0 3 0.41 103
0 3 0.42 104
0 3 0.42 105
0 3 0.42 106
0 3 0.42 107
0 3 0.43 108
0 3 0.42 109
0 3 0.42 110
0 3 0.41 111
0 3 0.41 112
0 3 0.41 113
0 3 0.40 114
0 3 0.40 115
0 3 0.41 116
0 3 0.40 117
0 3 0.40 118
0 3 0.40 119
0 3 0.40 120
0 3 0.40 121
0 3 0.39 122
0 3 0.40 123
0 3 0.40 124
0 3 0.40 125
0 3 0.40 126
0 3 0.40 127
0 3 0.40 128
0 3 0.40 129
0 3 0.39 130
0 3 0.40 131
0 3 0.39 132
0 3 0.40 133
0 3 0.40 134
0 3 0.39 135
0 3 0.39 136
0 3 0.39 137
0 3 0.39 138
0 3 0.39 139
0 3 0.39 140
0 3 0.39 141
0 3 0.39 142
0 3 0.38 143
0 3 0.38 144
0 3 0.38 145
0 3 0.38 146
0 3 0.37 147
0 3 0.37 148
0 3 0.37 149
0 3 0.37 150
0 3 0.36 151
0 3 0.36 152
0 3 0.36 153
0 3 0.36 154
0 3 0.37 155
0 3 0.37 156
0 3 0.37 157
0 3 0.37 158
0 3 0.37 159
0 3 0.37 160
0 3 0.37 161
0 3 0.37 162
0 3 0.37 163
0 3 0.37 164
0 3 0.38 165
0 3 0.37 166
0 3 0.38 167
0 3 0.38 168
0 3 0.37 169
0 3 0.38 170
0 3 0.37 171
0 3 0.38 172
0 3 0.38 173
0 3 0.39 174
0 3 0.39 175
0 3 0.39 176
0 3 0.39 177
0 3 0.39 178
0 3 0.39 179
0 3 0.39 180
0 3 0.39 181
0 3 0.39 182
0 3 0.39 183
0 3 0.39 184
0 3 0.39 185
0 3 0.39 186
0 3 0.39 187
0 3 0.39 188
0 3 0.39 189
0 3 0.39 190
0 3 0.40 191
0 3 0.40 192
0 3 0.40 193
0 3 0.40 194
0 3 0.40 195
0 3 0.40 196
0 3 0.40 197
0 3 0.40 198
0 3 0.40 199
0 3 0.40 200
0 3 0.40 201
0 3 0.40 202
0 3 0.39 203
0 3 0.39 204
0 3 0.39 205
0 3 0.39 206
0 3 0.39 207
0 3 0.39 208
0 3 0.39 209
0 3 0.39 210
0 3 0.39 211
0 3 0.39 212
0 3 0.39 213
0 3 0.39 214
0 3 0.39 215
0 3 0.39 216
0 3 0.39 217
0 3 0.39 218
0 3 0.39 219
0 3 0.39 220
0 3 0.38 221
0 3 0.39 222
0 3 0.39 223
0 3 0.38 224
0 3 0.39 225
0 3 0.38 226
0 3 0.39 227
0 3 0.39 228
0 3 0.39 229
0 3 0.39 230
0 3 0.39 231
0 3 0.39 232
0 3 0.39 233
0 3 0.38 234
0 3 0.38 235
0 3 0.39 236
0 3 0.38 237
0 3 0.38 238
0 3 0.38 239
0 3 0.38 240
0 3 0.38 241
0 3 0.38 242
0 3 0.39 243
0 3 0.39 244
0 3 0.39 245
0 3 0.39 246
0 3 0.39 247
0 3 0.39 248
0 3 0.39 249
0 3 0.39 250
0 3 0.39 251
0 3 0.39 252
0 3 0.39 253
0 3 0.39 254
0 3 0.39 255
0 3 0.39 256
0 3 0.39 257
0 3 0.38 258
0 3 0.39 259
0 3 0.38 260
0 3 0.38 261
0 3 0.39 262
0 3 0.38 263
0 3 0.38 264
0 3 0.38 265
0 3 0.38 266
0 3 0.38 267
0 3 0.38 268
0 3 0.38 269
0 3 0.38 270
0 3 0.38 271
0 3 0.38 272
0 3 0.38 273
0 3 0.39 274
0 3 0.39 275
0 3 0.38 276
0 3 0.38 277
0 3 0.38 278
0 3 0.38 279
0 3 0.38 280
0 3 0.38 281
0 3 0.38 282
0 3 0.38 283
0 3 0.38 284
0 3 0.38 285
0 3 0.38 286
0 3 0.38 287
0 3 0.38 288
0 3 0.38 289
0 3 0.38 290
0 3 0.38 291
0 3 0.38 292
0 3 0.38 293
0 3 0.38 294
0 3 0.38 295
0 3 0.38 296
0 3 0.37 297
0 3 0.37 298
0 3 0.37 299
0 3 0.37 300
0 3 0.37 301
0 3 0.37 302
0 3 0.37 303
0 3 0.37 304
0 3 0.37 305
0 3 0.37 306
0 3 0.36 307
0 3 0.37 308
0 3 0.37 309
0 3 0.36 310
0 3 0.36 311
0 3 0.36 312
0 3 0.36 313
0 3 0.36 314
0 3 0.36 315
0 3 0.36 316
0 3 0.36 317
0 3 0.36 318
0 3 0.36 319
0 3 0.36 320
0 3 0.36 321
0 3 0.36 322
0 3 0.36 323
0 3 0.36 324
0 3 0.36 325
0 3 0.36 326
0 3 0.36 327
0 3 0.36 328
0 3 0.36 329
0 3 0.36 330
0 3 0.36 331
0 3 0.36 332
0 3 0.36 333
0 3 0.36 334
0 3 0.36 335
0 3 0.36 336
0 3 0.36 337
0 3 0.36 338
0 3 0.36 339
0 3 0.36 340
0 3 0.36 341
0 3 0.36 342
0 3 0.36 343
0 3 0.36 344
0 3 0.36 345
0 3 0.36 346
0 3 0.36 347
0 3 0.36 348
0 3 0.36 349
0 3 0.36 350
0 3 0.36 351
0 3 0.36 352
0 3 0.36 353
0 3 0.36 354
0 3 0.35 355
0 3 0.35 356
0 3 0.36 357
0 3 0.35 358
0 3 0.36 359
0 3 0.36 360
0 3 0.35 361
0 3 0.35 362
0 3 0.36 363
0 3 0.35 364
0 3 0.36 365
0 3 0.36 366
0 3 0.35 367
0 3 0.35 368
0 3 0.35 369
0 3 0.35 370
0 3 0.35 371
0 3 0.35 372
0 3 0.35 373
0 3 0.35 374
0 3 0.35 375
0 3 0.35 376
0 3 0.35 377
0 3 0.35 378
0 3 0.35 379
0 3 0.35 380
0 3 0.35 381
0 3 0.35 382
0 3 0.35 383
0 3 0.35 384
0 3 0.35 385
0 3 0.35 386
0 3 0.35 387
0 3 0.35 388
0 3 0.35 389
0 3 0.35 390
0 3 0.35 391
0 3 0.35 392
0 3 0.35 393
0 3 0.35 394
0 3 0.35 395
0 3 0.35 396
0 3 0.35 397
0 3 0.35 398
0 3 0.35 399
0 3 0.35 400
0 3 0.35 401
0 3 0.35 402
0 3 0.35 403
0 3 0.35 404
0 3 0.35 405
0 3 0.35 406
0 3 0.35 407
0 3 0.35 408
0 3 0.35 409
0 3 0.35 410
0 3 0.35 411
0 3 0.35 412
0 3 0.35 413
0 3 0.35 414
0 3 0.35 415
0 3 0.35 416
0 3 0.35 417
0 3 0.35 418
0 3 0.35 419
0 3 0.35 420
0 3 0.35 421
0 3 0.35 422
0 3 0.35 423
0 3 0.35 424
0 3 0.35 425
0 3 0.35 426
0 3 0.35 427
0 3 0.35 428
0 3 0.35 429
0 3 0.35 430
0 3 0.35 431
0 3 0.35 432
0 3 0.35 433
0 3 0.35 434
0 3 0.35 435
0 3 0.35 436
0 3 0.35 437
0 3 0.35 438
0 3 0.35 439
0 3 0.35 440
0 3 0.35 441
0 3 0.35 442
0 3 0.35 443
0 3 0.35 444
0 3 0.35 445
0 3 0.35 446
0 3 0.35 447
0 3 0.35 448
0 3 0.35 449
0 3 0.35 450
0 3 0.35 451
0 3 0.35 452
0 3 0.35 453
0 3 0.35 454
0 3 0.35 455
0 3 0.35 456
0 3 0.35 457
0 3 0.35 458
0 3 0.35 459
0 3 0.35 460
0 3 0.35 461
0 3 0.35 462
0 3 0.35 463
0 3 0.35 464
0 3 0.35 465
0 3 0.35 466
0 3 0.35 467
0 3 0.35 468
0 3 0.35 469
0 3 0.35 470
0 3 0.35 471
0 3 0.35 472
0 3 0.35 473
0 3 0.35 474
0 3 0.35 475
0 3 0.35 476
0 3 0.35 477
0 3 0.35 478
0 3 0.35 479
0 3 0.35 480
0 3 0.35 481
0 3 0.35 482
0 3 0.35 483
0 3 0.35 484
0 3 0.35 485
0 3 0.35 486
0 3 0.35 487
0 3 0.35 488
0 3 0.35 489
0 3 0.35 490
0 3 0.35 491
0 3 0.35 492
0 3 0.35 493
0 3 0.35 494
0 3 0.35 495
0 3 0.35 496
0 3 0.35 497
0 3 0.35 498
0 3 0.35 499
0 3 0.35 500
0 3 0.35 501
0 3 0.35 502
0 3 0.35 503
0 3 0.35 504
0 3 0.35 505
0 3 0.35 506
0 3 0.35 507
0 3 0.35 508
0 3 0.35 509
0 3 0.35 510
0 3 0.35 511
0 3 0.35 512
0 3 0.35 513
0 3 0.35 514
0 3 0.35 515
0 3 0.35 516
0 3 0.35 517
0 3 0.35 518
0 3 0.35 519
0 3 0.35 520
0 3 0.35 521
0 3 0.35 522
0 3 0.35 523
0 3 0.35 524
0 3 0.35 525
0 3 0.35 526
0 3 0.35 527
0 3 0.35 528
0 3 0.35 529
0 3 0.35 530
0 3 0.35 531
0 3 0.35 532
0 3 0.35 533
0 3 0.35 534
0 3 0.35 535
0 3 0.35 536
0 3 0.35 537
0 3 0.35 538
0 3 0.35 539
0 3 0.36 540
0 3 0.35 541
0 3 0.35 542
0 3 0.35 543
0 3 0.35 544
0 3 0.35 545
0 3 0.35 546
0 3 0.35 547
0 3 0.35 548
0 3 0.35 549
0 3 0.35 550
0 3 0.35 551
0 3 0.35 552
0 3 0.35 553
0 3 0.35 554
0 3 0.35 555
0 3 0.35 556
0 3 0.35 557
0 3 0.35 558
0 3 0.35 559
0 3 0.35 560
0 3 0.35 561
0 3 0.35 562
0 3 0.35 563
0 3 0.35 564
0 3 0.35 565
0 3 0.35 566
0 3 0.35 567
0 3 0.35 568
0 3 0.35 569
0 3 0.35 570
0 3 0.35 571
0 3 0.35 572
0 3 0.35 573
0 3 0.35 574
0 3 0.35 575
0 3 0.35 576
0 3 0.35 577
0 3 0.35 578
0 3 0.35 579
0 3 0.35 580
0 3 0.35 581
0 3 0.36 582
0 3 0.36 583
0 3 0.35 584
0 3 0.36 585
0 3 0.35 586
0 3 0.35 587
0 3 0.36 588
0 3 0.35 589
0 3 0.35 590
0 3 0.36 591
0 3 0.35 592
0 3 0.35 593
0 3 0.36 594
0 3 0.36 595
0 3 0.36 596
0 3 0.36 597
0 3 0.36 598
0 3 0.36 599
0 3 0.36 600
0 3 0.36 601
0 3 0.36 602
0 3 0.36 603
0 3 0.36 604
0 3 0.36 605
0 3 0.36 606
0 3 0.36 607
0 3 0.36 608
0 3 0.35 609
0 3 0.35 610
0 3 0.35 611
0 3 0.35 612
0 3 0.35 613
0 3 0.35 614
0 3 0.35 615
0 3 0.35 616
0 3 0.35 617
0 3 0.35 618
0 3 0.35 619
0 3 0.35 620
0 3 0.35 621
0 3 0.35 622
0 3 0.35 623
0 3 0.35 624
0 3 0.35 625
0 3 0.35 626
0 3 0.35 627
0 3 0.35 628
0 3 0.35 629
0 3 0.35 630
0 3 0.35 631
0 3 0.35 632
0 3 0.35 633
0 3 0.35 634
0 3 0.35 635
0 3 0.35 636
0 3 0.35 637
0 3 0.35 638
0 3 0.35 639
0 3 0.35 640
0 3 0.35 641
0 3 0.35 642
0 3 0.35 643
0 3 0.35 644
0 3 0.35 645
0 3 0.35 646
0 3 0.35 647
0 3 0.35 648
0 3 0.35 649
0 3 0.35 650
0 3 0.35 651
0 3 0.35 652
0 3 0.35 653
0 3 0.35 654
0 3 0.35 655
0 3 0.35 656
0 3 0.35 657
0 3 0.35 658
0 3 0.36 659
0 3 0.36 660
0 3 0.36 661
0 3 0.35 662
0 3 0.36 663
0 3 0.36 664
0 3 0.36 665
0 3 0.36 666
0 3 0.36 667
0 3 0.36 668
0 3 0.36 669
0 3 0.36 670
0 3 0.35 671
0 3 0.36 672
0 3 0.36 673
0 3 0.36 674
0 3 0.36 675
0 3 0.36 676
0 3 0.35 677
0 3 0.35 678
0 3 0.35 679
0 3 0.35 680
0 3 0.36 681
0 3 0.35 682
0 3 0.35 683
0 3 0.35 684
0 3 0.35 685
0 3 0.35 686
0 3 0.35 687
0 3 0.35 688
0 3 0.35 689
0 3 0.35 690
0 3 0.35 691
0 3 0.35 692
0 3 0.35 693
0 3 0.35 694
0 3 0.35 695
0 3 0.35 696
0 3 0.35 697
0 3 0.35 698
0 3 0.35 699
0 3 0.35 700
0 3 0.35 701
0 3 0.35 702
0 3 0.35 703
0 3 0.35 704
0 3 0.35 705
0 3 0.35 706
0 3 0.35 707
0 3 0.35 708
0 3 0.35 709
0 3 0.35 710
0 3 0.35 711
0 3 0.35 712
0 3 0.35 713
0 3 0.35 714
0 3 0.35 715
0 3 0.35 716
0 3 0.35 717
0 3 0.35 718
0 3 0.35 719
0 3 0.35 720
0 3 0.35 721
0 3 0.35 722
0 3 0.35 723
0 3 0.35 724
0 3 0.35 725
0 3 0.35 726
0 3 0.35 727
0 3 0.35 728
0 3 0.35 729
0 3 0.35 730
0 3 0.35 731
0 3 0.35 732
0 3 0.35 733
0 3 0.35 734
0 3 0.35 735
0 3 0.35 736
0 3 0.35 737
0 3 0.35 738
0 3 0.35 739
0 3 0.35 740
0 3 0.35 741
0 3 0.35 742
0 3 0.35 743
0 3 0.35 744
0 3 0.34 745
0 3 0.34 746
0 3 0.34 747
0 3 0.34 748
0 3 0.34 749
0 3 0.34 750
0 3 0.34 751
0 3 0.34 752
0 3 0.34 753
0 3 0.34 754
0 3 0.34 755
0 3 0.34 756
0 3 0.34 757
0 3 0.34 758
0 3 0.35 759
0 3 0.34 760
0 3 0.34 761
0 3 0.35 762
0 3 0.34 763
0 3 0.35 764
0 3 0.35 765
0 3 0.34 766
0 3 0.34 767
0 3 0.34 768
0 3 0.34 769
0 3 0.34 770
0 3 0.34 771
0 3 0.34 772
0 3 0.34 773
0 3 0.34 774
0 3 0.34 775
0 3 0.34 776
0 3 0.34 777
0 3 0.34 778
0 3 0.34 779
0 3 0.34 780
0 3 0.34 781
0 3 0.34 782
0 3 0.34 783
0 3 0.34 784
0 3 0.34 785
0 3 0.34 786
0 3 0.34 787
0 3 0.34 788
0 3 0.34 789
0 3 0.34 790
0 3 0.34 791
0 3 0.34 792
0 3 0.34 793
0 3 0.34 794
0 3 0.34 795
0 3 0.34 796
0 3 0.34 797
0 3 0.34 798
0 3 0.34 799
0 3 0.34 800
0 3 0.34 801
0 3 0.34 802
0 3 0.34 803
0 3 0.34 804
0 3 0.34 805
0 3 0.34 806
0 3 0.34 807
0 3 0.34 808
0 3 0.34 809
0 3 0.34 810
0 3 0.34 811
0 3 0.34 812
0 3 0.34 813
0 3 0.34 814
0 3 0.34 815
0 3 0.34 816
0 3 0.34 817
0 3 0.34 818
0 3 0.34 819
0 3 0.34 820
0 3 0.34 821
0 3 0.34 822
0 3 0.34 823
0 3 0.34 824
0 3 0.34 825
0 3 0.34 826
0 3 0.34 827
0 3 0.34 828
0 3 0.34 829
0 3 0.34 830
0 3 0.34 831
0 3 0.34 832
0 3 0.34 833
0 3 0.34 834
0 3 0.34 835
0 3 0.34 836
0 3 0.34 837
0 3 0.34 838
0 3 0.34 839
0 3 0.34 840
0 3 0.34 841
0 3 0.34 842
0 3 0.34 843
0 3 0.34 844
0 3 0.34 845
0 3 0.34 846
0 3 0.34 847
0 3 0.34 848
0 3 0.34 849
0 3 0.34 850
0 3 0.34 851
0 3 0.34 852
0 3 0.34 853
0 3 0.34 854
0 3 0.34 855
0 3 0.34 856
0 3 0.34 857
0 3 0.34 858
0 3 0.34 859
0 3 0.34 860
0 3 0.34 861
0 3 0.34 862
0 3 0.34 863
0 3 0.34 864
0 3 0.34 865
0 3 0.34 866
0 3 0.34 867
0 3 0.34 868
0 3 0.34 869
0 3 0.34 870
0 3 0.34 871
0 3 0.34 872
0 3 0.34 873
0 3 0.34 874
0 3 0.34 875
0 3 0.34 876
0 3 0.34 877
0 3 0.34 878
0 3 0.34 879
0 3 0.34 880
0 3 0.34 881
0 3 0.34 882
0 3 0.34 883
0 3 0.34 884
0 3 0.34 885
0 3 0.34 886
0 3 0.34 887
0 3 0.34 888
0 3 0.34 889
0 3 0.34 890
0 3 0.34 891
0 3 0.34 892
0 3 0.34 893
0 3 0.34 894
0 3 0.34 895
0 3 0.34 896
0 3 0.34 897
0 3 0.34 898
0 3 0.34 899
0 3 0.34 900
0 3 0.34 901
0 3 0.34 902
0 3 0.34 903
0 3 0.35 904
0 3 0.34 905
0 3 0.34 906
0 3 0.34 907
0 3 0.34 908
0 3 0.35 909
0 3 0.35 910
0 3 0.35 911
0 3 0.35 912
0 3 0.35 913
0 3 0.35 914
0 3 0.35 915
0 3 0.35 916
0 3 0.35 917
0 3 0.35 918
0 3 0.35 919
0 3 0.35 920
0 3 0.35 921
0 3 0.35 922
0 3 0.35 923
0 3 0.35 924
0 3 0.35 925
0 3 0.35 926
0 3 0.35 927
0 3 0.35 928
0 3 0.35 929
0 3 0.35 930
0 3 0.35 931
0 3 0.35 932
0 3 0.35 933
0 3 0.35 934
0 3 0.35 935
0 3 0.35 936
0 3 0.35 937
0 3 0.35 938
0 3 0.35 939
0 3 0.35 940
0 3 0.35 941
0 3 0.35 942
0 3 0.35 943
0 3 0.35 944
0 3 0.35 945
0 3 0.35 946
0 3 0.35 947
0 3 0.35 948
0 3 0.35 949
0 3 0.35 950
0 3 0.35 951
0 3 0.35 952
0 3 0.35 953
0 3 0.3