0 0 0.00 1
0 1 0.50 2
0 1 0.33 3
0 1 0.25 4
0 1 0.40 5
0 1 0.33 6
0 1 0.29 7
0 1 0.25 8
0 1 0.33 9
0 1 0.30 10
0 1 0.27 11
0 1 0.25 12
0 1 0.31 13
0 1 0.29 14
0 1 0.27 15
0 1 0.25 16
0 1 0.24 17
0 1 0.22 18
0 1 0.26 19
0 1 0.25 20
0 1 0.29 21
0 1 0.27 22
0 1 0.26 23
0 1 0.25 24
0 1 0.24 25
0 1 0.23 26
0 1 0.22 27
0 1 0.21 28
0 1 0.24 29
0 1 0.23 30
0 1 0.23 31
0 1 0.22 32
0 1 0.24 33
0 1 0.24 34
0 1 0.26 35
0 1 0.25 36
0 1 0.24 37
0 1 0.24 38
0 1 0.23 39
0 1 0.25 40
0 1 0.24 41
0 1 0.24 42
0 1 0.23 43
0 1 0.23 44
0 1 0.22 45
0 1 0.22 46
0 1 0.21 47
0 1 0.21 48
0 1 0.20 49
0 1 0.20 50
0 1 0.22 51
0 1 0.21 52
0 1 0.21 53
0 1 0.20 54
0 1 0.20 55
0 1 0.20 56
0 1 0.19 57
0 1 0.21 58
0 1 0.22 59
0 1 0.22 60
0 1 0.21 61
0 1 0.23 62
0 1 0.22 63
0 1 0.22 64
0 1 0.22 65
0 1 0.21 66
0 1 0.21 67
0 1 0.22 68
0 1 0.22 69
0 1 0.21 70
0 1 0.21 71
0 1 0.21 72
0 1 0.21 73
0 1 0.20 74
0 1 0.20 75
0 1 0.20 76
0 1 0.19 77
0 1 0.19 78
0 1 0.19 79
0 1 0.19 80
0 1 0.19 81
0 1 0.18 82
0 1 0.18 83
0 1 0.19 84
0 1 0.19 85
0 1 0.19 86
0 1 0.18 87
0 1 0.18 88
0 1 0.18 89
0 1 0.19 90
0 1 0.19 91
0 1 0.18 92
0 1 0.19 93
0 1 0.19 94
0 1 0.19 95
0 1 0.19 96
0 1 0.19 97
0 1 0.18 98
0 1 0.18 99
0 1 0.18 100
0 1 0.18 101
0 1 0.19 102
0 1 0.18 103
0 1 0.18 104
0 1 0.18 105
0 1 0.18 106
0 1 0.19 107
0 1 0.19 108
0 1 0.18 109
0 1 0.18 110
0 1 0.18 111
0 1 0.18 112
0 1 0.18 113
0 1 0.18 114
0 1 0.18 115
0 1 0.18 116
0 1 0.18 117
0 1 0.19 118
0 1 0.18 119
0 1 0.18 120
0 1 0.19 121
0 1 0.19 122
0 1 0.19 123
0 1 0.19 124
0 1 0.18 125
0 1 0.18 126
0 1 0.18 127
0 1 0.18 128
0 1 0.18 129
0 1 0.18 130
0 1 0.18 131
0 1 0.18 132
0 1 0.18 133
0 1 0.19 134
0 1 0.19 135
0 1 0.18 136
0 1 0.18 137
0 1 0.18 138
0 1 0.18 139
0 1 0.18 140
0 1 0.18 141
0 1 0.18 142
0 1 0.18 143
0 1 0.19 144
0 1 0.19 145
0 1 0.18 146
0 1 0.18 147
0 1 0.19 148
0 1 0.19 149
0 1 0.19 150
0 1 0.19 151
0 1 0.19 152
0 1 0.19 153
0 1 0.19 154
0 1 0.19 155
0 1 0.19 156
0 1 0.19 157
0 1 0.19 158
0 1 0.19 159
0 1 0.19 160
0 1 0.19 161
0 1 0.19 162
0 1 0.19 163
0 1 0.19 164
0 1 0.19 165
0 1 0.19 166
0 1 0.19 167
0 1 0.19 168
0 1 0.19 169
0 1 0.19 170
0 1 0.19 171
0 1 0.19 172
0 1 0.20 173
0 1 0.20 174
0 1 0.19 175
0 1 0.19 176
0 1 0.20 177
0 1 0.20 178
0 1 0.20 179
0 1 0.20 180
0 1 0.20 181
0 1 0.20 182
0 1 0.20 183
0 1 0.20 184
0 1 0.20 185
0 1 0.20 186
0 1 0.20 187
0 1 0.20 188
0 1 0.20 189
0 1 0.21 190
0 1 0.20 191
0 1 0.20 192
0 1 0.21 193
0 1 0.21 194
0 1 0.21 195
0 1 0.20 196
0 1 0.20 197
0 1 0.20 198
0 1 0.20 199
0 1 0.20 200
0 1 0.20 201
0 1 0.20 202
0 1 0.21 203
0 1 0.21 204
0 1 0.21 205
0 1 0.21 206
0 1 0.21 207
0 1 0.21 208
0 1 0.21 209
0 1 0.21 210
0 1 0.21 211
0 1 0.21 212
0 1 0.21 213
0 1 0.21 214
0 1 0.20 215
0 1 0.20 216
0 1 0.20 217
0 1 0.20 218
0 1 0.20 219
0 1 0.20 220
0 1 0.20 221
0 1 0.20 222
0 1 0.20 223
0 1 0.20 224
0 1 0.20 225
0 1 0.20 226
0 1 0.20 227
0 1 0.21 228
0 1 0.21 229
0 1 0.20 230
0 1 0.20 231
0 1 0.21 232
0 1 0.21 233
0 1 0.21 234
0 1 0.20 235
0 1 0.21 236
0 1 0.21 237
0 1 0.21 238
0 1 0.21 239
0 1 0.20 240
0 1 0.20 241
0 1 0.21 242
0 1 0.21 243
0 1 0.20 244
0 1 0.20 245
0 1 0.21 246
0 1 0.21 247
0 1 0.21 248
0 1 0.21 249
0 1 0.21 250
0 1 0.21 251
0 1 0.21 252
0 1 0.21 253
0 1 0.20 254
0 1 0.21 255
0 1 0.21 256
0 1 0.21 257
0 1 0.21 258
0 1 0.21 259
0 1 0.21 260
0 1 0.21 261
0 1 0.21 262
0 1 0.21 263
0 1 0.21 264
0 1 0.21 265
0 1 0.21 266
0 1 0.21 267
0 1 0.21 268
0 1 0.21 269
0 1 0.21 270
0 1 0.21 271
0 1 0.21 272
0 1 0.21 273
0 1 0.21 274
0 1 0.21 275
0 1 0.21 276
0 1 0.21 277
0 1 0.21 278
0 1 0.21 279
0 1 0.21 280
0 1 0.21 281
0 1 0.21 282
0 1 0.21 283
0 1 0.21 284
0 1 0.21 285
0 1 0.21 286
0 1 0.21 287
0 1 0.22 288
0 1 0.21 289
0 1 0.22 290
0 1 0.22 291
0 1 0.22 292
0 1 0.22 293
0 1 0.22 294
0 1 0.22 295
0 1 0.22 296
0 1 0.22 297
0 1 0.22 298
0 1 0.22 299
0 1 0.22 300
0 1 0.22 301
0 1 0.22 302
0 1 0.22 303
0 1 0.22 304
0 1 0.22 305
0 1 0.22 306
0 1 0.21 307
0 1 0.21 308
0 1 0.21 309
0 1 0.21 310
0 1 0.21 311
0 1 0.21 312
0 1 0.21 313
0 1 0.21 314
0 1 0.21 315
0 1 0.21 316
0 1 0.21 317
0 1 0.21 318
0 1 0.21 319
0 1 0.21 320
0 1 0.21 321
0 1 0.20 322
0 1 0.20 323
0 1 0.20 324
0 1 0.20 325
0 1 0.21 326
0 1 0.20 327
0 1 0.20 328
0 1 0.20 329
0 1 0.20 330
0 1 0.20 331
0 1 0.20 332
0 1 0.20 333
0 1 0.20 334
0 1 0.20 335
0 1 0.20 336
0 1 0.20 337
0 1 0.20 338
0 1 0.20 339
0 1 0.20 340
0 1 0.20 341
0 1 0.20 342
0 1 0.20 343
0 1 0.20 344
0 1 0.20 345
0 1 0.20 346
0 1 0.20 347
0 1 0.20 348
0 1 0.20 349
0 1 0.20 350
0 1 0.20 351
0 1 0.20 352
0 1 0.20 353
0 1 0.20 354
0 1 0.20 355
0 1 0.20 356
0 1 0.20 357
0 1 0.20 358
0 1 0.19 359
0 1 0.20 360
0 1 0.20 361
0 1 0.20 362
0 1 0.20 363
0 1 0.20 364
0 1 0.20 365
0 1 0.20 366
0 1 0.20 367
0 1 0.20 368
0 1 0.20 369
0 1 0.19 370
0 1 0.19 371
0 1 0.19 372
0 1 0.19 373
0 1 0.19 374
0 1 0.19 375
0 1 0.19 376
0 1 0.19 377
0 1 0.20 378
0 1 0.20 379
0 1 0.19 380
0 1 0.19 381
0 1 0.19 382
0 1 0.20 383
0 1 0.20 384
0 1 0.19 385
0 1 0.20 386
0 1 0.20 387
0 1 0.20 388
0 1 0.20 389
0 1 0.20 390
0 1 0.20 391
0 1 0.20 392
0 1 0.20 393
0 1 0.20 394
0 1 0.20 395
0 1 0.20 396
0 1 0.20 397
0 1 0.20 398
0 1 0.20 399
0 1 0.20 400
0 1 0.20 401
0 1 0.20 402
0 1 0.20 403
0 1 0.20 404
0 1 0.20 405
0 1 0.19 406
0 1 0.19 407
0 1 0.19 408
0 1 0.20 409
0 1 0.20 410
0 1 0.19 411
0 1 0.19 412
0 1 0.20 413
0 1 0.20 414
0 1 0.20 415
0 1 0.20 416
0 1 0.20 417
0 1 0.20 418
0 1 0.20 419
0 1 0.20 420
0 1 0.19 421
0 1 0.19 422
0 1 0.19 423
0 1 0.19 424
0 1 0.19 425
0 1 0.19 426
0 1 0.19 427
0 1 0.19 428
0 1 0.19 429
0 1 0.19 430
0 1 0.19 431
0 1 0.19 432
0 1 0.19 433
0 1 0.20 434
0 1 0.20 435
0 1 0.19 436
0 1 0.19 437
0 1 0.19 438
0 1 0.20 439
0 1 0.20 440
0 1 0.20 441
0 1 0.20 442
0 1 0.20 443
0 1 0.20 444
0 1 0.20 445
0 1 0.20 446
0 1 0.20 447
0 1 0.20 448
0 1 0.20 449
0 1 0.20 450
0 1 0.20 451
0 1 0.20 452
0 1 0.20 453
0 1 0.20 454
0 1 0.20 455
0 1 0.20 456
0 1 0.20 457
0 1 0.20 458
0 1 0.20 459
0 1 0.20 460
0 1 0.20 461
0 1 0.20 462
0 1 0.20 463
0 1 0.20 464
0 1 0.20 465
0 1 0.20 466
0 1 0.20 467
0 1 0.20 468
0 1 0.20 469
0 1 0.20 470
0 1 0.20 471
0 1 0.20 472
0 1 0.20 473
0 1 0.20 474
0 1 0.20 475
0 1 0.20 476
0 1 0.19 477
0 1 0.20 478
0 1 0.20 479
0 1 0.20 480
0 1 0.20 481
0 1 0.20 482
0 1 0.20 483
0 1 0.20 484
0 1 0.20 485
0 1 0.20 486
0 1 0.20 487
0 1 0.20 488
0 1 0.20 489
0 1 0.20 490
0 1 0.20 491
0 1 0.20 492
0 1 0.20 493
0 1 0.20 494
0 1 0.20 495
0 1 0.20 496
0 1 0.20 497
0 1 0.20 498
0 1 0.20 499
0 1 0.20 500
0 1 0.20 501
0 1 0.20 502
0 1 0.20 503
0 1 0.20 504
0 1 0.20 505
0 1 0.20 506
0 1 0.20 507
0 1 0.20 508
0 1 0.20 509
0 1 0.20 510
0 1 0.20 511
0 1 0.20 512
0 1 0.20 513
0 1 0.20 514
0 1 0.20 515
0 1 0.20 516
0 1 0.20 517
0 1 0.20 518
0 1 0.20 519
0 1 0.20 520
0 1 0.20 521
0 1 0.20 522
0 1 0.20 523
0 1 0.20 524
0 1 0.20 525
0 1 0.20 526
0 1 0.20 527
0 1 0.20 528
0 1 0.20 529
0 1 0.20 530
0 1 0.20 531
0 1 0.20 532
0 1 0.20 533
0 1 0.20 534
0 1 0.20 535
0 1 0.20 536
0 1 0.20 537
0 1 0.20 538
0 1 0.20 539
0 1 0.20 540
0 1 0.20 541
0 1 0.20 542
0 1 0.20 543
0 1 0.20 544
0 1 0.20 545
0 1 0.20 546
0 1 0.20 547
0 1 0.20 548
0 1 0.20 549
0 1 0.20 550
0 1 0.20 551
0 1 0.20 552
0 1 0.20 553
0 1 0.20 554
0 1 0.20 555
0 1 0.20 556
0 1 0.20 557
0 1 0.20 558
0 1 0.20 559
0 1 0.20 560
0 1 0.20 561
0 1 0.20 562
0 1 0.20 563
0 1 0.20 564
0 1 0.20 565
0 1 0.20 566
0 1 0.20 567
0 1 0.20 568
0 1 0.20 569
0 1 0.20 570
0 1 0.20 571
0 1 0.20 572
0 1 0.20 573
0 1 0.20 574
0 1 0.20 575
0 1 0.20 576
0 1 0.20 577
0 1 0.20 578
0 1 0.20 579
0 1 0.20 580
0 1 0.20 581
0 1 0.20 582
0 1 0.20 583
0 1 0.20 584
0 1 0.20 585
0 1 0.20 586
0 1 0.20 587
0 1 0.20 588
0 1 0.20 589
0 1 0.20 590
0 1 0.20 591
0 1 0.20 592
0 1 0.20 593
0 1 0.20 594
0 1 0.20 595
0 1 0.20 596
0 1 0.20 597
0 1 0.20 598
0 1 0.20 599
0 1 0.20 600
0 1 0.20 601
0 1 0.20 602
0 1 0.20 603
0 1 0.20 604
0 1 0.20 605
0 1 0.20 606
0 1 0.20 607
0 1 0.20 608
0 1 0.20 609
0 1 0.20 610
0 1 0.20 611
0 1 0.20 612
0 1 0.20 613
0 1 0.20 614
0 1 0.20 615
0 1 0.20 616
0 1 0.20 617
0 1 0.20 618
0 1 0.20 619
0 1 0.20 620
0 1 0.20 621
0 1 0.20 622
0 1 0.20 623
0 1 0.20 624
0 1 0.20 625
0 1 0.20 626
0 1 0.20 627
0 1 0.20 628
0 1 0.20 629
0 1 0.20 630
0 1 0.20 631
0 1 0.20 632
0 1 0.20 633
0 1 0.20 634
0 1 0.20 635
0 1 0.20 636
0 1 0.20 637
0 1 0.20 638
0 1 0.20 639
0 1 0.20 640
0 1 0.20 641
0 1 0.20 642
0 1 0.20 643
0 1 0.20 644
0 1 0.20 645
0 1 0.20 646
0 1 0.20 647
0 1 0.20 648
0 1 0.20 649
0 1 0.20 650
0 1 0.20 651
0 1 0.20 652
0 1 0.20 653
0 1 0.20 654
0 1 0.20 655
0 1 0.20 656
0 1 0.20 657
0 1 0.20 658
0 1 0.20 659
0 1 0.20 660
0 1 0.20 661
0 1 0.20 662
0 1 0.20 663
0 1 0.20 664
0 1 0.20 665
0 1 0.20 666
0 1 0.20 667
0 1 0.20 668
0 1 0.20 669
0 1 0.20 670
0 1 0.20 671
0 1 0.20 672
0 1 0.20 673
0 1 0.20 674
0 1 0.20 675
0 1 0.20 676
0 1 0.20 677
0 1 0.20 678
0 1 0.20 679
0 1 0.20 680
0 1 0.20 681
0 1 0.20 682
0 1 0.20 683
0 1 0.20 684
0 1 0.20 685
0 1 0.20 686
0 1 0.20 687
0 1 0.20 688
0 1 0.20 689
0 1 0.20 690
0 1 0.20 691
0 1 0.20 692
0 1 0.20 693
0 1 0.20 694
0 1 0.20 695
0 1 0.20 696
0 1 0.20 697
0 1 0.20 698
0 1 0.20 699
0 1 0.20 700
0 1 0.20 701
0 1 0.20 702
0 1 0.20 703
0 1 0.20 704
0 1 0.20 705
0 1 0.20 706
0 1 0.20 707
0 1 0.20 708
0 1 0.20 709
0 1 0.20 710
0 1 0.20 711
0 1 0.20 712
0 1 0.20 713
0 1 0.20 714
0 1 0.20 715
0 1 0.20 716
0 1 0.20 717
0 1 0.20 718
0 1 0.20 719
0 1 0.20 720
0 1 0.20 721
0 1 0.20 722
0 1 0.20 723
0 1 0.20 724
0 1 0.20 725
0 1 0.20 726
0 1 0.20 727
0 1 0.20 728
0 1 0.20 729
0 1 0.20 730
0 1 0.20 731
0 1 0.20 732
0 1 0.20 733
0 1 0.20 734
0 1 0.20 735
0 1 0.20 736
0 1 0.20 737
0 1 0.20 738
0 1 0.20 739
0 1 0.20 740
0 1 0.20 741
0 1 0.20 742
0 1 0.20 743
0 1 0.20 744
0 1 0.20 745
0 1 0.20 746
0 1 0.20 747
0 1 0.20 748
0 1 0.19 749
0 1 0.19 750
0 1 0.19 751
0 1 0.20 752
0 1 0.20 753
0 1 0.19 754
0 1 0.19 755
0 1 0.19 756
0 1 0.20 757
0 1 0.20 758
0 1 0.19 759
0 1 0.19 760
0 1 0.19 761
0 1 0.20 762
0 1 0.20 763
0 1 0.20 764
0 1 0.19 765
0 1 0.19 766
0 1 0.19 767
0 1 0.19 768
0 1 0.19 769
0 1 0.19 770
0 1 0.19 771
0 1 0.19 772
0 1 0.19 773
0 1 0.19 774
0 1 0.19 775
0 1 0.19 776
0 1 0.19 777
0 1 0.19 778
0 1 0.19 779
0 1 0.19 780
0 1 0.19 781
0 1 0.19 782
0 1 0.19 783
0 1 0.19 784
0 1 0.19 785
0 1 0.19 786
0 1 0.19 787
0 1 0.19 788
0 1 0.19 789
0 1 0.19 790
0 1 0.19 791
0 1 0.19 792
0 1 0.19 793
0 1 0.19 794
0 1 0.19 795
0 1 0.19 796
0 1 0.19 797
0 1 0.19 798
0 1 0.19 799
0 1 0.19 800
0 1 0.19 801
0 1 0.19 802
0 1 0.19 803
0 1 0.20 804
0 1 0.20 805
0 1 0.19 806
0 1 0.19 807
0 1 0.19 808
0 1 0.19 809
0 1 0.20 810
0 1 0.19 811
0 1 0.19 812
0 1 0.19 813
0 1 0.20 814
0 1 0.20 815
0 1 0.19 816
0 1 0.20 817
0 1 0.20 818
0 1 0.20 819
0 1 0.20 820
0 1 0.20 821
0 1 0.20 822
0 1 0.20 823
0 1 0.20 824
0 1 0.20 825
0 1 0.19 826
0 1 0.19 827
0 1 0.19 828
0 1 0.19 829
0 1 0.20 830
0 1 0.19 831
0 1 0.19 832
0 1 0.19 833
0 1 0.20 834
0 1 0.20 835
0 1 0.19 836
0 1 0.19 837
0 1 0.20 838
0 1 0.20 839
0 1 0.20 840
0 1 0.20 841
0 1 0.19 842
0 1 0.19 843
0 1 0.19 844
0 1 0.19 845
0 1 0.20 846
0 1 0.19 847
0 1 0.19 848
0 1 0.19 849
0 1 0.19 850
0 1 0.19 851
0 1 0.19 852
0 1 0.19 853
0 1 0.19 854
0 1 0.19 855
0 1 0.19 856
0 1 0.19 857
0 1 0.19 858
0 1 0.19 859
0 1 0.19 860
0 1 0.19 861
0 1 0.19 862
0 1 0.19 863
0 1 0.19 864
0 1 0.19 865
0 1 0.20 866
0 1 0.19 867
0 1 0.19 868
0 1 0.19 869
0 1 0.20 870
0 1 0.20 871
0 1 0.19 872
0 1 0.19 873
0 1 0.20 874
0 1 0.20 875
0 1 0.20 876
0 1 0.19 877
0 1 0.19 878
0 1 0.20 879
0 1 0.20 880
0 1 0.20 881
0 1 0.20 882
0 1 0.19 883
0 1 0.19 884
0 1 0.19 885
0 1 0.19 886
0 1 0.19 887
0 1 0.19 888
0 1 0.19 889
0 1 0.19 890
0 1 0.19 891
0 1 0.19 892
0 1 0.19 893
0 1 0.19 894
0 1 0.19 895
0 1 0.19 896
0 1 0.19 897
0 1 0.19 898
0 1 0.19 899
0 1 0.19 900
0 1 0.20 901
0 1 0.20 902
0 1 0.19 903
0 1 0.20 904
0 1 0.20 905
0 1 0.20 906
0 1 0.20 907
0 1 0.20 908
0 1 0.20 909
0 1 0.20 910
0 1 0.20 911
0 1 0.20 912
0 1 0.20 913
0 1 0.20 914
0 1 0.20 915
0 1 0.20 916
0 1 0.20 917
0 1 0.20 918
0 1 0.20 919
0 1 0.20 920
0 1 0.20 921
0 1 0.20 922
0 1 0.20 923
0 1 0.20 924
0 1 0.20 925
0 1 0.20 926
0 1 0.20 927
0 1 0.20 928
0 1 0.20 929
0 1 0.20 930
0 1 0.20 931
0 1 0.20 932
0 1 0.20 933
0 1 0.20 934
0 1 0.20 935
0 1 0.20 936
0 1 0.20 937
0 1 0.20 938
0 1 0.20 939
0 1 0.20 940
0 1 0.20 941
0 1 0.20 942
0 1 0.20 943
0 1 0.20 944
0 1 0.20 945
0 1 0.20 946
0 1 0.20 947
0 1 0.20 948
0 1 0.20 949
0 1 0.20 950
0 1 0.20 951
0 1 0.20 952
0 1 0.20 953
0 1 0.2