0 0 0.00 1
0 1 0.50 2
0 1 0.33 3
0 1 0.50 4
0 1 0.60 5
0 1 0.67 6
0 1 0.57 7
0 1 0.62 8
0 1 0.67 9
0 1 0.70 10
0 1 0.64 11
0 1 0.58 12
0 1 0.62 13
0 1 0.64 14
0 1 0.60 15
0 1 0.62 16
0 1 0.65 17
0 1 0.61 18
0 1 0.63 19
0 1 0.60 20
0 1 0.62 21
0 1 0.64 22
0 1 0.61 23
0 1 0.62 24
0 1 0.60 25
0 1 0.62 26
0 1 0.63 27
0 1 0.61 28
0 1 0.59 29
0 1 0.57 30
0 1 0.55 31
0 1 0.53 32
0 1 0.55 33
0 3 0.62 34
0 3 0.60 35
0 3 0.61 36
0 3 0.59 37
0 3 0.61 38
0 3 0.59 39
0 3 0.60 40
0 3 0.59 41
0 3 0.57 42
0 3 0.56 43
0 3 0.59 44
0 3 0.58 45
0 3 0.57 46
0 3 0.55 47
0 3 0.56 48
0 3 0.55 49
0 3 0.54 50
0 3 0.53 51
0 3 0.52 52
0 3 0.53 53
0 3 0.52 54
0 3 0.51 55
0 3 0.52 56
0 3 0.51 57
0 3 0.52 58
0 3 0.51 59
0 3 0.50 60
0 3 0.51 61
0 3 0.50 62
0 3 0.49 63
0 3 0.48 64
0 3 0.48 65
0 3 0.47 66
0 3 0.48 67
0 3 0.47 68
0 3 0.46 69
0 3 0.47 70
0 3 0.48 71
0 3 0.47 72
0 3 0.47 73
0 3 0.47 74
0 3 0.47 75
0 3 0.47 76
0 3 0.47 77
0 3 0.46 78
0 3 0.46 79
0 3 0.45 80
0 3 0.46 81
0 3 0.45 82
0 3 0.46 83
0 3 0.45 84
0 3 0.45 85
0 3 0.45 86
0 3 0.45 87
0 3 0.45 88
0 3 0.45 89
0 3 0.46 90
0 3 0.46 91
0 3 0.47 92
0 3 0.46 93
0 3 0.46 94
0 3 0.46 95
0 3 0.47 96
0 3 0.46 97
0 3 0.47 98
0 3 0.46 99
0 3 0.46 100
0 3 0.46 101
0 3 0.46 102
0 3 0.47 103
0 3 0.46 104
0 3 0.46 105
0 3 0.45 106
0 3 0.45 107
0 3 0.45 108
0 3 0.45 109
0 3 0.45 110
0 3 0.45 111
0 3 0.45 112
0 3 0.44 113
0 3 0.45 114
0 3 0.44 115
0 3 0.44 116
0 3 0.44 117
0 3 0.44 118
0 3 0.45 119
0 3 0.44 120
0 3 0.44 121
0 3 0.44 122
0 3 0.45 123
0 3 0.44 124
0 3 0.46 125
0 3 0.46 126
0 3 0.46 127
0 3 0.47 128
0 3 0.47 129
0 3 0.48 130
0 3 0.47 131
0 3 0.48 132
0 3 0.47 133
0 3 0.47 134
0 3 0.47 135
0 3 0.48 136
0 3 0.47 137
0 3 0.49 138
0 3 0.49 139
0 3 0.49 140
0 3 0.49 141
0 3 0.49 142
0 3 0.49 143
0 3 0.50 144
0 3 0.50 145
0 3 0.50 146
0 3 0.50 147
0 3 0.50 148
0 3 0.50 149
0 3 0.51 150
0 3 0.50 151
0 3 0.51 152
0 3 0.50 153
0 3 0.50 154
0 3 0.50 155
0 3 0.50 156
0 3 0.50 157
0 3 0.50 158
0 3 0.50 159
0 3 0.50 160
0 3 0.50 161
0 3 0.49 162
0 3 0.49 163
0 3 0.49 164
0 3 0.50 165
0 3 0.49 166
0 3 0.50 167
0 3 0.50 168
0 3 0.50 169
0 3 0.49 170
0 3 0.50 171
0 3 0.50 172
0 3 0.50 173
0 3 0.51 174
0 3 0.51 175
0 3 0.51 176
0 3 0.51 177
0 3 0.51 178
0 3 0.51 179
0 3 0.51 180
0 3 0.51 181
0 3 0.51 182
0 3 0.51 183
0 3 0.52 184
0 3 0.51 185
0 3 0.52 186
0 3 0.52 187
0 3 0.52 188
0 3 0.52 189
0 3 0.52 190
0 3 0.52 191
0 3 0.52 192
0 3 0.52 193
0 3 0.52 194
0 3 0.52 195
0 3 0.52 196
0 3 0.52 197
0 3 0.52 198
0 3 0.52 199
0 3 0.52 200
0 3 0.52 201
0 3 0.52 202
0 3 0.52 203
0 3 0.52 204
0 3 0.53 205
0 3 0.52 206
0 3 0.52 207
0 3 0.52 208
0 3 0.52 209
0 3 0.52 210
0 3 0.53 211
0 3 0.53 212
0 3 0.53 213
0 3 0.53 214
0 3 0.53 215
0 3 0.52 216
0 3 0.53 217
0 3 0.52 218
0 3 0.52 219
0 3 0.53 220
0 3 0.52 221
0 3 0.52 222
0 3 0.52 223
0 3 0.53 224
0 3 0.53 225
0 3 0.53 226
0 3 0.53 227
0 3 0.53 228
0 3 0.53 229
0 3 0.53 230
0 3 0.52 231
0 3 0.53 232
0 3 0.52 233
0 3 0.53 234
0 3 0.53 235
0 3 0.53 236
0 3 0.53 237
0 3 0.53 238
0 3 0.53 239
0 3 0.53 240
0 3 0.53 241
0 3 0.53 242
0 3 0.53 243
0 3 0.52 244
0 3 0.52 245
0 3 0.52 246
0 3 0.52 247
0 3 0.52 248
0 3 0.52 249
0 3 0.52 250
0 3 0.53 251
0 3 0.53 252
0 3 0.53 253
0 3 0.53 254
0 3 0.53 255
0 3 0.52 256
0 3 0.53 257
0 3 0.53 258
0 3 0.53 259
0 3 0.53 260
0 3 0.53 261
0 3 0.53 262
0 3 0.53 263
0 3 0.53 264
0 3 0.53 265
0 3 0.53 266
0 3 0.53 267
0 3 0.53 268
0 3 0.53 269
0 3 0.53 270
0 3 0.53 271
0 3 0.53 272
0 3 0.52 273
0 3 0.53 274
0 3 0.52 275
0 3 0.53 276
0 3 0.53 277
0 3 0.53 278
0 3 0.53 279
0 3 0.53 280
0 3 0.53 281
0 3 0.53 282
0 3 0.53 283
0 3 0.54 284
0 3 0.54 285
0 3 0.54 286
0 3 0.54 287
0 3 0.54 288
0 3 0.54 289
0 3 0.54 290
0 3 0.54 291
0 3 0.54 292
0 3 0.54 293
0 3 0.54 294
0 3 0.54 295
0 3 0.53 296
0 3 0.54 297
0 3 0.53 298
0 3 0.54 299
0 3 0.53 300
0 3 0.53 301
0 3 0.53 302
0 3 0.53 303
0 3 0.53 304
0 3 0.53 305
0 3 0.53 306
0 3 0.53 307
0 3 0.53 308
0 3 0.53 309
0 3 0.53 310
0 3 0.53 311
0 3 0.54 312
0 3 0.53 313
0 3 0.54 314
0 3 0.54 315
0 3 0.53 316
0 3 0.54 317
0 3 0.53 318
0 3 0.54 319
0 3 0.53 320
0 3 0.54 321
0 3 0.53 322
0 3 0.54 323
0 3 0.54 324
0 3 0.54 325
0 3 0.54 326
0 3 0.54 327
0 3 0.54 328
0 3 0.54 329
0 3 0.54 330
0 3 0.54 331
0 3 0.54 332
0 3 0.54 333
0 3 0.54 334
0 3 0.54 335
0 3 0.54 336
0 3 0.54 337
0 3 0.54 338
0 3 0.54 339
0 3 0.54 340
0 3 0.54 341
0 3 0.54 342
0 3 0.54 343
0 3 0.54 344
0 3 0.54 345
0 3 0.54 346
0 3 0.54 347
0 3 0.53 348
0 3 0.53 349
0 3 0.53 350
0 3 0.53 351
0 3 0.53 352
0 3 0.53 353
0 3 0.53 354
0 3 0.53 355
0 3 0.53 356
0 3 0.53 357
0 3 0.53 358
0 3 0.53 359
0 3 0.53 360
0 3 0.53 361
0 3 0.53 362
0 3 0.53 363
0 3 0.53 364
0 3 0.53 365
0 3 0.53 366
0 3 0.53 367
0 3 0.53 368
0 3 0.53 369
0 3 0.53 370
0 3 0.53 371
0 3 0.52 372
0 3 0.53 373
0 3 0.53 374
0 3 0.53 375
0 3 0.53 376
0 3 0.53 377
0 3 0.53 378
0 3 0.53 379
0 3 0.53 380
0 3 0.52 381
0 3 0.52 382
0 3 0.52 383
0 3 0.53 384
0 3 0.52 385
0 3 0.52 386
0 3 0.52 387
0 3 0.52 388
0 3 0.52 389
0 3 0.52 390
0 3 0.52 391
0 3 0.52 392
0 3 0.52 393
0 3 0.52 394
0 3 0.52 395
0 3 0.53 396
0 3 0.53 397
0 3 0.53 398
0 3 0.53 399
0 3 0.53 400
0 3 0.53 401
0 3 0.53 402
0 3 0.53 403
0 3 0.53 404
0 3 0.53 405
0 3 0.53 406
0 3 0.53 407
0 3 0.53 408
0 3 0.53 409
0 3 0.53 410
0 3 0.53 411
0 3 0.53 412
0 3 0.53 413
0 3 0.53 414
0 3 0.53 415
0 3 0.53 416
0 3 0.53 417
0 3 0.53 418
0 3 0.53 419
0 3 0.53 420
0 3 0.53 421
0 3 0.54 422
0 3 0.54 423
0 3 0.54 424
0 3 0.54 425
0 3 0.54 426
0 3 0.54 427
0 3 0.54 428
0 3 0.54 429
0 3 0.54 430
0 3 0.54 431
0 3 0.54 432
0 3 0.54 433
0 3 0.54 434
0 3 0.54 435
0 3 0.54 436
0 3 0.54 437
0 3 0.54 438
0 3 0.54 439
0 3 0.54 440
0 3 0.54 441
0 3 0.54 442
0 3 0.53 443
0 3 0.54 444
0 3 0.54 445
0 3 0.54 446
0 3 0.53 447
0 3 0.53 448
0 3 0.53 449
0 3 0.53 450
0 3 0.53 451
0 3 0.53 452
0 3 0.53 453
0 3 0.54 454
0 3 0.54 455
0 3 0.54 456
0 3 0.54 457
0 3 0.54 458
0 3 0.54 459
0 3 0.54 460
0 3 0.54 461
0 3 0.54 462
0 3 0.54 463
0 3 0.54 464
0 3 0.54 465
0 3 0.54 466
0 3 0.54 467
0 3 0.54 468
0 3 0.55 469
0 3 0.55 470
0 3 0.55 471
0 3 0.55 472
0 3 0.55 473
0 3 0.55 474
0 3 0.55 475
0 3 0.55 476
0 3 0.55 477
0 3 0.55 478
0 3 0.55 479
0 3 0.55 480
0 3 0.55 481
0 3 0.55 482
0 3 0.55 483
0 3 0.55 484
0 3 0.55 485
0 3 0.55 486
0 3 0.55 487
0 3 0.56 488
0 3 0.56 489
0 3 0.56 490
0 3 0.56 491
0 3 0.56 492
0 3 0.56 493
0 3 0.56 494
0 3 0.56 495
0 3 0.56 496
0 3 0.56 497
0 3 0.56 498
0 3 0.56 499
0 3 0.56 500
0 3 0.56 501
0 3 0.56 502
0 3 0.56 503
0 3 0.56 504
0 3 0.56 505
0 3 0.56 506
0 3 0.56 507
0 3 0.56 508
0 3 0.56 509
0 3 0.56 510
0 3 0.56 511
0 3 0.56 512
0 3 0.56 513
0 3 0.56 514
0 3 0.56 515
0 3 0.56 516
0 3 0.56 517
0 3 0.56 518
0 3 0.56 519
0 3 0.57 520
0 3 0.57 521
0 3 0.57 522
0 3 0.57 523
0 3 0.57 524
0 3 0.57 525
0 3 0.57 526
0 3 0.57 527
0 3 0.57 528
0 3 0.57 529
0 3 0.57 530
0 3 0.57 531
0 3 0.57 532
0 3 0.57 533
0 3 0.57 534
0 3 0.57 535
0 3 0.57 536
0 3 0.58 537
0 3 0.57 538
0 3 0.57 539
0 3 0.57 540
0 3 0.57 541
0 3 0.57 542
0 3 0.57 543
0 3 0.58 544
0 3 0.57 545
0 3 0.57 546
0 3 0.57 547
0 3 0.57 548
0 3 0.57 549
0 3 0.57 550
0 3 0.57 551
0 3 0.57 552
0 3 0.57 553
0 3 0.57 554
0 3 0.57 555
0 3 0.57 556
0 3 0.57 557
0 3 0.57 558
0 3 0.57 559
0 3 0.57 560
0 3 0.57 561
0 3 0.57 562
0 3 0.57 563
0 3 0.57 564
0 3 0.57 565
0 3 0.57 566
0 3 0.57 567
0 3 0.57 568
0 3 0.57 569
0 3 0.57 570
0 3 0.57 571
0 3 0.57 572
0 3 0.57 573
0 3 0.56 574
0 3 0.56 575
0 3 0.56 576
0 3 0.56 577
0 3 0.56 578
0 3 0.56 579
0 3 0.56 580
0 3 0.56 581
0 3 0.56 582
0 3 0.56 583
0 3 0.56 584
0 3 0.56 585
0 3 0.56 586
0 3 0.56 587
0 3 0.56 588
0 3 0.57 589
0 3 0.57 590
0 3 0.57 591
0 3 0.57 592
0 3 0.57 593
0 3 0.57 594
0 3 0.57 595
0 3 0.57 596
0 3 0.57 597
0 3 0.57 598
0 3 0.57 599
0 3 0.57 600
0 3 0.57 601
0 3 0.56 602
0 3 0.57 603
0 3 0.56 604
0 3 0.56 605
0 3 0.56 606
0 3 0.56 607
0 3 0.56 608
0 3 0.56 609
0 3 0.56 610
0 3 0.56 611
0 3 0.56 612
0 3 0.56 613
0 3 0.56 614
0 3 0.56 615
0 3 0.56 616
0 3 0.56 617
0 3 0.56 618
0 3 0.56 619
0 3 0.56 620
0 3 0.56 621
0 3 0.56 622
0 3 0.56 623
0 3 0.56 624
0 3 0.56 625
0 3 0.56 626
0 3 0.56 627
0 3 0.56 628
0 3 0.56 629
0 3 0.56 630
0 3 0.56 631
0 3 0.56 632
0 3 0.56 633
0 3 0.56 634
0 3 0.56 635
0 3 0.56 636
0 3 0.56 637
0 3 0.56 638
0 3 0.56 639
0 3 0.56 640
0 3 0.56 641
0 3 0.56 642
0 3 0.56 643
0 3 0.56 644
0 3 0.56 645
0 3 0.56 646
0 3 0.56 647
0 3 0.56 648
0 3 0.56 649
0 3 0.56 650
0 3 0.57 651
0 3 0.56 652
0 3 0.57 653
0 3 0.57 654
0 3 0.57 655
0 3 0.57 656
0 3 0.57 657
0 3 0.57 658
0 3 0.57 659
0 3 0.57 660
0 3 0.57 661
0 3 0.57 662
0 3 0.57 663
0 3 0.57 664
0 3 0.57 665
0 3 0.57 666
0 3 0.57 667
0 3 0.57 668
0 3 0.57 669
0 3 0.57 670
0 3 0.56 671
0 3 0.56 672
0 3 0.56 673
0 3 0.56 674
0 3 0.56 675
0 3 0.56 676
0 3 0.56 677
0 3 0.56 678
0 3 0.56 679
0 3 0.56 680
0 3 0.56 681
0 3 0.56 682
0 3 0.57 683
0 3 0.56 684
0 3 0.56 685
0 3 0.56 686
0 3 0.57 687
0 3 0.57 688
0 3 0.57 689
0 3 0.57 690
0 3 0.57 691
0 3 0.57 692
0 3 0.56 693
0 3 0.56 694
0 3 0.56 695
0 3 0.56 696
0 19 0.59 697
0 19 0.59 698
0 19 0.59 699
0 19 0.59 700
0 19 0.59 701
0 19 0.59 702
0 19 0.59 703
0 19 0.59 704
0 19 0.59 705
0 19 0.59 706
0 19 0.60 707
0 22 0.63 708
0 22 0.63 709
[0KReconnecting... 1