6 6 6.00 1
3 6 4.50 2
3 6 4.00 3
2 6 3.50 4
2 6 3.20 5
2 6 3.00 6
2 6 3.00 7
2 6 3.00 8
2 6 3.11 9
2 6 3.10 10
2 6 3.09 11
2 6 3.08 12
2 6 3.00 13
2 6 3.00 14
2 6 3.00 15
2 6 2.94 16
2 6 3.00 17
2 6 3.06 18
2 6 3.00 19
2 6 3.00 20
2 6 2.95 21
2 6 2.91 22
2 6 2.91 23
2 6 2.92 24
2 6 2.96 25
2 6 2.96 26
2 6 3.00 27
2 6 2.96 28
2 6 2.93 29
2 7 3.07 30
2 7 3.03 31
2 7 3.03 32
2 7 3.06 33
2 7 3.06 34
2 7 3.09 35
2 7 3.06 36
2 7 3.03 37
2 7 3.05 38
2 7 3.03 39
2 7 3.00 40
2 7 3.00 41
2 7 2.98 42
2 7 2.95 43
2 7 2.95 44
2 7 2.93 45
2 7 2.91 46
2 7 2.89 47
2 7 2.90 48
2 7 2.90 49
2 7 2.90 50
2 7 2.88 51
2 7 2.90 52
2 7 2.89 53
2 7 2.89 54
2 7 2.91 55
2 7 2.91 56
2 7 2.91 57
2 7 2.90 58
2 7 2.92 59
2 7 2.92 60
2 7 2.90 61
2 7 2.90 62
2 7 2.89 63
2 7 2.89 64
2 7 2.88 65
2 7 2.89 66
2 7 2.91 67
2 7 2.91 68
2 7 2.91 69
2 7 2.90 70
2 7 2.89 71
2 7 2.88 72
2 7 2.86 73
2 7 2.88 74
2 7 2.87 75
2 7 2.86 76
2 7 2.86 77
2 7 2.86 78
2 7 2.86 79
2 7 2.86 80
2 7 2.86 81
2 7 2.87 82
2 7 2.86 83
1 7 2.83 84
1 7 2.84 85
1 7 2.83 86
1 7 2.83 87
1 7 2.84 88
1 7 2.84 89
1 7 2.83 90
1 7 2.85 91
1 7 2.86 92
1 7 2.86 93
1 7 2.86 94
1 7 2.86 95
1 7 2.85 96
1 7 2.85 97
1 7 2.85 98
1 7 2.84 99
1 7 2.83 100
1 7 2.83 101
1 7 2.83 102
1 7 2.83 103
1 7 2.84 104
1 7 2.83 105
1 7 2.82 106
1 7 2.82 107
1 7 2.82 108
1 7 2.82 109
1 7 2.81 110
1 7 2.82 111
1 7 2.81 112
1 7 2.81 113
1 7 2.82 114
1 7 2.82 115
1 7 2.82 116
1 7 2.81 117
1 7 2.81 118
1 7 2.81 119
1 7 2.81 120
1 7 2.80 121
1 7 2.80 122
1 7 2.80 123
1 7 2.79 124
1 7 2.80 125
1 7 2.80 126
1 7 2.80 127
1 7 2.80 128
1 7 2.79 129
1 7 2.79 130
1 7 2.79 131
1 7 2.80 132
1 7 2.80 133
1 7 2.80 134
1 7 2.80 135
1 7 2.80 136
1 7 2.80 137
1 7 2.80 138
1 7 2.79 139
1 7 2.79 140
1 7 2.79 141
1 7 2.79 142
1 7 2.79 143
1 7 2.79 144
1 7 2.79 145
1 7 2.79 146
1 7 2.80 147
1 7 2.79 148
1 7 2.79 149
1 7 2.79 150
1 7 2.79 151
1 7 2.78 152
1 7 2.78 153
1 7 2.78 154
1 7 2.78 155
1 7 2.78 156
1 7 2.78 157
1 7 2.78 158
1 7 2.78 159
1 7 2.78 160
1 7 2.78 161
1 7 2.78 162
1 7 2.78 163
1 7 2.77 164
1 7 2.78 165
1 7 2.78 166
1 7 2.78 167
1 7 2.79 168
1 7 2.79 169
1 7 2.79 170
1 7 2.79 171
1 7 2.79 172
1 7 2.79 173
1 7 2.79 174
1 7 2.78 175
1 7 2.78 176
1 7 2.79 177
1 7 2.79 178
1 7 2.78 179
1 7 2.79 180
1 7 2.78 181
1 7 2.79 182
1 7 2.79 183
1 7 2.80 184
1 7 2.79 185
1 7 2.79 186
1 7 2.79 187
1 7 2.78 188
1 7 2.78 189
1 7 2.77 190
1 7 2.78 191
1 7 2.78 192
1 7 2.77 193
1 7 2.77 194
1 7 2.77 195
1 7 2.77 196
1 7 2.77 197
1 7 2.76 198
1 7 2.77 199
1 7 2.77 200
1 7 2.77 201
1 7 2.76 202
1 7 2.76 203
1 7 2.76 204
1 7 2.76 205
1 7 2.76 206
1 7 2.76 207
1 7 2.76 208
1 7 2.78 209
1 7 2.78 210
1 7 2.77 211
1 7 2.77 212
1 7 2.77 213
1 7 2.78 214
1 7 2.77 215
1 7 2.78 216
1 7 2.78 217
1 7 2.78 218
1 7 2.78 219
1 7 2.77 220
1 7 2.77 221
1 7 2.77 222
1 7 2.77 223
1 7 2.77 224
1 7 2.77 225
1 7 2.77 226
1 7 2.76 227
1 7 2.77 228
1 7 2.77 229
1 7 2.77 230
1 7 2.77 231
1 7 2.77 232
1 7 2.77 233
1 7 2.77 234
1 7 2.79 235
1 7 2.79 236
1 7 2.79 237
1 7 2.79 238
1 7 2.79 239
1 7 2.79 240
1 7 2.78 241
1 7 2.79 242
1 7 2.79 243
1 7 2.80 244
1 7 2.80 245
1 7 2.80 246
1 7 2.80 247
1 7 2.80 248
1 7 2.80 249
1 7 2.80 250
1 7 2.80 251
1 7 2.80 252
1 7 2.80 253
1 7 2.80 254
1 7 2.80 255
1 7 2.80 256
1 7 2.80 257
1 7 2.80 258
1 7 2.81 259
1 7 2.81 260
1 7 2.81 261
1 7 2.82 262
1 7 2.82 263
1 7 2.82 264
1 7 2.82 265
1 7 2.82 266
1 7 2.83 267
1 7 2.83 268
1 7 2.83 269
1 7 2.82 270
1 7 2.82 271
1 7 2.82 272
1 7 2.82 273
1 7 2.81 274
1 7 2.81 275
1 7 2.81 276
1 7 2.81 277
1 7 2.81 278
1 7 2.81 279
1 7 2.81 280
1 7 2.81 281
1 7 2.81 282
1 7 2.81 283
1 7 2.81 284
1 7 2.81 285
1 7 2.81 286
1 7 2.81 287
1 7 2.81 288
1 7 2.81 289
1 7 2.81 290
1 7 2.81 291
1 7 2.80 292
1 7 2.80 293
1 7 2.80 294
1 7 2.80 295
1 7 2.80 296
1 7 2.80 297
1 7 2.80 298
1 7 2.79 299
1 7 2.79 300
1 7 2.79 301
1 7 2.78 302
1 7 2.79 303
1 7 2.78 304
1 7 2.78 305
1 7 2.78 306
1 7 2.78 307
1 7 2.78 308
1 7 2.78 309
1 7 2.78 310
1 7 2.77 311
1 7 2.78 312
1 7 2.78 313
1 7 2.77 314
1 7 2.77 315
1 7 2.77 316
1 7 2.77 317
1 7 2.76 318
1 7 2.76 319
1 7 2.76 320
1 7 2.76 321
1 7 2.76 322
1 7 2.76 323
1 7 2.76 324
1 7 2.75 325
1 7 2.75 326
1 7 2.75 327
1 7 2.76 328
1 7 2.76 329
1 7 2.76 330
1 7 2.76 331
1 7 2.76 332
1 7 2.76 333
1 7 2.75 334
1 7 2.76 335
1 7 2.75 336
1 7 2.75 337
1 7 2.75 338
1 7 2.76 339
1 7 2.76 340
1 7 2.75 341
1 7 2.75 342
1 7 2.75 343
1 7 2.75 344
1 7 2.75 345
1 7 2.75 346
1 7 2.75 347
1 7 2.75 348
1 7 2.75 349
1 7 2.75 350
1 7 2.75 351
1 7 2.76 352
1 7 2.75 353
1 7 2.75 354
1 7 2.76 355
1 7 2.76 356
1 7 2.76 357
1 7 2.76 358
1 7 2.75 359
1 7 2.76 360
1 7 2.75 361
1 7 2.75 362
1 7 2.75 363
1 7 2.76 364
1 7 2.75 365
1 7 2.75 366
1 7 2.75 367
1 7 2.76 368
1 7 2.76 369
1 7 2.75 370
1 7 2.76 371
1 7 2.76 372
1 7 2.76 373
1 7 2.76 374
1 7 2.76 375
1 7 2.76 376
1 7 2.76 377
1 7 2.75 378
1 7 2.76 379
1 7 2.76 380
1 7 2.76 381
1 7 2.76 382
1 7 2.76 383
1 7 2.76 384
1 7 2.76 385
1 7 2.76 386
1 7 2.76 387
1 7 2.76 388
1 7 2.76 389
1 7 2.76 390
1 7 2.76 391
1 7 2.76 392
1 7 2.76 393
1 7 2.77 394
1 7 2.76 395
1 7 2.76 396
1 7 2.76 397
1 7 2.76 398
1 7 2.76 399
1 7 2.76 400
1 7 2.76 401
1 7 2.76 402
1 7 2.76 403
1 7 2.76 404
1 7 2.76 405
1 7 2.76 406
1 7 2.76 407
1 7 2.76 408
1 7 2.76 409
1 7 2.76 410
1 7 2.76 411
1 7 2.76 412
1 7 2.76 413
1 7 2.76 414
1 7 2.76 415
1 7 2.75 416
1 7 2.76 417
1 7 2.76 418
1 7 2.75 419
1 7 2.75 420
1 7 2.75 421
1 7 2.76 422
1 7 2.76 423
1 7 2.76 424
1 7 2.76 425
1 7 2.76 426
1 7 2.75 427
1 7 2.75 428
1 7 2.75 429
1 7 2.75 430
1 7 2.75 431
1 7 2.75 432
1 7 2.75 433
1 9 2.77 434
1 9 2.77 435
1 9 2.77 436
1 9 2.77 437
1 9 2.77 438
1 9 2.77 439
1 9 2.77 440
1 9 2.76 441
1 9 2.76 442
1 9 2.76 443
1 9 2.76 444
1 9 2.76 445
1 9 2.76 446
1 9 2.77 447
1 9 2.76 448
1 9 2.76 449
1 9 2.76 450
1 9 2.76 451
1 9 2.76 452
1 9 2.76 453
1 9 2.76 454
1 9 2.76 455
1 9 2.76 456
1 9 2.76 457
1 9 2.76 458
1 9 2.76 459
1 9 2.76 460
1 9 2.75 461
1 9 2.75 462
1 9 2.75 463
1 9 2.75 464
1 9 2.75 465
1 9 2.75 466
1 9 2.75 467
1 9 2.75 468
1 9 2.75 469
1 9 2.75 470
1 9 2.75 471
1 9 2.75 472
1 9 2.75 473
1 9 2.74 474
1 9 2.74 475
1 9 2.74 476
1 9 2.74 477
1 9 2.74 478
1 9 2.74 479
1 9 2.74 480
1 9 2.74 481
1 9 2.74 482
1 9 2.74 483
1 9 2.74 484
1 9 2.73 485
1 9 2.73 486
1 9 2.74 487
1 9 2.74 488
1 9 2.74 489
1 9 2.73 490
1 9 2.74 491
1 9 2.74 492
1 9 2.74 493
1 9 2.74 494
1 9 2.74 495
1 9 2.74 496
1 9 2.75 497
1 9 2.74 498
1 9 2.75 499
0 9 2.74 500
0 9 2.74 501
0 9 2.74 502
0 9 2.74 503
0 9 2.74 504
0 9 2.74 505
0 9 2.74 506
0 9 2.74 507
0 9 2.74 508
0 9 2.74 509
0 9 2.74 510
0 9 2.74 511
0 9 2.74 512
0 9 2.74 513
0 9 2.74 514
0 9 2.74 515
0 9 2.74 516
0 9 2.74 517
0 9 2.74 518
0 9 2.74 519
0 9 2.74 520
0 9 2.74 521
0 9 2.74 522
0 9 2.74 523
0 9 2.74 524
0 9 2.74 525
0 9 2.74 526
0 9 2.74 527
0 9 2.73 528
0 9 2.73 529
0 9 2.73 530
0 9 2.73 531
0 9 2.73 532
0 9 2.73 533
0 9 2.73 534
0 9 2.73 535
0 9 2.73 536
0 9 2.73 537
0 9 2.73 538
0 9 2.73 539
0 9 2.73 540
0 9 2.73 541
0 9 2.73 542
0 9 2.73 543
0 9 2.73 544
0 9 2.73 545
0 9 2.73 546
0 9 2.73 547
0 9 2.73 548
0 9 2.73 549
0 9 2.74 550
0 9 2.74 551
0 9 2.74 552
0 9 2.74 553
0 9 2.74 554
0 9 2.74 555
0 9 2.74 556
0 9 2.74 557
0 9 2.73 558
0 9 2.73 559
0 9 2.73 560
0 9 2.73 561
0 9 2.73 562
0 9 2.73 563
0 9 2.73 564
0 9 2.73 565
0 9 2.73 566
0 9 2.73 567
0 9 2.73 568
0 9 2.73 569
0 9 2.73 570
0 9 2.73 571
0 9 2.73 572
0 9 2.73 573
0 9 2.73 574
0 9 2.73 575
0 9 2.73 576
0 9 2.73 577
0 9 2.73 578
0 9 2.73 579
0 9 2.73 580
0 9 2.73 581
0 9 2.73 582
0 9 2.73 583
0 9 2.73 584
0 9 2.73 585
0 9 2.73 586
0 9 2.73 587
0 9 2.73 588
0 9 2.73 589
0 9 2.74 590
0 9 2.73 591
0 9 2.73 592
0 9 2.74 593
0 9 2.73 594
0 9 2.73 595
0 9 2.73 596
0 9 2.73 597
0 9 2.73 598
0 9 2.73 599
0 9 2.73 600
0 9 2.73 601
0 9 2.74 602
0 9 2.73 603
0 9 2.73 604
0 9 2.73 605
0 9 2.73 606
0 9 2.73 607
0 9 2.73 608
0 9 2.73 609
0 9 2.73 610
0 9 2.73 611
0 9 2.74 612
0 9 2.74 613
0 9 2.74 614
0 9 2.74 615
0 9 2.74 616
0 9 2.74 617
0 9 2.74 618
0 9 2.74 619
0 27 2.78 620
0 27 2.77 621
0 27 2.77 622
0 27 2.77 623
0 27 2.77 624
0 27 2.77 625
0 27 2.77 626
0 27 2.77 627
0 27 2.77 628
0 27 2.77 629
0 27 2.77 630
0 27 2.77 631
0 27 2.77 632
0 27 2.77 633
0 27 2.77 634
0 27 2.77 635
0 27 2.77 636
0 27 2.77 637
0