0 0 0.00 1
0 1 0.50 2
0 1 0.33 3
0 1 0.50 4
0 1 0.40 5
0 1 0.33 6
0 1 0.43 7
0 1 0.50 8
0 1 0.44 9
0 1 0.50 10
0 1 0.45 11
0 1 0.50 12
0 1 0.46 13
0 1 0.43 14
0 1 0.40 15
0 1 0.38 16
0 1 0.41 17
0 1 0.39 18
0 1 0.37 19
0 1 0.35 20
0 1 0.38 21
0 1 0.41 22
0 1 0.39 23
0 1 0.38 24
0 1 0.36 25
0 1 0.35 26
0 1 0.33 27
0 1 0.32 28
0 1 0.31 29
0 1 0.33 30
0 1 0.32 31
0 1 0.31 32
0 1 0.30 33
0 1 0.29 34
0 1 0.29 35
0 1 0.28 36
0 1 0.30 37
0 1 0.32 38
0 1 0.31 39
0 1 0.33 40
0 1 0.34 41
0 1 0.33 42
0 1 0.33 43
0 1 0.34 44
0 1 0.33 45
0 1 0.35 46
0 1 0.36 47
0 1 0.35 48
0 1 0.37 49
0 1 0.36 50
0 1 0.35 51
0 1 0.35 52
0 1 0.34 53
0 1 0.35 54
0 1 0.35 55
0 1 0.34 56
0 1 0.35 57
0 1 0.36 58
0 1 0.36 59
0 1 0.35 60
0 1 0.36 61
0 1 0.35 62
0 1 0.35 63
0 1 0.34 64
0 1 0.34 65
0 1 0.35 66
0 1 0.34 67
0 1 0.35 68
0 1 0.35 69
0 1 0.34 70
0 2 0.37 71
0 2 0.36 72
0 2 0.37 73
0 2 0.36 74
0 2 0.37 75
0 2 0.37 76
0 2 0.36 77
0 2 0.36 78
0 2 0.35 79
0 2 0.35 80
0 2 0.35 81
0 2 0.34 82
0 2 0.34 83
0 2 0.33 84
0 2 0.33 85
0 2 0.33 86
0 2 0.32 87
0 2 0.33 88
0 2 0.33 89
0 2 0.32 90
0 2 0.33 91
0 2 0.33 92
0 2 0.32 93
0 2 0.32 94
0 2 0.33 95
0 2 0.33 96
0 2 0.33 97
0 2 0.33 98
0 2 0.32 99
0 2 0.33 100
0 2 0.33 101
0 2 0.33 102
0 2 0.35 103
0 2 0.35 104
0 2 0.35 105
0 2 0.35 106
0 2 0.36 107
0 2 0.35 108
0 2 0.35 109
0 2 0.35 110
0 2 0.35 111
0 2 0.36 112
0 2 0.36 113
0 2 0.36 114
0 2 0.37 115
0 2 0.36 116
0 2 0.36 117
0 2 0.36 118
0 2 0.35 119
0 2 0.36 120
0 2 0.36 121
0 2 0.35 122
0 2 0.35 123
0 2 0.35 124
0 2 0.35 125
0 2 0.35 126
0 2 0.35 127
0 2 0.35 128
0 2 0.36 129
0 2 0.35 130
0 2 0.35 131
0 2 0.35 132
0 2 0.35 133
0 2 0.34 134
0 2 0.35 135
0 2 0.35 136
0 2 0.34 137
0 2 0.34 138
0 2 0.34 139
0 2 0.35 140
0 2 0.35 141
0 2 0.35 142
0 2 0.35 143
0 2 0.35 144
0 2 0.34 145
0 2 0.34 146
0 2 0.34 147
0 2 0.34 148
0 2 0.34 149
0 2 0.34 150
0 2 0.34 151
0 2 0.34 152
0 2 0.33 153
0 2 0.33 154
0 2 0.34 155
0 2 0.33 156
0 2 0.34 157
0 2 0.34 158
0 2 0.34 159
0 2 0.34 160
0 2 0.34 161
0 2 0.33 162
0 2 0.33 163
0 2 0.33 164
0 2 0.33 165
0 2 0.33 166
0 2 0.33 167
0 2 0.33 168
0 2 0.33 169
0 2 0.34 170
0 2 0.34 171
0 2 0.34 172
0 2 0.34 173
0 2 0.34 174
0 2 0.34 175
0 2 0.34 176
0 2 0.34 177
0 2 0.34 178
0 2 0.35 179
0 2 0.34 180
0 2 0.34 181
0 2 0.34 182
0 2 0.34 183
0 2 0.34 184
0 2 0.34 185
0 2 0.35 186
0 2 0.35 187
0 2 0.35 188
0 2 0.34 189
0 2 0.35 190
0 2 0.35 191
0 2 0.34 192
0 2 0.34 193
0 2 0.35 194
0 2 0.35 195
0 2 0.35 196
0 2 0.35 197
0 2 0.35 198
0 2 0.36 199
0 2 0.35 200
0 2 0.36 201
0 2 0.36 202
0 2 0.37 203
0 2 0.37 204
0 2 0.37 205
0 2 0.37 206
0 2 0.37 207
0 2 0.37 208
0 2 0.36 209
0 2 0.37 210
0 2 0.37 211
0 2 0.37 212
0 2 0.37 213
0 2 0.36 214
0 2 0.37 215
0 2 0.37 216
0 2 0.37 217
0 2 0.37 218
0 2 0.37 219
0 2 0.37 220
0 2 0.37 221
0 2 0.37 222
0 2 0.37 223
0 2 0.37 224
0 2 0.37 225
0 2 0.37 226
0 2 0.37 227
0 2 0.37 228
0 2 0.37 229
0 2 0.37 230
0 2 0.36 231
0 2 0.36 232
0 2 0.36 233
0 2 0.36 234
0 2 0.36 235
0 2 0.36 236
0 2 0.36 237
0 2 0.36 238
0 2 0.36 239
0 2 0.36 240
0 2 0.36 241
0 2 0.36 242
0 2 0.36 243
0 2 0.36 244
0 2 0.36 245
0 2 0.36 246
0 2 0.36 247
0 2 0.35 248
0 2 0.35 249
0 2 0.36 250
0 2 0.35 251
0 2 0.35 252
0 2 0.36 253
0 2 0.35 254
0 2 0.35 255
0 2 0.36 256
0 2 0.35 257
0 2 0.36 258
0 2 0.36 259
0 2 0.36 260
0 2 0.36 261
0 2 0.35 262
0 2 0.36 263
0 2 0.36 264
0 2 0.36 265
0 2 0.36 266
0 2 0.36 267
0 2 0.36 268
0 2 0.36 269
0 2 0.36 270
0 2 0.37 271
0 2 0.36 272
0 2 0.36 273
0 2 0.36 274
0 2 0.37 275
0 2 0.37 276
0 2 0.36 277
0 2 0.36 278
0 2 0.36 279
0 2 0.36 280
0 2 0.36 281
0 2 0.37 282
0 2 0.37 283
0 2 0.37 284
0 2 0.36 285
0 2 0.37 286
0 2 0.37 287
0 2 0.36 288
0 2 0.37 289
0 2 0.37 290
0 2 0.37 291
0 2 0.37 292
0 2 0.37 293
0 2 0.37 294
0 2 0.37 295
0 2 0.37 296
0 2 0.37 297
0 2 0.37 298
0 2 0.37 299
0 2 0.37 300
0 2 0.37 301
0 2 0.37 302
0 2 0.37 303
0 2 0.37 304
0 2 0.37 305
0 2 0.37 306
0 2 0.37 307
0 2 0.37 308
0 2 0.37 309
0 2 0.37 310
0 2 0.37 311
0 2 0.37 312
0 2 0.37 313
0 2 0.37 314
0 2 0.37 315
0 2 0.37 316
0 2 0.37 317
0 2 0.37 318
0 2 0.37 319
0 2 0.37 320
0 2 0.37 321
0 2 0.37 322
0 2 0.37 323
0 2 0.37 324
0 2 0.37 325
0 2 0.37 326
0 2 0.37 327
0 2 0.37 328
0 2 0.37 329
0 2 0.37 330
0 2 0.37 331
0 2 0.37 332
0 2 0.37 333
0 2 0.37 334
0 2 0.37 335
0 2 0.37 336
0 2 0.36 337
0 2 0.36 338
0 2 0.37 339
0 2 0.37 340
0 2 0.37 341
0 2 0.37 342
0 2 0.37 343
0 2 0.37 344
0 2 0.37 345
0 2 0.37 346
0 2 0.37 347
0 2 0.37 348
0 2 0.37 349
0 2 0.37 350
0 2 0.37 351
0 2 0.38 352
0 2 0.37 353
0 2 0.38 354
0 2 0.37 355
0 2 0.37 356
0 2 0.37 357
0 2 0.37 358
0 2 0.37 359
0 2 0.37 360
0 2 0.37 361
0 2 0.37 362
0 2 0.37 363
0 2 0.37 364
0 2 0.37 365
0 2 0.37 366
0 2 0.37 367
0 2 0.37 368
0 2 0.37 369
0 2 0.37 370
0 2 0.37 371
0 2 0.37 372
0 2 0.37 373
0 2 0.37 374
0 2 0.37 375
0 2 0.37 376
0 2 0.37 377
0 2 0.37 378
0 2 0.37 379
0 2 0.37 380
0 2 0.37 381
0 2 0.37 382
0 2 0.37 383
0 2 0.37 384
0 2 0.37 385
0 2 0.37 386
0 2 0.37 387
0 2 0.37 388
0 2 0.37 389
0 2 0.37 390
0 2 0.37 391
0 2 0.38 392
0 2 0.38 393
0 2 0.38 394
0 2 0.38 395
0 2 0.38 396
0 2 0.38 397
0 2 0.38 398
0 2 0.38 399
0 2 0.38 400
0 2 0.38 401
0 2 0.38 402
0 2 0.38 403
0 2 0.38 404
0 2 0.38 405
0 2 0.38 406
0 2 0.38 407
0 2 0.38 408
0 2 0.38 409
0 2 0.38 410
0 2 0.38 411
0 2 0.38 412
0 2 0.38 413
0 2 0.38 414
0 2 0.38 415
0 2 0.38 416
0 2 0.38 417
0 2 0.38 418
0 2 0.38 419
0 2 0.38 420
0 2 0.38 421
0 2 0.38 422
0 2 0.38 423
0 2 0.38 424
0 2 0.38 425
0 2 0.38 426
0 2 0.38 427
0 2 0.38 428
0 2 0.38 429
0 2 0.38 430
0 2 0.38 431
0 2 0.38 432
0 2 0.38 433
0 2 0.38 434
0 2 0.38 435
0 2 0.38 436
0 2 0.38 437
0 2 0.38 438
0 2 0.38 439
0 2 0.38 440
0 2 0.38 441
0 2 0.38 442
0 2 0.38 443
0 2 0.38 444
0 2 0.38 445
0 2 0.38 446
0 2 0.38 447
0 2 0.38 448
0 2 0.38 449
0 2 0.38 450
0 2 0.38 451
0 2 0.38 452
0 2 0.38 453
0 2 0.38 454
0 2 0.38 455
0 2 0.38 456
0 2 0.38 457
0 2 0.38 458
0 2 0.38 459
0 2 0.38 460
0 2 0.38 461
0 2 0.38 462
0 2 0.38 463
0 2 0.38 464
0 2 0.38 465
0 2 0.38 466
0 2 0.38 467
0 2 0.38 468
0 2 0.38 469
0 2 0.39 470
0 2 0.38 471
0 2 0.38 472
0 2 0.38 473
0 2 0.38 474
0 2 0.39 475
0 2 0.38 476
0 2 0.38 477
0 2 0.38 478
0 2 0.38 479
0 2 0.39 480
0 2 0.39 481
0 2 0.39 482
0 2 0.39 483
0 2 0.38 484
0 2 0.38 485
0 2 0.38 486
0 2 0.38 487
0 2 0.38 488
0 2 0.38 489
0 2 0.38 490
0 2 0.38 491
0 2 0.38 492
0 2 0.38 493
0 2 0.38 494
0 2 0.38 495
0 2 0.38 496
0 2 0.38 497
0 2 0.38 498
0 2 0.38 499
0 2 0.38 500
0 2 0.38 501
0 2 0.38 502
0 2 0.38 503
0 2 0.38 504
0 2 0.38 505
0 2 0.38 506
0 2 0.38 507
0 2 0.38 508
0 2 0.38 509
0 2 0.38 510
0 2 0.38 511
0 2 0.38 512
0 2 0.38 513
0 2 0.38 514
0 2 0.38 515
0 2 0.38 516
0 2 0.38 517
0 2 0.38 518
0 2 0.38 519
0 2 0.38 520
0 2 0.38 521
0 2 0.38 522
0 2 0.37 523
0 2 0.37 524
0 2 0.38 525
0 2 0.37 526
0 2 0.37 527
0 2 0.37 528
0 2 0.37 529
0 2 0.37 530
0 2 0.38 531
0 2 0.38 532
0 2 0.38 533
0 2 0.38 534
0 2 0.38 535
0 2 0.38 536
0 2 0.38 537
0 2 0.38 538
0 2 0.38 539
0 2 0.38 540
0 2 0.38 541
0 2 0.38 542
0 2 0.38 543
0 2 0.38 544
0 2 0.38 545
0 2 0.38 546
0 2 0.38 547
0 2 0.38 548
0 2 0.38 549
0 2 0.37 550
0 2 0.37 551
0 2 0.37 552
0 2 0.37 553
0 2 0.37 554
0 2 0.37 555
0 2 0.37 556
0 2 0.37 557
0 2 0.37 558
0 2 0.37 559
0 2 0.37 560
0 2 0.37 561
0 2 0.37 562
0 2 0.37 563
0 2 0.37 564
0 2 0.37 565
0 2 0.37 566
0 2 0.37 567
0 2 0.37 568
0 2 0.37 569
0 2 0.37 570
0 2 0.37 571
0 2 0.38 572
0 2 0.38 573
0 2 0.37 574
0 2 0.37 575
0 2 0.38 576
0 2 0.37 577
0 2 0.37 578
0 2 0.37 579
0 2 0.37 580
0 2 0.37 581
0 2 0.37 582
0 2 0.37 583
0 2 0.37 584
0 2 0.37 585
0 2 0.37 586
0 2 0.37 587
0 2 0.37 588
0 2 0.37 589
0 2 0.37 590
0 2 0.37 591
0 2 0.37 592
0 2 0.37 593
0 2 0.37 594
0 2 0.37 595
0 2 0.37 596
0 2 0.37 597
0 2 0.37 598
0 2 0.37 599
0 2 0.37 600
0 2 0.37 601
0 2 0.37 602
0 2 0.37 603
0 2 0.37 604
0 2 0.37 605
0 2 0.37 606
0 2 0.38 607
0 2 0.38 608
0 2 0.38 609
0 2 0.38 610
0 2 0.38 611
0 2 0.38 612
0 2 0.38 613
0 2 0.38 614
0 2 0.38 615
0 2 0.38 616
0 2 0.38 617
0 2 0.38 618
0 2 0.38 619
0 2 0.38 620
0 2 0.38 621
0 2 0.37 622
0 2 0.38 623
0 2 0.38 624
0 2 0.38 625
0 2 0.38 626
0 2 0.37 627
0 2 0.38 628
0 2 0.38 629
0 2 0.37 630
0 2 0.38 631
0 2 0.38 632
0 2 0.38 633
0 2 0.38 634
0 2 0.37 635
0 2 0.37 636
0 2 0.38 637
0 2 0.37 638
0 2 0.38 639
0 2 0.38 640
0 2 0.37 641
0 2 0.38 642
0 2 0.37 643
0 2 0.38 644
0 2 0.38 645
0 2 0.38 646
0 2 0.38 647
0 2 0.38 648
0 2 0.38 649
0 2 0.38 650
0 2 0.38 651
0 2 0.38 652
0 2 0.38 653
0 2 0.38 654
0 2 0.38 655
0 2 0.38 656
0 2 0.38 657
0 2 0.38 658
0 2 0.38 659
0 2 0.38 660
0 2 0.38 661
0 2 0.37 662
0 2 0.37 663
0 2 0.38 664
0 2 0.37 665
0 2 0.38 666
0 2 0.37 667
0 2 0.37 668
0 2 0.38 669
0 2 0.37 670
0 2 0.38 671
0 2 0.38 672
0 2 0.38 673
0 2 0.38 674
0 2 0.37 675
0 2 0.37 676
0 2 0.37 677
0 2 0.37 678
0 2 0.37 679
0 2 0.37 680
0 2 0.37 681
0 2 0.37 682
0 2 0.37 683
0 2 0.37 684
0 2 0.37 685
0 2 0.37 686
0 2 0.37 687
0 2 0.37 688
0 2 0.37 689
0 2 0.37 690
0 2 0.37 691
0 2 0.37 692
0 2 0.37 693
0 2 0.37 694
0 2 0.37 695
0 2 0.37 696
0 2 0.37 697
0 2 0.37 698
0 2 0.37 699
0 2 0.37 700
0 2 0.37 701
0 2 0.37 702
0 2 0.37 703
0 2 0.37 704
0 2 0.37 705
0 2 0.37 706
0 2 0.37 707
0 2 0.37 708
0 2 0.37 709
0 2 0.37 710
0 2 0.37 711
0 2 0.37 712
0 2 0.37 713
0 2 0.37 714
0 2 0.37 715
0 2 0.37 716
0 2 0.38 717
0 2 0.38 718
0 2 0.38 719
0 2 0.38 720
0 2 0.38 721
0 2 0.38 722
0 2 0.37 723
0 2 0.37 724
0 2 0.37 725
0 2 0.37 726
0 2 0.37 727
0 2 0.38 728
0 2 0.38 729
0 2 0.38 730
0 2 0.38 731
0 2 0.38 732
0 2 0.38 733
0 2 0.38 734
0 2 0.38 735
0 2 0.38 736
0 2 0.38 737
0 2 0.38 738
0 2 0.38 739
0 2 0.38 740
0 2 0.38 741
0 2 0.37 742
0 2 0.37 743
0 2 0.38 744
0 2 0.37 745
0 2 0.37 746
0 2 0.37 747
0 2 0.37 748
0 2 0.37 749
0 2 0.37 750
0 2 0.37 751
0 2 0.38 752
0 2 0.38 753
0 2 0.38 754
0 2 0.38 755
0 2 0.38 756
0 2 0.38 757
0 2 0.38 758
0 2 0.38 759
0 2 0.38 760
0 2 0.38 761
0 2 0.38 762
0 2 0.38 763
0 2 0.38 764
0 2 0.38 765
0 2 0.38 766
0 2 0.38 767
0 2 0.38 768
0 2 0.38 769
0 2 0.38 770
0 2 0.38 771
0 2 0.38 772
0 2 0.38 773
0 2 0.38 774
0 2 0.38 775
0 2 0.38 776
0 2 0.38 777
0 2 0.38 778
0 2 0.38 779
0 2 0.38 780
0 2 0.38 781
0 2 0.38 782
0 2 0.38 783
0 2 0.38 784
0 2 0.38 785
0 2 0.38 786
0 2 0.38 787
0 2 0.38 788
0 2 0.38 789
0 2 0.38 790
0 2 0.38 791
0 2 0.38 792
0 2 0.38 793
0 2 0.38 794
0 2 0.38 795
0 2 0.38 796
0 2 0.38 797
0 2 0.38 798
0 2 0.38 799
0 2 0.38 800
0 2 0.38 801
0 2 0.38 802
0 2 0.38 803
0 2 0.38 804
0 2 0.38 805
0 2 0.38 806
0 2 0.38 807
0 2 0.38 808
0 2 0.38 809
0 2 0.38 810
0 2 0.38 811
0 2 0.38 812
0 2 0.38 813
0 2 0.38 814
0 2 0.38 815
0 2 0.38 816
0 2 0.38 817
0 2 0.38 818
0 2 0.38 819
0 2 0.38 820
0 2 0.38 821
0 2 0.38 822
0 2 0.38 823
0 2 0.38 824
0 2 0.38 825
0 2 0.38 826
0 2 0.38 827
0 2 0.38 828
0 2 0.38 829
0 2 0.38 830
0 2 0.38 831
0 2 0.38 832
0 2 0.38 833
0 2 0.38 834
0 2 0.38 835
0 2 0.38 836
0 2 0.38 837
0 2 0.38 838
0 2 0.38 839
0 2 0.38 840
0 2 0.38 841
0 2 0.38 842
0 2 0.38 843
0 2 0.38 844
0 2 0.38 845
0 2 0.38 846
0 2 0.38 847
0 2 0.38 848
0 2 0.38 849
0 2 0.38 850
0 2 0.38 851
0 2 0.38 852
0 2 0.38 853
0 2 0.38 854
0 2 0.38 855
0 2 0.38 856
0 2 0.38 857
0 2 0.38 858
0 2 0.38 859
0 2 0.38 860
0 2 0.38 861
0 2 0.38 862
0 2 0.38 863
0 2 0.38 864
0 2 0.38 865
0 2 0.38 866
0 2 0.38 867
0 2 0.38 868
0 2 0.38 869
0 2 0.38 870
0 2 0.39 871
0 2 0.39 872
0 2 0.38 873
0 2 0.38 874
0 2 0.38 875
0 2 0.38 876
0 2 0.38 877
0 2 0.38 878
0 2 0.38 879
0 2 0.39 880
0 2 0.39 881
0 2 0.39 882
0 2 0.39 883
0 2 0.39 884
0 2 0.39 885
0 2 0.38 886
0 2 0.38 887
0 2 0.39 888
0 2 0.38 889
0 2 0.39 890
0 2 0.39 891
0 2 0.39 892
0 2 0.39 893
0 2 0.38 894
0 2 0.39 895
0 2 0.39 896
0 2 0.38 897
0 2 0.38 898
0 2 0.38 899
0 2 0.39 900
0 2 0.39 901
0 2 0.39 902
0 2 0.39 903
0 2 0.39 904
0 2 0.39 905
0 2 0.39 906
0 2 0.39 907
0 2 0.39 908
0 2 0.39 909
0 2 0.39 910
0 2 0.39 911
0 2 0.39 912
0 2 0.39 913
0 2 0.39 914
0 2 0.39 915
0 2 0.39 916
0 2 0.39 917
0 2 0.39 918
0 2 0.39 919
0 2 0.39 920
0 2 0.39 921
0 2 0.39 922
0 2 0.39 923
0 2 0.39 924
0 2 0.39 925
0 2 0.39 926
0 2 0.39 927
0 2 0.39 928
0 2 0.39 929
0 2 0.39 930
0 2 0.39 931
0 2 0.39 932
0 2 0.38 933
0 2 0.38 934
0 2 0.39 935
0 2 0.39 936
0 2 0.39 937
0 2 0.39 938
0 2 0.39 939
0 2 0.39 940
0 2 0.39 941
0 2 0.39 942
0 3 0.39 943
0 3 0.39 944
0 3 0.39 945
0 3 0.39 946
0 3 0.39 947
0 3 0.39 948
0 3 0.39 949
0 3 0.39 950
0 3 0.39 951
0 3 0.39 952
0 3 0.39 953
0 3 0.3