0 0 0.00 1
0 0 0.00 2
0 0 0.00 3
0 0 0.00 4
0 1 0.20 5
0 1 0.17 6
0 1 0.14 7
0 1 0.12 8
0 1 0.22 9
0 1 0.20 10
0 1 0.27 11
0 1 0.25 12
0 1 0.23 13
0 1 0.21 14
0 1 0.27 15
0 1 0.25 16
0 1 0.29 17
0 1 0.28 18
0 1 0.26 19
0 1 0.25 20
0 1 0.24 21
0 1 0.23 22
0 1 0.22 23
0 1 0.21 24
0 1 0.20 25
0 1 0.19 26
0 1 0.19 27
0 1 0.18 28
0 1 0.21 29
0 1 0.20 30
0 1 0.19 31
0 1 0.19 32
0 1 0.21 33
0 1 0.21 34
0 1 0.20 35
0 1 0.22 36
0 1 0.22 37
0 1 0.21 38
0 1 0.21 39
0 1 0.20 40
0 1 0.20 41
0 1 0.21 42
0 1 0.21 43
0 1 0.20 44
0 1 0.20 45
0 1 0.22 46
0 1 0.21 47
0 1 0.21 48
0 1 0.22 49
0 1 0.22 50
0 1 0.22 51
0 1 0.21 52
0 1 0.21 53
0 1 0.22 54
0 1 0.22 55
0 1 0.23 56
0 1 0.23 57
0 1 0.22 58
0 1 0.22 59
0 1 0.22 60
0 1 0.21 61
0 1 0.21 62
0 1 0.22 63
0 1 0.23 64
0 1 0.23 65
0 1 0.23 66
0 1 0.22 67
0 1 0.22 68
0 1 0.23 69
0 2 0.26 70
0 2 0.25 71
0 2 0.25 72
0 2 0.26 73
0 2 0.26 74
0 2 0.27 75
0 2 0.26 76
0 2 0.27 77
0 2 0.27 78
0 2 0.28 79
0 2 0.28 80
0 2 0.27 81
0 2 0.28 82
0 2 0.28 83
0 2 0.27 84
0 2 0.28 85
0 2 0.28 86
0 2 0.28 87
0 2 0.27 88
0 2 0.28 89
0 2 0.28 90
0 2 0.27 91
0 2 0.28 92
0 2 0.28 93
0 2 0.28 94
0 2 0.28 95
0 2 0.28 96
0 2 0.28 97
0 2 0.29 98
0 2 0.29 99
0 2 0.29 100
0 2 0.29 101
0 2 0.28 102
0 2 0.28 103
0 2 0.29 104
0 2 0.29 105
0 2 0.29 106
0 2 0.30 107
0 2 0.30 108
0 2 0.29 109
0 2 0.30 110
0 2 0.30 111
0 2 0.29 112
0 2 0.30 113
0 2 0.30 114
0 2 0.30 115
0 2 0.30 116
0 2 0.30 117
0 2 0.31 118
0 2 0.31 119
0 2 0.32 120
0 2 0.32 121
0 2 0.32 122
0 2 0.32 123
0 2 0.31 124
0 2 0.31 125
0 2 0.32 126
0 2 0.31 127
0 2 0.31 128
0 2 0.31 129
0 2 0.32 130
0 2 0.31 131
0 2 0.32 132
0 2 0.32 133
0 2 0.32 134
0 2 0.32 135
0 2 0.32 136
0 2 0.32 137
0 2 0.32 138
0 2 0.32 139
0 2 0.31 140
0 2 0.31 141
0 2 0.32 142
0 2 0.31 143
0 2 0.31 144
0 2 0.31 145
0 2 0.32 146
0 2 0.32 147
0 2 0.32 148
0 2 0.33 149
0 2 0.33 150
0 2 0.33 151
0 2 0.33 152
0 2 0.33 153
0 2 0.33 154
0 2 0.34 155
0 2 0.33 156
0 2 0.33 157
0 2 0.33 158
0 2 0.33 159
0 2 0.33 160
0 2 0.33 161
0 2 0.33 162
0 2 0.33 163
0 2 0.33 164
0 2 0.33 165
0 2 0.33 166
0 2 0.33 167
0 2 0.33 168
0 2 0.33 169
0 2 0.34 170
0 2 0.33 171
0 2 0.33 172
0 2 0.33 173
0 2 0.34 174
0 2 0.34 175
0 2 0.34 176
0 2 0.33 177
0 2 0.33 178
0 2 0.33 179
0 2 0.33 180
0 2 0.33 181
0 2 0.34 182
0 2 0.33 183
0 2 0.34 184
0 2 0.34 185
0 2 0.34 186
0 2 0.34 187
0 2 0.34 188
0 2 0.34 189
0 2 0.34 190
0 2 0.34 191
0 2 0.34 192
0 2 0.34 193
0 2 0.34 194
0 2 0.34 195
0 2 0.34 196
0 2 0.34 197
0 2 0.34 198
0 2 0.34 199
0 2 0.34 200
0 2 0.34 201
0 2 0.34 202
0 2 0.33 203
0 2 0.34 204
0 2 0.34 205
0 2 0.33 206
0 2 0.33 207
0 2 0.34 208
0 2 0.33 209
0 2 0.33 210
0 2 0.34 211
0 2 0.33 212
0 2 0.34 213
0 2 0.34 214
0 2 0.33 215
0 2 0.33 216
0 2 0.33 217
0 2 0.33 218
0 2 0.33 219
0 2 0.33 220
0 2 0.33 221
0 2 0.33 222
0 2 0.34 223
0 2 0.33 224
0 2 0.33 225
0 2 0.34 226
0 2 0.33 227
0 2 0.33 228
0 2 0.34 229
0 2 0.33 230
0 2 0.33 231
0 2 0.33 232
0 2 0.33 233
0 2 0.33 234
0 2 0.33 235
0 2 0.33 236
0 2 0.33 237
0 2 0.33 238
0 2 0.33 239
0 2 0.33 240
0 2 0.33 241
0 2 0.33 242
0 2 0.34 243
0 2 0.34 244
0 2 0.33 245
0 2 0.33 246
0 2 0.33 247
0 2 0.33 248
0 2 0.33 249
0 2 0.33 250
0 2 0.33 251
0 2 0.33 252
0 2 0.33 253
0 2 0.33 254
0 2 0.33 255
0 2 0.32 256
0 2 0.33 257
0 2 0.33 258
0 2 0.33 259
0 2 0.33 260
0 2 0.33 261
0 2 0.33 262
0 2 0.33 263
0 2 0.33 264
0 2 0.33 265
0 2 0.33 266
0 2 0.33 267
0 2 0.33 268
0 2 0.33 269
0 2 0.33 270
0 2 0.33 271
0 2 0.33 272
0 2 0.33 273
0 2 0.33 274
0 2 0.33 275
0 2 0.33 276
0 2 0.33 277
0 2 0.33 278
0 2 0.33 279
0 2 0.33 280
0 2 0.33 281
0 2 0.33 282
0 2 0.33 283
0 2 0.33 284
0 2 0.33 285
0 2 0.33 286
0 2 0.33 287
0 2 0.33 288
0 2 0.33 289
0 2 0.33 290
0 2 0.33 291
0 2 0.33 292
0 2 0.33 293
0 2 0.33 294
0 2 0.33 295
0 2 0.32 296
0 2 0.32 297
0 2 0.32 298
0 2 0.32 299
0 2 0.32 300
0 2 0.32 301
0 2 0.32 302
0 2 0.32 303
0 2 0.32 304
0 2 0.32 305
0 2 0.32 306
0 2 0.32 307
0 2 0.32 308
0 2 0.32 309
0 2 0.32 310
0 2 0.32 311
0 2 0.32 312
0 2 0.32 313
0 2 0.32 314
0 2 0.32 315
0 2 0.32 316
0 2 0.32 317
0 2 0.32 318
0 2 0.32 319
0 2 0.32 320
0 2 0.32 321
0 2 0.32 322
0 2 0.32 323
0 2 0.32 324
0 2 0.32 325
0 2 0.32 326
0 2 0.32 327
0 2 0.32 328
0 2 0.32 329
0 2 0.32 330
0 2 0.32 331
0 2 0.32 332
0 2 0.32 333
0 2 0.32 334
0 2 0.33 335
0 2 0.32 336
0 2 0.32 337
0 2 0.32 338
0 2 0.32 339
0 2 0.32 340
0 2 0.32 341
0 2 0.32 342
0 2 0.32 343
0 2 0.32 344
0 2 0.32 345
0 2 0.32 346
0 2 0.32 347
0 2 0.32 348
0 2 0.32 349
0 2 0.32 350
0 2 0.32 351
0 2 0.32 352
0 2 0.32 353
0 2 0.32 354
0 2 0.32 355
0 2 0.32 356
0 2 0.32 357
0 2 0.32 358
0 2 0.32 359
0 2 0.32 360
0 2 0.32 361
0 2 0.32 362
0 2 0.32 363
0 2 0.32 364
0 2 0.32 365
0 2 0.32 366
0 2 0.32 367
0 2 0.32 368
0 2 0.32 369
0 2 0.32 370
0 2 0.32 371
0 2 0.32 372
0 2 0.32 373
0 2 0.32 374
0 2 0.32 375
0 2 0.32 376
0 2 0.32 377
0 2 0.32 378
0 2 0.32 379
0 2 0.32 380
0 2 0.32 381
0 2 0.32 382
0 2 0.32 383
0 2 0.32 384
0 2 0.32 385
0 2 0.32 386
0 2 0.32 387
0 2 0.32 388
0 2 0.32 389
0 2 0.32 390
0 2 0.32 391
0 2 0.32 392
0 2 0.32 393
0 2 0.32 394
0 2 0.33 395
0 2 0.33 396
0 2 0.32 397
0 2 0.33 398
0 2 0.33 399
0 2 0.33 400
0 2 0.33 401
0 2 0.33 402
0 2 0.33 403
0 2 0.33 404
0 2 0.33 405
0 2 0.33 406
0 2 0.32 407
0 2 0.32 408
0 2 0.33 409
0 2 0.32 410
0 2 0.32 411
0 2 0.33 412
0 2 0.32 413
0 2 0.32 414
0 2 0.32 415
0 2 0.32 416
0 2 0.33 417
0 2 0.33 418
0 2 0.33 419
0 2 0.33 420
0 2 0.33 421
0 2 0.33 422
0 2 0.33 423
0 2 0.33 424
0 2 0.33 425
0 2 0.33 426
0 2 0.33 427
0 2 0.33 428
0 2 0.33 429
0 2 0.33 430
0 2 0.33 431
0 2 0.33 432
0 2 0.33 433
0 2 0.33 434
0 2 0.33 435
0 2 0.33 436
0 2 0.33 437
0 2 0.33 438
0 2 0.33 439
0 2 0.33 440
0 2 0.33 441
0 2 0.33 442
0 2 0.33 443
0 2 0.33 444
0 2 0.33 445
0 2 0.33 446
0 2 0.33 447
0 2 0.33 448
0 2 0.33 449
0 2 0.33 450
0 2 0.33 451
0 2 0.33 452
0 2 0.33 453
0 2 0.33 454
0 2 0.33 455
0 2 0.33 456
0 2 0.33 457
0 2 0.33 458
0 2 0.33 459
0 2 0.33 460
0 2 0.33 461
0 2 0.33 462
0 2 0.33 463
0 2 0.33 464
0 2 0.33 465
0 2 0.33 466
0 2 0.33 467
0 2 0.33 468
0 2 0.33 469
0 2 0.33 470
0 2 0.33 471
0 2 0.33 472
0 2 0.33 473
0 2 0.33 474
0 2 0.33 475
0 2 0.33 476
0 2 0.33 477
0 2 0.33 478
0 2 0.33 479
0 2 0.33 480
0 2 0.33 481
0 2 0.33 482
0 2 0.33 483
0 2 0.33 484
0 2 0.33 485
0 2 0.33 486
0 2 0.33 487
0 3 0.33 488
0 3 0.33 489
0 3 0.33 490
0 3 0.33 491
0 3 0.33 492
0 3 0.33 493
0 3 0.33 494
0 3 0.33 495
0 3 0.33 496
0 3 0.33 497
0 3 0.33 498
0 3 0.33 499
0 3 0.33 500
0 3 0.33 501
0 3 0.33 502
0 3 0.33 503
0 3 0.33 504
0 3 0.33 505
0 3 0.33 506
0 3 0.33 507
0 3 0.33 508
0 3 0.33 509
0 3 0.33 510
0 3 0.33 511
0 3 0.33 512
0 3 0.33 513
0 3 0.33 514
0 3 0.33 515
0 3 0.33 516
0 3 0.33 517
0 3 0.33 518
0 3 0.33 519
0 3 0.33 520
0 3 0.33 521
0 3 0.33 522
0 3 0.33 523
0 3 0.33 524
0 3 0.33 525
0 3 0.33 526
0 3 0.33 527
0 3 0.33 528
0 3 0.33 529
0 3 0.33 530
0 3 0.33 531
0 3 0.33 532
0 3 0.33 533
0 3 0.33 534
0 3 0.33 535
0 3 0.33 536
0 3 0.33 537
0 3 0.33 538
0 3 0.33 539
0 3 0.33 540
0 3 0.33 541
0 3 0.33 542
0 3 0.33 543
0 3 0.33 544
0 3 0.33 545
0 3 0.33 546
0 3 0.33 547
0 3 0.33 548
0 3 0.34 549
0 3 0.33 550
0 3 0.34 551
0 3 0.34 552
0 3 0.33 553
0 3 0.33 554
0 3 0.33 555
0 3 0.33 556
0 3 0.33 557
0 3 0.33 558
0 3 0.33 559
0 3 0.33 560
0 3 0.33 561
0 3 0.33 562
0 3 0.33 563
0 3 0.33 564
0 3 0.33 565
0 3 0.33 566
0 3 0.33 567
0 3 0.33 568
0 3 0.33 569
0 3 0.33 570
0 3 0.33 571
0 3 0.33 572
0 3 0.33 573
0 3 0.33 574
0 3 0.33 575
0 3 0.33 576
0 3 0.33 577
0 3 0.33 578
0 3 0.33 579
0 3 0.33 580
0 3 0.33 581
0 3 0.33 582
0 3 0.33 583
0 3 0.33 584
0 3 0.33 585
0 3 0.33 586
0 3 0.33 587
0 3 0.33 588
0 3 0.33 589
0 3 0.33 590
0 3 0.33 591
0 3 0.33 592
0 3 0.33 593
0 3 0.32 594
0 3 0.33 595
0 3 0.33 596
0 3 0.32 597
0 3 0.33 598
0 3 0.33 599
0 3 0.33 600
0 3 0.33 601
0 3 0.33 602
0 3 0.33 603
0 3 0.32 604
0 3 0.32 605
0 3 0.33 606
0 3 0.32 607
0 3 0.33 608
0 3 0.33 609
0 3 0.32 610
0 3 0.33 611
0 3 0.33 612
0 3 0.32 613
0 3 0.32 614
0 3 0.33 615
0 3 0.32 616
0 3 0.32 617
0 3 0.32 618
0 3 0.32 619
0 3 0.32 620
0 3 0.32 621
0 3 0.32 622
0 3 0.32 623
0 3 0.32 624
0 3 0.32 625
0 3 0.32 626
0 3 0.32 627
0 3 0.32 628
0 3 0.32 629
0 3 0.32 630
0 3 0.32 631
0 3 0.32 632
0 3 0.32 633
0 3 0.32 634
0 3 0.32 635
0 3 0.32 636
0 3 0.32 637
0 3 0.32 638
0 3 0.32 639
0 3 0.32 640
0 3 0.32 641
0 3 0.32 642
0 3 0.32 643
0 3 0.32 644
0 3 0.32 645
0 3 0.32 646
0 3 0.32 647
0 3 0.32 648
0 3 0.32 649
0 3 0.32 650
0 3 0.32 651
0 3 0.32 652
0 3 0.32 653
0 3 0.32 654
0 3 0.32 655
0 3 0.32 656
0 3 0.32 657
0 3 0.32 658
0 3 0.32 659
0 3 0.32 660
0 3 0.32 661
0 3 0.32 662
0 3 0.32 663
0 3 0.32 664
0 3 0.32 665
0 3 0.32 666
0 3 0.32 667
0 3 0.32 668
0 3 0.32 669
0 3 0.32 670
0 3 0.32 671
0 3 0.32 672
0 3 0.32 673
0 3 0.32 674
0 3 0.32 675
0 3 0.32 676
0 3 0.32 677
0 3 0.32 678
0 3 0.32 679
0 3 0.32 680
0 3 0.32 681
0 3 0.32 682
0 3 0.32 683
0 3 0.32 684
0 3 0.32 685
0 3 0.32 686
0 3 0.32 687
0 3 0.32 688
0 3 0.32 689
0 3 0.32 690
0 3 0.32 691
0 3 0.32 692
0 3 0.32 693
0 3 0.32 694
0 3 0.32 695
0 3 0.32 696
0 3 0.32 697
0 3 0.32 698
0 3 0.32 699
0 3 0.32 700
0 3 0.32 701
0 3 0.32 702
0 3 0.32 703
0 3 0.32 704
0 3 0.32 705
0 3 0.32 706
0 3 0.32 707
0 3 0.32 708
0 3 0.32 709
0 3 0.32 710
0 3 0.32 711
0 3 0.32 712
0 3 0.32 713
0 3 0.32 714
0 3 0.32 715
0 3 0.32 716
0 3 0.32 717
0 3 0.32 718
0 3 0.32 719
0 3 0.32 720
0 3 0.32 721
0 3 0.32 722
0 3 0.32 723
0 3 0.32 724
0 3 0.32 725
0 3 0.32 726
0 3 0.32 727
0 3 0.32 728
0 3 0.32 729
0 3 0.32 730
0 3 0.32 731
0 3 0.32 732
0 3 0.32 733
0 3 0.32 734
0 3 0.32 735
0 3 0.32 736
0 3 0.32 737
0 3 0.32 738
0 3 0.32 739
0 3 0.32 740
0 3 0.32 741
0 3 0.32 742
0 3 0.32 743
0 3 0.32 744
0 3 0.32 745
0 3 0.32 746
0 3 0.32 747
0 3 0.32 748
0 3 0.32 749
0 3 0.32 750
0 3 0.32 751
0 3 0.32 752
0 3 0.32 753
0 3 0.32 754
0 3 0.32 755
0 3 0.32 756
0 3 0.32 757
0 3 0.32 758
0 3 0.32 759
0 3 0.32 760
0 3 0.32 761
0 3 0.32 762
0 3 0.32 763
0 3 0.32 764
0 3 0.32 765
0 3 0.32 766
0 3 0.32 767
0 3 0.32 768
0 3 0.32 769
0 3 0.32 770
0 3 0.32 771
0 3 0.32 772
0 3 0.32 773
0 3 0.32 774
0 3 0.32 775
0 3 0.32 776
0 3 0.32 777
0 3 0.32 778
0 3 0.32 779
0 3 0.32 780
0 3 0.32 781
0 3 0.32 782
0 3 0.32 783
0 3 0.32 784
0 3 0.32 785
0 3 0.32 786
0 3 0.32 787
0 3 0.32 788
0 3 0.32 789
0 3 0.32 790
0 3 0.32 791
0 3 0.32 792
0 3 0.32 793
0 3 0.32 794
0 3 0.32 795
0 3 0.32 796
0 3 0.32 797
0 3 0.32 798
0 3 0.32 799
0 3 0.32 800
0 3 0.32 801
0 3 0.32 802
0 3 0.32 803
0 3 0.32 804
0 3 0.32 805
0 3 0.32 806
0 3 0.32 807
0 3 0.32 808
0 3 0.32 809
0 3 0.32 810
0 3 0.32 811
0 3 0.32 812
0 3 0.32 813
0 3 0.32 814
0 3 0.32 815
0 3 0.32 816
0 3 0.32 817
0 3 0.32 818
0 3 0.32 819
0 3 0.32 820
0 3 0.32 821
0 3 0.32 822
0 3 0.32 823
0 3 0.33 824
0 3 0.33 825
0 3 0.33 826
0 3 0.33 827
0 3 0.33 828
0 3 0.33 829
0 3 0.33 830
0 3 0.33 831
0 3 0.33 832
0 3 0.33 833
0 3 0.33 834
0 3 0.33 835
0 3 0.33 836
0 3 0.33 837
0 3 0.33 838
0 3 0.33 839
0 3 0.33 840
0 3 0.33 841
0 3 0.33 842
0 3 0.33 843
0 3 0.33 844
0 3 0.33 845
0 3 0.33 846
0 3 0.33 847
0 3 0.33 848
0 3 0.33 849
0 3 0.33 850
0 3 0.33 851
0 3 0.33 852
0 3 0.33 853
0 3 0.33 854
0 3 0.33 855
0 3 0.33 856
0 3 0.33 857
0 3 0.33 858
0 3 0.33 859
0 3 0.33 860
0 3 0.33 861
0 3 0.33 862
0 3 0.33 863
0 3 0.33 864
0 3 0.33 865
0 3 0.33 866
0 3 0.33 867
0 3 0.33 868
0 3 0.33 869
0 3 0.33 870
0 3 0.33 871
0 3 0.33 872
0 3 0.33 873
0 3 0.33 874
0 3 0.33 875
0 3 0.33 876
0 3 0.33 877
0 3 0.33 878
0 3 0.33 879
0 3 0.33 880
0 3 0.33 881
0 3 0.33 882
0 3 0.33 883
0 3 0.33 884
0 3 0.33 885
0 3 0.33 886
0 3 0.33 887
0 3 0.33 888
0 3 0.33 889
0 3 0.33 890
0 3 0.33 891
0 3 0.33 892
0 3 0.33 893
0 3 0.33 894
0 3 0.33 895
0 3 0.33 896
0 3 0.33 897
0 3 0.33 898
0 3 0.33 899
0 3 0.33 900
0 3 0.33 901
0 3 0.33 902
0 3 0.33 903
0 3 0.33 904
0 3 0.33 905
0 3 0.33 906
0 3 0.33 907
0 3 0.33 908
0 3 0.33 909
0 3 0.33 910
0 3 0.33 911
0 3 0.33 912
0 3 0.33 913
0 3 0.33 914
0 3 0.33 915
0 3 0.33 916
0 3 0.33 917
0 3 0.33 918
0 3 0.33 919
0 3 0.33 920
0 3 0.33 921
0 3 0.33 922
0 3 0.33 923
0 3 0.33 924
0 3 0.33 925
0 3 0.33 926
0 3 0.33 927
0 3 0.33 928
0 3 0.33 929
0 3 0.33 930
0 3 0.33 931
0 3 0.33 932
0 3 0.33 933
0 3 0.33 934
0 3 0.33 935
0 3 0.33 936
0 3 0.33 937
0 3 0.33 938
0 3 0.33 939
0 3 0.33 940
0 3 0.33 941
0 3 0.33 942
0 3 0.33 943
0 3 0.33 944
0 3 0.33 945
0 3 0.33 946
0 3 0.33 947
0 3 0.33 948
0 3 0.33 949
0 3 0.33 950
0 3 0.33 951
0 3 0.33 952
0 3 0.33 953
0 3 0.3