2 2 2.00 1
0 2 1.00 2
0 2 0.67 3
0 2 0.75 4
0 2 0.80 5
0 2 0.67 6
0 2 0.57 7
0 2 0.62 8
0 2 0.67 9
0 2 0.70 10
0 2 0.73 11
0 2 0.75 12
0 2 0.77 13
0 2 0.79 14
0 2 0.80 15
0 2 0.88 16
0 2 0.82 17
0 2 0.83 18
0 2 0.89 19
0 2 0.90 20
0 2 0.90 21
0 2 0.91 22
0 2 0.87 23
0 2 0.88 24
0 2 0.88 25
0 2 0.85 26
0 2 0.85 27
0 2 0.86 28
0 2 0.90 29
0 2 0.87 30
0 2 0.84 31
0 2 0.81 32
0 2 0.82 33
0 2 0.82 34
0 2 0.83 35
0 2 0.81 36
0 2 0.78 37
0 2 0.76 38
0 2 0.74 39
0 2 0.72 40
0 2 0.71 41
0 2 0.69 42
0 2 0.70 43
0 2 0.68 44
0 2 0.67 45
0 2 0.65 46
0 2 0.66 47
0 2 0.67 48
0 2 0.65 49
0 2 0.66 50
0 2 0.69 51
0 2 0.67 52
0 2 0.70 53
0 2 0.70 54
0 2 0.71 55
0 2 0.71 56
0 2 0.72 57
0 2 0.72 58
0 2 0.71 59
0 2 0.70 60
0 2 0.72 61
0 2 0.73 62
0 2 0.73 63
0 2 0.73 64
0 3 0.77 65
0 3 0.77 66
0 3 0.78 67
0 3 0.78 68
0 3 0.77 69
0 3 0.79 70
0 3 0.79 71
0 3 0.79 72
0 3 0.78 73
0 3 0.78 74
0 3 0.77 75
0 3 0.78 76
0 3 0.77 77
0 3 0.78 78
0 3 0.78 79
0 3 0.80 80
0 3 0.80 81
0 3 0.79 82
0 3 0.80 83
0 3 0.80 84
0 3 0.79 85
0 3 0.78 86
0 3 0.78 87
0 3 0.78 88
0 3 0.78 89
0 3 0.78 90
0 3 0.79 91
0 3 0.79 92
0 3 0.80 93
0 3 0.81 94
0 3 0.80 95
0 3 0.79 96
0 3 0.79 97
0 3 0.80 98
0 3 0.80 99
0 3 0.81 100
0 3 0.82 101
0 3 0.81 102
0 3 0.81 103
0 3 0.83 104
0 3 0.83 105
0 3 0.83 106
0 3 0.83 107
0 3 0.82 108
0 3 0.82 109
0 3 0.82 110
0 3 0.82 111
0 3 0.82 112
0 3 0.82 113
0 3 0.82 114
0 3 0.83 115
0 3 0.83 116
0 3 0.83 117
0 3 0.83 118
0 3 0.82 119
0 3 0.82 120
0 3 0.82 121
0 3 0.82 122
0 3 0.81 123
0 3 0.81 124
0 3 0.81 125
0 3 0.81 126
0 3 0.81 127
0 3 0.82 128
0 3 0.84 129
0 3 0.84 130
0 3 0.83 131
0 3 0.84 132
0 3 0.84 133
0 3 0.84 134
0 3 0.84 135
0 3 0.85 136
0 3 0.84 137
0 3 0.84 138
0 3 0.83 139
0 3 0.84 140
0 3 0.84 141
0 3 0.84 142
0 3 0.84 143
0 3 0.85 144
0 3 0.86 145
0 3 0.86 146
0 3 0.86 147
0 3 0.86 148
0 3 0.85 149
0 3 0.85 150
0 3 0.86 151
0 3 0.86 152
0 3 0.86 153
0 3 0.86 154
0 3 0.86 155
0 3 0.86 156
0 3 0.87 157
0 3 0.87 158
0 3 0.86 159
0 3 0.86 160
0 3 0.87 161
0 3 0.87 162
0 3 0.87 163
0 3 0.87 164
0 3 0.87 165
0 3 0.87 166
0 3 0.86 167
0 3 0.86 168
0 3 0.86 169
0 3 0.86 170
0 3 0.87 171
0 3 0.87 172
0 3 0.87 173
0 3 0.87 174
0 3 0.87 175
0 3 0.88 176
0 3 0.88 177
0 3 0.89 178
0 3 0.89 179
0 3 0.89 180
0 3 0.90 181
0 3 0.90 182
0 3 0.90 183
0 3 0.90 184
0 3 0.90 185
0 3 0.90 186
0 3 0.89 187
0 3 0.90 188
0 3 0.90 189
0 3 0.89 190
0 3 0.89 191
0 3 0.89 192
0 3 0.89 193
0 3 0.89 194
0 3 0.89 195
0 3 0.89 196
0 3 0.89 197
0 3 0.89 198
0 3 0.89 199
0 3 0.90 200
0 3 0.90 201
0 3 0.89 202
0 3 0.89 203
0 3 0.89 204
0 3 0.89 205
0 3 0.89 206
0 3 0.89 207
0 3 0.89 208
0 3 0.89 209
0 3 0.89 210
0 3 0.89 211
0 3 0.90 212
0 3 0.90 213
0 3 0.89 214
0 3 0.89 215
0 3 0.89 216
0 3 0.89 217
0 3 0.89 218
0 3 0.89 219
0 3 0.89 220
0 3 0.90 221
0 3 0.90 222
0 3 0.89 223
0 3 0.89 224
0 3 0.89 225
0 3 0.89 226
0 3 0.89 227
0 3 0.89 228
0 3 0.89 229
0 3 0.89 230
0 3 0.89 231
0 3 0.89 232
0 3 0.89 233
0 3 0.89 234
0 3 0.89 235
0 3 0.89 236
0 3 0.89 237
0 3 0.90 238
0 3 0.90 239
0 3 0.90 240
0 3 0.89 241
0 3 0.89 242
0 3 0.89 243
0 3 0.89 244
0 3 0.89 245
0 3 0.89 246
0 3 0.89 247
0 3 0.89 248
0 3 0.89 249
0 3 0.89 250
0 3 0.89 251
0 3 0.89 252
0 3 0.89 253
0 3 0.89 254
0 3 0.89 255
0 3 0.88 256
0 3 0.88 257
0 3 0.88 258
0 3 0.88 259
0 3 0.89 260
0 3 0.89 261
0 3 0.89 262
0 3 0.89 263
0 3 0.89 264
0 3 0.89 265
0 3 0.89 266
0 3 0.89 267
0 3 0.89 268
0 3 0.89 269
0 3 0.90 270
0 3 0.91 271
0 3 0.90 272
0 3 0.90 273
0 3 0.91 274
0 3 0.90 275
0 3 0.91 276
0 3 0.91 277
0 3 0.91 278
0 3 0.90 279
0 3 0.90 280
0 3 0.91 281
0 3 0.91 282
0 3 0.91 283
0 3 0.92 284
0 3 0.91 285
0 3 0.91 286
0 3 0.91 287
0 3 0.91 288
0 3 0.91 289
0 3 0.91 290
0 3 0.91 291
0 3 0.91 292
0 3 0.90 293
0 3 0.91 294
0 3 0.91 295
0 3 0.91 296
0 3 0.90 297
0 3 0.91 298
0 3 0.91 299
0 3 0.91 300
0 3 0.90 301
0 3 0.91 302
0 3 0.91 303
0 3 0.91 304
0 3 0.91 305
0 3 0.91 306
0 3 0.92 307
0 3 0.92 308
0 3 0.92 309
0 3 0.92 310
0 3 0.92 311
0 3 0.92 312
0 3 0.92 313
0 3 0.93 314
0 3 0.92 315
0 3 0.92 316
0 3 0.92 317
0 3 0.92 318
0 3 0.92 319
0 3 0.92 320
0 3 0.92 321
0 3 0.92 322
0 3 0.92 323
0 3 0.92 324
0 3 0.92 325
0 3 0.92 326
0 3 0.92 327
0 3 0.91 328
0 3 0.91 329
0 3 0.92 330
0 3 0.92 331
0 3 0.92 332
0 3 0.92 333
0 3 0.92 334
0 3 0.92 335
0 3 0.93 336
0 3 0.92 337
0 3 0.93 338
0 3 0.93 339
0 3 0.93 340
0 3 0.93 341
0 3 0.93 342
0 3 0.93 343
0 3 0.93 344
0 3 0.93 345
0 3 0.93 346
0 3 0.93 347
0 3 0.94 348
0 3 0.94 349
0 3 0.94 350
0 3 0.94 351
0 3 0.94 352
0 3 0.94 353
0 3 0.94 354
0 3 0.94 355
0 3 0.94 356
0 3 0.94 357
0 3 0.94 358
0 3 0.94 359
0 3 0.94 360
0 3 0.94 361
0 3 0.94 362
0 3 0.94 363
0 3 0.94 364
0 3 0.94 365
0 3 0.94 366
0 3 0.94 367
0 3 0.94 368
0 3 0.94 369
0 3 0.94 370
0 3 0.95 371
0 3 0.95 372
0 3 0.95 373
0 3 0.95 374
0 3 0.95 375
0 3 0.95 376
0 3 0.95 377
0 3 0.95 378
0 3 0.95 379
0 3 0.96 380
0 3 0.95 381
0 3 0.95 382
0 3 0.95 383
0 3 0.95 384
0 3 0.95 385
0 3 0.95 386
0 3 0.95 387
0 3 0.95 388
0 3 0.95 389
0 3 0.95 390
0 3 0.95 391
0 3 0.95 392
0 3 0.95 393
0 3 0.95 394
0 3 0.95 395
0 3 0.95 396
0 3 0.95 397
0 3 0.95 398
0 3 0.94 399
0 3 0.94 400
0 3 0.94 401
0 3 0.94 402
0 3 0.94 403
0 3 0.94 404
0 3 0.94 405
0 3 0.94 406
0 3 0.94 407
0 3 0.94 408
0 3 0.94 409
0 3 0.94 410
0 3 0.94 411
0 3 0.94 412
0 3 0.94 413
0 3 0.94 414
0 3 0.94 415
0 3 0.94 416
0 3 0.94 417
0 3 0.94 418
0 3 0.94 419
0 3 0.94 420
0 3 0.94 421
0 3 0.94 422
0 3 0.94 423
0 3 0.94 424
0 3 0.94 425
0 3 0.94 426
0 3 0.93 427
0 3 0.93 428
0 3 0.93 429
0 3 0.93 430
0 3 0.93 431
0 3 0.93 432
0 3 0.93 433
0 3 0.93 434
0 3 0.93 435
0 3 0.93 436
0 3 0.93 437
0 3 0.93 438
0 3 0.93 439
0 3 0.93 440
0 3 0.93 441
0 3 0.93 442
0 3 0.93 443
0 3 0.93 444
0 3 0.93 445
0 3 0.93 446
0 3 0.93 447
0 3 0.93 448
0 3 0.93 449
0 3 0.93 450
0 3 0.93 451
0 3 0.93 452
0 3 0.93 453
0 3 0.93 454
0 3 0.93 455
0 3 0.93 456
0 3 0.93 457
0 3 0.93 458
0 3 0.93 459
0 3 0.93 460
0 3 0.93 461
0 3 0.93 462
0 3 0.93 463
0 3 0.93 464
0 3 0.93 465
0 3 0.93 466
0 3 0.93 467
0 3 0.93 468
0 3 0.93 469
0 3 0.93 470
0 3 0.93 471
0 3 0.93 472
0 3 0.93 473
0 3 0.93 474
0 3 0.93 475
0 3 0.93 476
0 3 0.93 477
0 3 0.92 478
0 3 0.92 479
0 3 0.93 480
0 3 0.93 481
0 3 0.93 482
0 3 0.93 483
0 3 0.93 484
0 3 0.93 485
0 3 0.93 486
0 3 0.93 487
0 3 0.93 488
0 3 0.93 489
0 3 0.93 490
0 3 0.93 491
0 3 0.93 492
0 3 0.93 493
0 3 0.93 494
0 3 0.93 495
0 3 0.93 496
0 3 0.92 497
0 3 0.92 498
0 3 0.92 499
0 3 0.92 500
0 3 0.92 501
0 3 0.92 502
0 3 0.92 503
0 3 0.92 504
0 3 0.92 505
0 3 0.92 506
0 3 0.92 507
0 3 0.92 508
0 3 0.92 509
0 3 0.92 510
0 3 0.92 511
0 3 0.92 512
0 3 0.92 513
0 3 0.92 514
0 3 0.92 515
0 3 0.92 516
0 3 0.92 517
0 3 0.92 518
0 3 0.92 519
0 3 0.92 520
0 3 0.92 521
0 3 0.92 522
0 3 0.92 523
0 3 0.92 524
0 3 0.92 525
0 3 0.92 526
0 3 0.92 527
0 3 0.92 528
0 3 0.92 529
0 3 0.92 530
0 3 0.92 531
0 3 0.92 532
0 3 0.92 533
0 3 0.92 534
0 3 0.92 535
0 3 0.92 536
0 3 0.92 537
0 3 0.92 538
0 3 0.92 539
0 3 0.92 540
0 3 0.92 541
0 3 0.92 542
0 3 0.92 543
0 3 0.92 544
0 3 0.92 545
0 3 0.92 546
0 3 0.92 547
0 3 0.92 548
0 3 0.92 549
0 3 0.92 550
0 3 0.92 551
0 3 0.92 552
0 3 0.92 553
0 3 0.92 554
0 3 0.92 555
0 3 0.92 556
0 3 0.92 557
0 3 0.92 558
0 3 0.92 559
0 3 0.93 560
0 3 0.93 561
0 3 0.93 562
0 3 0.93 563
0 3 0.93 564
0 3 0.93 565
0 3 0.93 566
0 3 0.93 567
0 3 0.93 568
0 3 0.93 569
0 3 0.93 570
0 3 0.93 571
0 3 0.93 572
0 3 0.93 573
0 3 0.93 574
0 3 0.93 575
0 3 0.93 576
0 3 0.93 577
0 3 0.93 578
0 3 0.94 579
0 3 0.94 580
0 3 0.93 581
0 3 0.94 582
0 3 0.93 583
0 3 0.93 584
0 3 0.94 585
0 3 0.94 586
0 3 0.94 587
0 3 0.94 588
0 3 0.94 589
0 3 0.94 590
0 3 0.94 591
0 3 0.94 592
0 3 0.94 593
0 3 0.93 594
0 3 0.94 595
0 3 0.94 596
0 3 0.94 597
0 3 0.94 598
0 3 0.94 599
0 3 0.94 600
0 3 0.94 601
0 3 0.94 602
0 3 0.94 603
0 3 0.94 604
0 3 0.94 605
0 3 0.94 606
0 3 0.94 607
0 3 0.94 608
0 3 0.94 609
0 3 0.94 610
0 3 0.95 611
0 3 0.95 612
0 3 0.95 613
0 3 0.95 614
0 3 0.95 615
0 3 0.95 616
0 3 0.94 617
0 3 0.95 618
0 3 0.95 619
0 3 0.95 620
0 3 0.95 621
0 3 0.95 622
0 3 0.95 623
0 3 0.95 624
0 3 0.95 625
0 3 0.95 626
0 3 0.95 627
0 3 0.95 628
0 3 0.95 629
0 3 0.94 630
0 3 0.94 631
0 3 0.94 632
0 3 0.94 633
0 3 0.94 634
0 3 0.94 635
0 3 0.94 636
0 3 0.94 637
0 3 0.95 638
0 3 0.