3 3 3.00 1
1 3 2.00 2
1 3 1.67 3
1 3 1.75 4
0 3 1.40 5
0 3 1.33 6
0 3 1.29 7
0 3 1.38 8
0 3 1.33 9
0 3 1.40 10
0 3 1.45 11
0 3 1.50 12
0 3 1.46 13
0 3 1.50 14
0 3 1.47 15
0 3 1.50 16
0 3 1.53 17
0 3 1.56 18
0 3 1.58 19
0 3 1.60 20
0 3 1.62 21
0 3 1.59 22
0 3 1.61 23
0 3 1.58 24
0 3 1.56 25
0 3 1.58 26
0 3 1.56 27
0 3 1.57 28
0 3 1.55 29
0 3 1.53 30
0 3 1.52 31
0 3 1.50 32
0 3 1.48 33
0 3 1.50 34
0 3 1.51 35
0 3 1.53 36
0 3 1.51 37
0 3 1.53 38
0 3 1.54 39
0 3 1.55 40
0 3 1.54 41
0 3 1.52 42
0 3 1.51 43
0 3 1.50 44
0 3 1.49 45
0 3 1.50 46
0 3 1.49 47
0 3 1.50 48
0 3 1.51 49
0 3 1.52 50
0 3 1.53 51
0 3 1.52 52
0 3 1.53 53
0 3 1.56 54
0 3 1.55 55
0 3 1.55 56
0 3 1.54 57
0 3 1.57 58
0 3 1.56 59
0 3 1.57 60
0 3 1.56 61
0 3 1.55 62
0 3 1.54 63
0 3 1.53 64
0 3 1.52 65
0 3 1.52 66
0 3 1.51 67
0 3 1.51 68
0 3 1.51 69
0 16 1.71 70
0 16 1.69 71
0 16 1.72 72
0 16 1.73 73
0 16 1.72 74
0 16 1.71 75
0 16 1.70 76
0 16 1.70 77
0 16 1.69 78
0 16 1.70 79
0 16 1.69 80
0 16 1.68 81
0 16 1.67 82
0 16 1.66 83
0 16 1.65 84
0 16 1.66 85
0 16 1.65 86
0 16 1.66 87
0 16 1.66 88
0 16 1.67 89
0 16 1.68 90
0 16 1.68 91
0 16 1.67 92
0 16 1.68 93
0 16 1.68 94
0 16 1.67 95
0 16 1.68 96
0 16 1.67 97
0 16 1.67 98
0 16 1.68 99
0 16 1.68 100
0 16 1.67 101
0 16 1.67 102
0 16 1.66 103
0 16 1.65 104
0 16 1.65 105
0 16 1.65 106
0 16 1.64 107
0 16 1.65 108
0 16 1.65 109
0 16 1.65 110
0 16 1.65 111
0 16 1.64 112
0 16 1.64 113
0 16 1.64 114
0 16 1.63 115
0 16 1.62 116
0 16 1.64 117
0 16 1.64 118
0 16 1.64 119
0 16 1.64 120
0 16 1.64 121
0 16 1.63 122
0 16 1.63 123
0 16 1.64 124
0 16 1.64 125
0 16 1.63 126
0 16 1.63 127
0 16 1.62 128
0 16 1.63 129
0 16 1.62 130
0 16 1.62 131
0 16 1.61 132
0 16 1.62 133
0 16 1.61 134
0 16 1.61 135
0 16 1.61 136
0 16 1.60 137
0 16 1.59 138
0 16 1.58 139
0 16 1.59 140
0 16 1.58 141
0 16 1.58 142
0 16 1.58 143
0 16 1.58 144
0 16 1.59 145
0 16 1.59 146
0 16 1.59 147
0 16 1.59 148
0 16 1.59 149
0 16 1.59 150
0 16 1.58 151
0 16 1.58 152
0 16 1.58 153
0 16 1.57 154
0 16 1.57 155
0 16 1.56 156
0 16 1.56 157
0 16 1.56 158
0 16 1.55 159
0 16 1.56 160
0 16 1.55 161
0 16 1.56 162
0 16 1.56 163
0 16 1.55 164
0 16 1.55 165
0 16 1.55 166
0 16 1.54 167
0 16 1.55 168
0 16 1.54 169
0 16 1.54 170
0 16 1.54 171
0 16 1.55 172
0 16 1.54 173
0 16 1.54 174
0 16 1.54 175
0 16 1.54 176
0 16 1.54 177
0 16 1.53 178
0 16 1.54 179
0 16 1.53 180
0 16 1.52 181
0 16 1.53 182
0 16 1.52 183
0 16 1.53 184
0 16 1.52 185
0 16 1.52 186
0 16 1.52 187
0 16 1.52 188
0 16 1.51 189
0 16 1.52 190
0 16 1.52 191
0 16 1.52 192
0 16 1.52 193
0 16 1.52 194
0 16 1.52 195
0 16 1.52 196
0 16 1.52 197
0 16 1.52 198
0 16 1.52 199
0 16 1.51 200
0 16 1.52 201
0 16 1.51 202
0 16 1.52 203
0 16 1.52 204
0 16 1.53 205
0 16 1.53 206
0 16 1.54 207
0 16 1.54 208
0 16 1.54 209
0 16 1.53 210
0 16 1.53 211
0 16 1.53 212
0 16 1.53 213
0 16 1.53 214
0 16 1.53 215
0 16 1.52 216
0 16 1.52 217
0 16 1.52 218
0 16 1.52 219
0 16 1.51 220
0 16 1.52 221
0 16 1.51 222
0 16 1.51 223
0 16 1.51 224
0 16 1.51 225
0 16 1.51 226
0 16 1.52 227
0 16 1.51 228
0 16 1.51 229
0 16 1.51 230
0 16 1.51 231
0 16 1.51 232
0 16 1.51 233
0 16 1.51 234
0 16 1.51 235
0 16 1.50 236
0 16 1.50 237
0 16 1.50 238
0 16 1.50 239
0 16 1.50 240
0 16 1.50 241
0 16 1.50 242
0 16 1.51 243
0 16 1.50 244
0 16 1.50 245
0 16 1.50 246
0 16 1.50 247
0 16 1.50 248
0 16 1.50 249
0 16 1.50 250
0 16 1.50 251
0 16 1.50 252
0 16 1.50 253
0 16 1.50 254
0 16 1.50 255
0 16 1.50 256
0 16 1.50 257
0 16 1.50 258
0 16 1.49 259
0 16 1.49 260
0 16 1.49 261
0 16 1.49 262
0 16 1.49 263
0 16 1.49 264
0 16 1.49 265
0 16 1.49 266
0 16 1.49 267
0 16 1.49 268
0 16 1.49 269
0 16 1.49 270
0 16 1.49 271
0 16 1.49 272
0 16 1.48 273
0 16 1.49 274
0 16 1.49 275
0 16 1.49 276
0 16 1.49 277
0 16 1.49 278
0 16 1.49 279
0 16 1.49 280
0 16 1.49 281
0 16 1.49 282
0 16 1.49 283
0 16 1.49 284
0 16 1.49 285
0 16 1.49 286
0 16 1.49 287
0 16 1.49 288
0 16 1.49 289
0 16 1.49 290
0 16 1.49 291
0 16 1.49 292
0 16 1.49 293
0 16 1.49 294
0 16 1.49 295
0 16 1.49 296
0 16 1.49 297
0 16 1.49 298
0 16 1.49 299
0 16 1.49 300
0 16 1.49 301
0 16 1.48 302
0 16 1.48 303
0 16 1.48 304
0 16 1.49 305
0 16 1.49 306
0 16 1.49 307
0 16 1.49 308
0 16 1.49 309
0 16 1.48 310
0 16 1.48 311
0 16 1.48 312
0 16 1.48 313
0 16 1.48 314
0 16 1.48 315
0 16 1.48 316
0 16 1.48 317
0 16 1.48 318
0 16 1.48 319
0 16 1.48 320
0 16 1.48 321
0 16 1.48 322
0 16 1.48 323
0 16 1.48 324
0 16 1.48 325
0 16 1.48 326
0 16 1.48 327
0 16 1.48 328
0 16 1.48 329
0 16 1.48 330
0 16 1.48 331
0 16 1.48 332
0 16 1.48 333
0 16 1.48 334
0 16 1.47 335
0 16 1.47 336
0 16 1.47 337
0 16 1.47 338
0 16 1.47 339
0 16 1.47 340
0 16 1.47 341
0 16 1.47 342
0 16 1.47 343
0 16 1.47 344
0 16 1.47 345
0 16 1.47 346
0 16 1.47 347
0 16 1.47 348
0 16 1.46 349
0 16 1.46 350
0 16 1.47 351
0 16 1.47 352
0 16 1.47 353
0 16 1.47 354
0 16 1.47 355
0 16 1.47 356
0 16 1.47 357
0 16 1.47 358
0 16 1.47 359
0 16 1.47 360
0 16 1.47 361
0 16 1.47 362
0 16 1.47 363
0 16 1.47 364
0 16 1.47 365
0 16 1.46 366
0 16 1.46 367
0 16 1.46 368
0 16 1.46 369
0 16 1.46 370
0 16 1.46 371
0 16 1.45 372
0 16 1.46 373
0 16 1.45 374
0 16 1.46 375
0 16 1.45 376
0 16 1.45 377
0 16 1.45 378
0 16 1.45 379
0 16 1.45 380
0 16 1.45 381
0 16 1.45 382
0 16 1.45 383
0 16 1.46 384
0 16 1.46 385
0 16 1.46 386
0 16 1.45 387
0 16 1.45 388
0 16 1.46 389
0 16 1.45 390
0 16 1.46 391
0 16 1.45 392
0 16 1.46 393
0 16 1.45 394
0 16 1.45 395
0 16 1.45 396
0 16 1.45 397
0 16 1.45 398
0 16 1.45 399
0 16 1.45 400
0 16 1.44 401
0 16 1.45 402
0 16 1.45 403
0 16 1.45 404
0 16 1.45 405
0 16 1.45 406
0 16 1.45 407
0 16 1.45 408
0 16 1.45 409
0 16 1.45 410
0 16 1.45 411
0 16 1.45 412
0 16 1.45 413
0 16 1.45 414
0 16 1.45 415
0 16 1.45 416
0 16 1.45 417
0 16 1.45 418
0 16 1.45 419
0 16 1.45 420
0 16 1.45 421
0 16 1.45 422
0 16 1.45 423
0 16 1.45 424
0 16 1.45 425
0 16 1.45 426
0 16 1.44 427
0 16 1.44 428
0 16 1.45 429
0 16 1.45 430
0 16 1.44 431
0 16 1.44 432
0 16 1.44 433
0 16 1.44 434
0 16 1.44 435
0 16 1.44 436
0 16 1.44 437
0 16 1.44 438
0 16 1.44 439
0 16 1.44 440
0 16 1.44 441
0 16 1.44 442
0 16 1.44 443
0 16 1.44 444
0 16 1.44 445
0 16 1.44 446
0 16 1.44 447
0 16 1.44 448
0 16 1.44 449
0 16 1.44 450
0 16 1.44 451
0 16 1.44 452
0 16 1.44 453
0 16 1.44 454
0 16 1.44 455
0 16 1.44 456
0 16 1.44 457
0 16 1.44 458
0 16 1.44 459
0 16 1.44 460
0 16 1.44 461
0 16 1.44 462
0 16 1.44 463
0 16 1.44 464
0 16 1.44 465
0 16 1.44 466
0 16 1.44 467
0 16 1.44 468
0 16 1.44 469
0 16 1.44 470
0 16 1.44 471
0 16 1.44 472
0 16 1.44 473
0 16 1.45 474
0 16 1.44 475
0 16 1.44 476
0 16 1.44 477
0 16 1.44 478
0 16 1.44 479
0 16 1.44 480
0 16 1.44 481
0 16 1.44 482
0 16 1.45 483
0 16 1.45 484
0 16 1.45 485
0 16 1.45 486
0 16 1.45 487
0 16 1.44 488
0 16 1.44 489
0 16 1.44 490
0 16 1.45 491
0 16 1.45 492
0 16 1.44 493
0 16 1.44 494
0 16 1.44 495
0 16 1.44 496
0 16 1.44 497
0 16 1.44 498
0 16 1.44 499
0 16 1.44 500
0 16 1.44 501
0 16 1.44 502
0 16 1.44 503
0 16 1.44 504
0 16 1.44 505
0 16 1.44 506
0 16 1.44 507
0 16 1.43 508
0 16 1.43 509
0 16 1.43 510
0 16 1.43 511
0 16 1.43 512
0 16 1.43 513
0 16 1.43 514
0 16 1.43 515
0 16 1.43 516
0 16 1.43 517
0 16 1.43 518
0 16 1.43 519
0 16 1.43 520
0 16 1.43 521
0 16 1.43 522
0 16 1.43 523
0 16 1.43 524
0 16 1.43 525
0 16 1.43 526
0 16 1.43 527
0 16 1.43 528
0 16 1.43 529
0 16 1.42 530
0 16 1.43 531
0 16 1.42 532
0 16 1.43 533
0 16 1.43 534
0 16 1.43 535
0 16 1.43 536
0 16 1.43 537
0 16 1.43 538
0 16 1.43 539
0 16 1.43 540
0 16 1.43 541
0 16 1.43 542
0 16 1.43 543
0 16 1.43 544
0 16 1.43 545
0 16 1.43 546
0 16 1.43 547
0 16 1.43 548
0 16 1.43 549
0 16 1.43 550
0 16 1.43 551
0 16 1.43 552
0 16 1.43 553
0 16 1.43 554
0 16 1.43 555
0 16 1.43 556
0 16 1.43 557
0 16 1.43 558
0 16 1.43 559
0 16 1.43 560
0 16 1.43 561
0 16 1.43 562
0 16 1.43 563
0 16 1.42 564
0 16 1.42 565
0 16 1.43 566
0 16 1.43 567
0 16 1.43 568
0 16 1.43 569
0 16 1.42 570
0 16 1.42 571
0 16 1.42 572
0 16 1.42 573
0 16 1.43 574
0 16 1.42 575
0 16 1.43 576
0 16 1.43 577
0 16 1.43 578
0 16 1.43 579
0 16 1.43 580
0 16 1.43 581
0 16 1.43 582
0 16 1.43 583
0 16 1.43 584
0 16 1.43 585
0 16 1.43 586
0 16 1.43 587
0 16 1.43 588
0 16 1.43 589
0 16 1.43 590
0 16 1.43 591
0 16 1.43 592
0 16 1.43 593
0 16 1.43 594
0 16 1.43 595
0 16 1.43 596
0 16 1.43 597
0 16 1.43 5