0 0 0.00 1
0 0 0.00 2
0 1 0.33 3
0 3 1.00 4
0 3 1.00 5
0 3 1.00 6
0 3 0.86 7
0 3 0.88 8
0 3 0.78 9
0 3 0.70 10
0 3 0.82 11
0 3 0.75 12
0 3 0.85 13
0 3 0.86 14
0 3 0.87 15
0 3 0.94 16
0 3 0.94 17
0 3 0.94 18
0 3 0.95 19
0 3 0.90 20
0 3 0.90 21
0 3 0.91 22
0 3 0.91 23
0 3 0.88 24
0 3 0.84 25
0 3 0.81 26
0 3 0.81 27
0 3 0.79 28
0 3 0.79 29
0 3 0.83 30
0 3 0.90 31
0 3 0.91 32
0 3 0.94 33
0 3 0.97 34
0 3 0.94 35
0 3 0.94 36
0 3 0.92 37
0 3 0.92 38
0 3 0.92 39
0 3 0.95 40
0 3 0.95 41
0 3 0.93 42
0 3 0.93 43
0 3 0.93 44
0 3 0.93 45
0 3 0.91 46
0 3 0.94 47
0 3 0.94 48
0 3 0.94 49
0 3 0.94 50
0 3 0.92 51
0 3 0.94 52
0 3 0.92 53
0 3 0.91 54
0 3 0.93 55
0 3 0.91 56
0 3 0.93 57
0 3 0.93 58
0 3 0.93 59
0 3 0.95 60
0 3 0.93 61
0 3 0.92 62
0 3 0.90 63
0 3 0.89 64
0 3 0.89 65
0 3 0.89 66
0 3 0.90 67
0 3 0.90 68
0 3 0.88 69
0 3 0.89 70
0 3 0.87 71
0 3 0.88 72
0 3 0.88 73
0 3 0.88 74
0 3 0.88 75
0 3 0.87 76
0 3 0.87 77
0 3 0.87 78
0 3 0.87 79
0 3 0.86 80
0 3 0.86 81
0 3 0.87 82
0 3 0.87 83
0 3 0.87 84
0 3 0.88 85
0 3 0.87 86
0 3 0.87 87
0 3 0.88 88
0 3 0.87 89
0 3 0.86 90
0 3 0.87 91
0 3 0.86 92
0 3 0.86 93
0 3 0.86 94
0 3 0.85 95
0 3 0.85 96
0 3 0.85 97
0 3 0.87 98
0 3 0.87 99
0 3 0.86 100
0 3 0.85 101
0 3 0.85 102
0 3 0.86 103
0 3 0.86 104
0 3 0.86 105
0 3 0.86 106
0 3 0.86 107
0 3 0.85 108
0 3 0.85 109
0 3 0.85 110
0 3 0.86 111
0 3 0.86 112
0 3 0.85 113
0 3 0.86 114
0 3 0.85 115
0 3 0.84 116
0 3 0.85 117
0 3 0.84 118
0 3 0.84 119
0 3 0.84 120
0 3 0.84 121
0 3 0.84 122
0 3 0.84 123
0 3 0.84 124
0 3 0.84 125
0 3 0.83 126
0 3 0.83 127
0 3 0.84 128
0 3 0.84 129
0 3 0.83 130
0 3 0.82 131
0 3 0.83 132
0 3 0.83 133
0 3 0.82 134
0 3 0.81 135
0 3 0.82 136
0 3 0.82 137
0 3 0.82 138
0 3 0.82 139
0 3 0.81 140
0 3 0.82 141
0 3 0.82 142
0 3 0.82 143
0 3 0.82 144
0 3 0.81 145
0 3 0.82 146
0 3 0.82 147
0 3 0.82 148
0 3 0.81 149
0 3 0.81 150
0 3 0.81 151
0 3 0.82 152
0 3 0.81 153
0 3 0.82 154
0 3 0.81 155
0 3 0.81 156
0 3 0.82 157
0 3 0.82 158
0 3 0.81 159
0 3 0.81 160
0 4 0.83 161
0 4 0.83 162
0 4 0.83 163
0 4 0.83 164
0 4 0.83 165
0 4 0.83 166
0 4 0.83 167
0 4 0.83 168
0 4 0.83 169
0 23 0.96 170
0 23 0.96 171
0 23 0.96 172
0 23 0.96 173
0 23 0.95 174
0 23 0.95 175
0 23 0.95 176
0 23 0.95 177
0 23 0.95 178
0 23 0.94 179
0 23 0.94 180
0 23 0.94 181
0 23 0.95 182
0 23 0.95 183
0 23 0.95 184
0 23 0.95 185
0 23 0.94 186
0 23 0.94 187
0 23 0.94 188
0 23 0.93 189
0 23 0.93 190
0 23 0.92 191
0 23 0.92 192
0 23 0.92 193
0 23 0.93 194
0 23 0.93 195
0 23 0.93 196
0 23 0.93 197
0 23 0.92 198
0 23 0.92 199
0 23 0.93 200
0 23 0.93 201
0 23 0.93 202
0 23 0.93 203
0 23 0.93 204
0 23 0.92 205
0 23 0.92 206
0 23 0.92 207
0 23 0.92 208
0 23 0.91 209
0 23 0.92 210
0 23 0.92 211
0 23 0.92 212
0 23 0.92 213
0 23 0.92 214
0 23 0.91 215
0 23 0.91 216
0 23 0.90 217
0 23 0.90 218
0 23 0.90 219
0 23 0.90 220
0 23 0.90 221
0 23 0.90 222
0 23 0.90 223
0 23 0.90 224
0 23 0.89 225
0 23 0.89 226
0 23 0.89 227
0 23 0.89 228
0 23 0.90 229
0 23 0.89 230
0 23 0.89 231
0 23 0.89 232
0 23 0.89 233
0 23 0.89 234
0 23 0.89 235
0 23 0.89 236
0 23 0.89 237
0 23 0.89 238
0 23 0.88 239
0 23 0.88 240
0 23 0.88 241
0 23 0.88 242
0 23 0.88 243
0 23 0.87 244
0 23 0.87 245
0 23 0.87 246
0 23 0.87 247
0 23 0.87 248
0 23 0.87 249
0 23 0.87 250
0 23 0.87 251
0 23 0.87 252
0 23 0.87 253
0 23 0.87 254
0 23 0.87 255
0 23 0.87 256
0 23 0.86 257
0 23 0.87 258
0 23 0.87 259
0 23 0.87 260
0 23 0.87 261
0 23 0.87 262
0 23 0.87 263
0 23 0.87 264
0 23 0.87 265
0 23 0.87 266
0 23 0.87 267
0 23 0.87 268
0 23 0.87 269
0 23 0.87 270
0 23 0.87 271
0 23 0.88 272
0 23 0.88 273
0 23 0.87 274
0 23 0.87 275
0 23 0.87 276
0 23 0.87 277
0 23 0.86 278
0 23 0.86 279
0 23 0.86 280
0 23 0.86 281
0 23 0.86 282
0 23 0.86 283
0 23 0.86 284
0 23 0.87 285
0 23 0.87 286
0 23 0.87 287
0 23 0.87 288
0 23 0.87 289
0 23 0.87 290
0 23 0.87 291
0 23 0.87 292
0 23 0.87 293
0 23 0.87 294
0 23 0.86 295
0 23 0.86 296
0 23 0.87 297
0 23 0.87 298
0 23 0.86 299
0 23 0.86 300
0 23 0.86 301
0 23 0.86 302
0 23 0.86 303
0 23 0.86 304
0 23 0.86 305
0 23 0.86 306
0 23 0.86 307
0 23 0.85 308
0 23 0.85 309
0 23 0.85 310
0 23 0.85 311
0 23 0.85 312
0 23 0.85 313
0 23 0.85 314
0 23 0.84 315
0 23 0.84 316
0 23 0.85 317
0 23 0.85 318
0 23 0.85 319
0 23 0.85 320
0 23 0.85 321
0 23 0.85 322
0 23 0.85 323
0 23 0.85 324
0 23 0.85 325
0 23 0.84 326
0 23 0.84 327
0 23 0.84 328
0 23 0.84 329
0 23 0.84 330
0 23 0.84 331
0 23 0.85 332
0 23 0.85 333
0 23 0.84 334
0 23 0.84 335
0 23 0.85 336
0 23 0.84 337
0 23 0.84 338
0 23 0.84 339
0 23 0.84 340
0 23 0.84 341
0 23 0.85 342
0 23 0.85 343
0 23 0.85 344
0 23 0.85 345
0 23 0.85 346
0 23 0.85 347
0 23 0.85 348
0 23 0.85 349
0 23 0.85 350
0 23 0.85 351
0 23 0.85 352
0 23 0.85 353
0 23 0.85 354
0 23 0.85 355
0 23 0.85 356
0 23 0.85 357
0 23 0.85 358
0 23 0.85 359
0 23 0.85 360
0 23 0.85 361
0 23 0.85 362
0 23 0.85 363
0 23 0.85 364
0 23 0.85 365
0 23 0.85 366
0 23 0.85 367
0 23 0.85 368
0 23 0.85 369
0 23 0.85 370
0 23 0.84 371
0 23 0.85 372
0 23 0.85 373
0 23 0.85 374
0 23 0.85 375
0 23 0.85 376
0 23 0.85 377
0 23 0.85 378
0 23 0.85 379
0 23 0.85 380
0 23 0.85 381
0 23 0.85 382
0 23 0.85 383
0 23 0.85 384
0 23 0.85 385
0 23 0.84 386
0 23 0.84 387
0 23 0.85 388
0 23 0.84 389
0 23 0.84 390
0 23 0.84 391
0 23 0.84 392
0 23 0.84 393
0 23 0.84 394
0 23 0.84 395
0 23 0.84 396
0 23 0.84 397
0 23 0.84 398
0 23 0.84 399
0 23 0.84 400
0 23 0.84 401
0 23 0.84 402
0 23 0.84 403
0 23 0.84 404
0 23 0.84 405
0 23 0.84 406
0 23 0.84 407
0 23 0.84 408
0 23 0.84 409
0 23 0.84 410
0 23 0.84 411
0 23 0.84 412
0 23 0.85 413
0 23 0.84 414
0 23 0.84 415
0 23 0.85 416
0 23 0.84 417
0 23 0.84 418
0 23 0.84 419
0 23 0.84 420
0 23 0.84 421
0 23 0.84 422
0 23 0.84 423
0 23 0.84 424
0 23 0.84 425
0 23 0.84 426
0 23 0.84 427
0 23 0.84 428
0 23 0.84 429
0 23 0.84 430
0 23 0.84 431
0 23 0.84 432
0 23 0.84 433
0 23 0.84 434
0 23 0.84 435
0 23 0.83 436
0 23 0.84 437
0 23 0.84 438
0 23 0.84 439
0 23 0.84 440
0 23 0.84 441
0 23 0.84 442
0 23 0.84 443
0 23 0.84 444
0 23 0.84 445
0 23 0.84 446
0 23 0.84 447
0 23 0.84 448
0 23 0.84 449
0 23 0.84 450
0 23 0.84 451
0 23 0.85 452
0 23 0.84 453
0 23 0.84 454
0 23 0.84 455
0 23 0.84 456
0 23 0.84 457
0 23 0.84 458
0 23 0.84 459
0 23 0.84 460
0 23 0.84 461
0 23 0.84 462
0 23 0.84 463
0 23 0.84 464
0 23 0.84 465
0 23 0.84 466
0 23 0.84 467
0 23 0.84 468
0 23 0.84 469
0 23 0.84 470
0 23 0.84 471
0 23 0.83 472
0 23 0.84 473
0 23 0.83 474
0 23 0.83 475
0 23 0.83 476
0 23 0.83 477
0 23 0.83 478
0 23 0.83 479
0 23 0.83 480
0 23 0.83 481
0 23 0.83 482
0 23 0.83 483
0 23 0.83 484
0 23 0.83 485
0 23 0.83 486
0 23 0.83 487
0 23 0.83 488
0 23 0.83 489
0 23 0.83 490
0 23 0.83 491
0 23 0.83 492
0 23 0.83 493
0 23 0.83 494
0 23 0.83 495
0 23 0.83 496
0 23 0.84 497
0 23 0.84 498
0 23 0.84 499
0 23 0.84 500
0 23 0.84 501
0 23 0.84 502
0 23 0.84 503
0 23 0.84 504
0 23 0.84 505
0 23 0.84 506
0 23 0.83 507
0 23 0.83 508
0 23 0.83 509
0 23 0.84 510
0 23 0.84 511
0 23 0.84 512
0 23 0.84 513
0 23 0.84 514
0 23 0.84 515
0 23 0.84 516
0 23 0.84 517
0 23 0.84 518
0 23 0.84 519
0 23 0.84 520
0 23 0.84 521
0 23 0.84 522
0 23 0.84 523
0 23 0.84 524
0 23 0.84 525
0 23 0.84 526
0 23 0.84 527
0 23 0.84 528
0 23 0.84 529
0 23 0.84 530
0 23 0.84 531
0 23 0.84 532
0 23 0.84 533
0 23 0.84 534
0 23 0.84 535
0 23 0.84 536
0 23 0.84 537
0 23 0.84 538
0 23 0.84 539
0 23 0.84 540
0 23 0.84 541
0 23 0.84 542
0 23 0.84 543
0 23 0.84 544
0 23 0.83 545
0 23 0.83 546
0 23 0.83 547
0 23 0.83 548
0 23 0.83 549
0 23 0.83 550
0 23 0.83 551
0 23 0.83 552
0 23 0.83 553
0 23 0.83 554
0 23 0.83 555
0 23 0.83 556
0 23 0.83 557
0 23 0.84 558
0 23 0.84 559
0 23 0.84 560
0 23 0.84 561
0 23 0.83 562
0 23 0.83 563
0 23 0.84 564
0 23 0.83 565
0 23 0.83 566
0 23 0.83 567
0 23 0.83 568
0 23 0.83 569
0 23 0.83 570
0 23 0.83 571
0 23 0.83 572
0 23 0.83 573
0 23 0.83 574
0 23 0.83 575
0 23 0.83 576
0 23 0.83 577
0 23 0.83 578
0 23 0.83 579
0 23 0.83 580
0 23 0.83 581
0 23 0.83 582
0 23 0.83 583
0 23 0.83 584
0 23 0.83 585
0 23 0.83 586
0 23 0.83 587
0 23 0.83 588
0 23 0.83 589
0 23 0.83 590
0 23 0.83 591
0 23 0.83 592
0 23 0.83 593
0 23 0.83 594
0 23 0.83 595
0 23 0.83 596
0 23 0.83 597
0 23 0.83 598
0 23 0.83 599
0 23 0.83 600
0 23 0.83 601
0 23 0.83 602
0 23 0.83 603
0 23 0.83 604
0 23 0.83 605
0 23 0.83 606
0 23 0.83 607
0 23 0.83 608
0 23 0.83 609
0 23 0.83 610
0 23 0.83 611
0 23 0.83 612
0 23 0.83 613
0 23 0.83 614
0 23 0.83 615
0 23 0.83 616
0 23 0.83 617
0 23 0.83 618
0 23 0.83 619
0 23 0.83 620
0 23 0.83 621
0 23 0.83 622
0 23 0.83 623
0 23 0.82 624
0 23 0.82 625
0 23 0.82 626
0 23 0.82 627
0 23 0.82 628
0 23 0.82 629
0 23 0.82 630
0 23 0.82 631
0 23 0.82 632
0 23 0.82 633
0 23 0.82 634
0 23 0.82 635
0 23 0.82 636
0 23 0.82 637
0 23 0.82 638
0 23 0.82 639
0 23 0.82 640
0 23 0.82 641
0 23 0.82 642
0 23 0.82 643
0 23 0.82 644
0 23 0.82 645
0 23 0.82 646
0 23 0.82 647
0 23 0.82 648
0 23 0.82 649
0 23 0.82 650
0 23 0.81 651
0 23 0.82 652
0 23 0.81 653
0 23 0.81 654
0 23 0.82 655
0 23 0.82 656
0 23 0.82 657
0 23 0.82 658
0 23 0.82 659
0 23 0.82 660
0 23 0.82 661
0 23 0.82 662
0 23 0.82 663
0 23 0.82 664
0 23 0.82 665
0 23 0.82 666
0 23 0.82 667
0 23 0.82 668
0 23 0.82 669
0 23 0.82 670
0 23 0.82 671
0 23 0.82 672
0 23 0.82 673
0 23 0.82 674
0 23 0.82 675
0 23 0.82 676
0 23 0.82 677
0 23 0.82 678
0 23 0.82 679
0 23 0.82 680
0 23 0.82 681
0 23 0.82 682
0 23 0.82 683
0 23 0.82 684
0 23 0.82 685
0 23 0.82 686
0 23 0.82 687
0 23 0.82 688
0 23 0.82 689
0 23 0.82 690
0 23 0.82 691
0 23 0.82 692
0 23 0.82 693
0 23 0.82 694
0 23 0.82 695
0 23 0.82 696
0 23 0.82 697
0 23 0.82 698
0 23 0.82 699
0 23 0.82 700
0 23 0.82 701
0 23 0.82 702
0 23 0.82 703
0 23 0.82 704
0 23 0.82 705
0 23 0.82 706
0 23 0.82 707
0 23 0.82 708
0 23 0.82 709
0 23 0.82 710
0 23 0.82 711
0 23 0.82 712
0 23 0.82 713
0 23 0.82 714
0 23 0.82 715
0 23 0.82 716
0 23 0.82 717
0 23 0.82 718
0 23 0.82 719
0 23 0.82 720
0 23 0.82 721
0 23 0.82 722
0 23 0.82 723
0 23 0.82 724
0 23 0.82 725
0 23 0.82 726
0 23 0.82 727
0 23 0.82 728
0 23 0.82 729
0 23 0.82 730
0 23 0.82 731
0 23 0.82 732
0 23 0.82 733
0 23 0.82 734
0 23 0.82 735
0 23 0.82 736
0 23 0.82 737
0 23 0.82 738
0 23 0.82 739
0 23 0.82 740
0 23 0.82 741
0 23 0.82 742
0 23 0.82 743
0 23 0.82 744
0 23 0.82 745
0 23 0.82 746
0 23 0.82 747
0 23 0.82 748
0 23 0.82 749
0 23 0.82 750
0 23 0.82 751
0 23 0.82 752
0 23 0.82 753
0 23 0.82 754
0 23 0.82 755
0 23 0.82 756
0 23 0.82 757
0 23 0.82 758
0 23 0.82 759
0 23 0.82 760
0 23 0.82 761
0 23 0.82 762
0 23 0.82 763
0 23 0.82 764
0 23 0.82 765
0 23 0.82 766
0 23 0.82 767
0 23 0.82 768
0 23 0.82 769
0 23 0.82 770
0 23 0.82 771
0 23 0.82 772
0 23 0.82 773
0 23 0.82 774
0 23 0.82 775
0 23 0.82 776
0 23 0.82 777
0 23 0.82 778
0 23 0.82 779
0 23 0.82 780
0 23 0.82 781
0 23 0.82 782
0 23 0.82 783
0 23 0.82 784
0 23 0.82 785
0 23 0.82 786
0 23 0.82 787
0 23 0.82 788
0 23 0.82 789
0 23 0.82 790
0 23 0.81 791
0 23 0.81 792
0 23 0.81 793
0 23 0.81 794
0 23 0.81 795
0 23 0.81 796
0 23 0.81 797
0 23 0.81 798
0 23 0.81 799
0 23 0.81 800
0 23 0.81 801
0 23 0.81 802
0 23 0.81 803
0 23 0.81 804
0 23 0.81 805
0 23 0.81 806
0 23 0.81 807
0 23 0.81 808
0 23 0.81 809
0 23 0.81 810
0 23 0.81 811
0 23 0.81 812
0 23 0.81 813
0 23 0.81 814
0 23 0.81 815
0 23 0.81 816
0 23 0.81 817
0 23 0.81 818
0 23 0.81 819
0 23 0.81 820
0 23 0.81 821
0 23 0.81 822
0 23 0.81 823
0 23 0.81 824
0 23 0.81 825
0 23 0.81 826
0 23 0.81 827
0 23 0.81 828
0 23 0.81 829
0 23 0.81 830
0 23 0.81 831
0 23 0.81 832
0 23 0.81 833
0 23 0.81 834
0 23 0.81 835
0 23 0.81 836
0 23 0.81 837
0 23 0.81 838
0 23 0.81 839
0 23 0.81 840
0 23 0.81 841
0 23 0.81 842
0 23 0.81 843
0 23 0.81 844
0 23 0.81 845
0 23 0.81 846
0 23 0.81 847
0 23 0.81 848
0 23 0.81 849
0 23 0.81 850
0 23 0.81 851
0 23 0.81 852
0 23 0.81 853
0 23 0.81 854
0 23 0.81 855
0 23 0.81 856
0 23 0.81 857
0 23 0.81 858
0 23 0.81 859
0 23 0.81 860
0 23 0.81 861
0 23 0.81 862
0 23 0.81 863
0 23 0.81 864
0 23 0.81 865
0 23 0.81 866
0 23 0.81 867
0 23 0.81 868
0 23 0.81 869
0 23 0.81 870
0 23 0.81 871
0 23 0.81 872
0 23 0.81 873
0 23 0.81 874
0 23 0.81 875
0 23 0.81 876
0 23 0.81 877
0 23 0.81 878
0 23 0.81 879
0 23 0.81 880
0 23 0.81 881
0 23 0.81 882
0 23 0.81 883
0 23 0.81 884
0 23 0.81 885
0 23 0.81 886
0 23 0.81 887
0 23 0.81 888
0 23 0.81 889
0 23 0.81 890
0 23 0.81 891
0 23 0.81 892
0 23 0.81 893
0 23 0.81 894
0 23 0.81 895
0 23 0.81 896
0 23 0.81 897
0 23 0.