4 4 4.00 1
2 4 3.00 2
2 4 2.67 3
2 4 2.75 4
2 4 2.80 5
2 4 2.67 6
2 4 2.86 7
2 4 2.75 8
2 4 2.78 9
2 4 2.80 10
2 4 2.73 11
2 4 2.75 12
2 4 2.85 13
2 4 2.79 14
2 4 2.80 15
2 4 2.75 16
2 4 2.76 17
2 4 2.72 18
2 4 2.79 19
2 4 2.75 20
2 4 2.71 21
2 4 2.68 22
2 4 2.65 23
2 4 2.71 24
2 4 2.72 25
2 4 2.69 26
2 4 2.67 27
2 4 2.64 28
2 4 2.62 29
2 4 2.60 30
2 4 2.58 31
2 4 2.59 32
2 4 2.58 33
2 4 2.62 34
2 4 2.60 35
2 4 2.61 36
2 4 2.59 37
2 4 2.58 38
2 4 2.56 39
2 4 2.58 40
2 4 2.56 41
1 4 2.52 42
1 4 2.51 43
1 4 2.50 44
1 4 2.51 45
1 4 2.52 46
1 4 2.53 47
1 4 2.52 48
1 4 2.53 49
1 4 2.52 50
1 4 2.51 51
1 4 2.50 52
1 4 2.51 53
1 4 2.48 54
1 4 2.49 55
1 4 2.48 56
1 4 2.47 57
1 4 2.47 58
1 4 2.46 59
1 4 2.45 60
1 4 2.46 61
1 4 2.45 62
1 4 2.44 63
1 4 2.44 64
1 4 2.43 65
1 4 2.44 66
1 4 2.45 67
1 4 2.47 68
1 5 2.51 69
1 5 2.51 70
1 5 2.51 71
1 5 2.51 72
1 5 2.51 73
1 5 2.51 74
1 5 2.49 75
1 5 2.47 76
0 5 2.44 77
0 5 2.42 78
0 5 2.42 79
0 5 2.40 80
0 5 2.40 81
0 5 2.39 82
0 5 2.39 83
0 5 2.39 84
0 5 2.39 85
0 5 2.38 86
0 5 2.38 87
0 5 2.38 88
0 5 2.37 89
0 5 2.37 90
0 5 2.37 91
0 5 2.38 92
0 5 2.41 93
0 5 2.40 94
0 5 2.40 95
0 5 2.39 96
0 5 2.38 97
0 5 2.38 98
0 5 2.37 99
0 5 2.37 100
0 5 2.38 101
0 5 2.38 102
0 5 2.39 103
0 5 2.38 104
0 5 2.38 105
0 5 2.38 106
0 5 2.38 107
0 5 2.38 108
0 5 2.38 109
0 5 2.36 110
0 5 2.36 111
0 5 2.36 112
0 5 2.36 113
0 5 2.36 114
0 5 2.37 115
0 5 2.36 116
0 5 2.37 117
0 5 2.37 118
0 5 2.37 119
0 5 2.38 120
0 5 2.37 121
0 5 2.38 122
0 5 2.38 123
0 5 2.38 124
0 5 2.38 125
0 5 2.38 126
0 5 2.39 127
0 5 2.39 128
0 5 2.39 129
0 5 2.38 130
0 5 2.39 131
0 5 2.40 132
0 5 2.40 133
0 5 2.41 134
0 5 2.41 135
0 5 2.41 136
0 5 2.42 137
0 5 2.41 138
0 5 2.42 139
0 5 2.42 140
0 5 2.43 141
0 5 2.42 142
0 5 2.42 143
0 5 2.42 144
0 5 2.42 145
0 5 2.42 146
0 5 2.42 147
0 5 2.42 148
0 5 2.42 149
0 5 2.42 150
0 5 2.42 151
0 5 2.42 152
0 5 2.43 153
0 5 2.43 154
0 5 2.43 155
0 5 2.43 156
0 5 2.43 157
0 5 2.42 158
0 5 2.43 159
0 5 2.42 160
0 5 2.43 161
0 5 2.43 162
0 5 2.42 163
0 5 2.42 164
0 5 2.42 165
0 5 2.42 166
0 5 2.43 167
0 5 2.43 168
0 5 2.43 169
0 5 2.44 170
0 5 2.44 171
0 5 2.44 172
0 5 2.45 173
0 5 2.44 174
0 5 2.44 175
0 5 2.44 176
0 5 2.44 177
0 5 2.44 178
0 5 2.44 179
0 5 2.44 180
0 5 2.44 181
0 5 2.44 182
0 5 2.44 183
0 5 2.44 184
0 5 2.44 185
0 5 2.45 186
0 5 2.45 187
0 5 2.45 188
0 5 2.46 189
0 5 2.46 190
0 5 2.46 191
0 5 2.46 192
0 5 2.46 193
0 5 2.45 194
0 5 2.45 195
0 5 2.43 196
0 5 2.42 197
0 5 2.42 198
0 5 2.42 199
0 5 2.42 200
0 5 2.42 201
0 5 2.42 202
0 5 2.41 203
0 5 2.43 204
0 5 2.42 205
0 5 2.43 206
0 5 2.43 207
0 5 2.43 208
0 5 2.43 209
0 5 2.43 210
0 5 2.43 211
0 5 2.43 212
0 5 2.43 213
0 5 2.43 214
0 5 2.43 215
0 5 2.42 216
0 5 2.42 217
0 5 2.42 218
0 5 2.42 219
0 5 2.42 220
0 5 2.42 221
0 5 2.42 222
0 5 2.42 223
0 5 2.42 224
0 5 2.41 225
0 5 2.41 226
0 5 2.41 227
0 5 2.41 228
0 5 2.41 229
0 5 2.40 230
0 5 2.41 231
0 5 2.41 232
0 5 2.41 233
0 5 2.41 234
0 5 2.41 235
0 5 2.41 236
0 5 2.41 237
0 5 2.41 238
0 5 2.41 239
0 5 2.40 240
0 5 2.40 241
0 5 2.40 242
0 5 2.40 243
0 5 2.40 244
0 5 2.40 245
0 5 2.40 246
0 5 2.40 247
0 5 2.41 248
0 5 2.40 249
0 5 2.40 250
0 5 2.41 251
0 5 2.40 252
0 5 2.40 253
0 5 2.40 254
0 5 2.40 255
0 5 2.40 256
0 5 2.40 257
0 5 2.40 258
0 5 2.39 259
0 5 2.40 260
0 5 2.39 261
0 5 2.39 262
0 5 2.40 263
0 5 2.39 264
0 5 2.40 265
0 5 2.39 266
0 5 2.40 267
0 5 2.40 268
0 5 2.40 269
0 5 2.40 270
0 5 2.40 271
0 5 2.40 272
0 5 2.40 273
0 5 2.40 274
0 5 2.40 275
0 5 2.40 276
0 5 2.40 277
0 5 2.40 278
0 5 2.41 279
0 5 2.41 280
0 5 2.41 281
0 5 2.40 282
0 5 2.41 283
0 5 2.40 284
0 5 2.40 285
0 5 2.40 286
0 5 2.41 287
0 5 2.41 288
0 5 2.40 289
0 5 2.41 290
0 5 2.41 291
0 5 2.41 292
0 5 2.41 293
0 5 2.41 294
0 5 2.41 295
0 5 2.41 296
0 5 2.41 297
0 5 2.41 298
0 5 2.41 299
0 5 2.41 300
0 5 2.41 301
0 5 2.41 302
0 5 2.41 303
0 5 2.41 304
0 5 2.41 305
0 5 2.41 306
0 5 2.42 307
0 5 2.42 308
0 5 2.42 309
0 5 2.42 310
0 5 2.42 311
0 5 2.42 312
0 5 2.42 313
0 5 2.41 314
0 5 2.42 315
0 5 2.42 316
0 6 2.43 317
0 6 2.43 318
0 6 2.43 319
0 6 2.42 320
0 6 2.42 321
0 6 2.43 322
0 6 2.42 323
0 6 2.43 324
0 6 2.42 325
0 6 2.42 326
0 6 2.43 327
0 6 2.42 328
0 6 2.42 329
0 6 2.42 330
0 6 2.43 331
0 6 2.44 332
0 6 2.44 333
0 6 2.44 334
0 6 2.44 335
0 6 2.44 336
0 6 2.44 337
0 6 2.43 338
0 6 2.44 339
0 6 2.44 340
0 6 2.44 341
0 6 2.44 342
0 6 2.44 343
0 6 2.44 344
0 6 2.44 345
0 6 2.44 346
0 6 2.44 347
0 6 2.45 348
0 6 2.45 349
0 6 2.45 350
0 6 2.45 351
0 6 2.45 352
0 6 2.45 353
0 6 2.45 354
0 6 2.45 355
0 6 2.45 356
0 6 2.45 357
0 6 2.45 358
0 6 2.45 359
0 6 2.46 360
0 6 2.46 361
0 6 2.46 362
0 6 2.45 363
0 6 2.45 364
0 6 2.45 365
0 6 2.45 366
0 6 2.45 367
0 6 2.45 368
0 6 2.45 369
0 6 2.45 370
0 6 2.45 371
0 6 2.45 372
0 6 2.46 373
0 6 2.45 374
0 6 2.45 375
0 6 2.44 376
0 6 2.44 377
0 6 2.45 378
0 6 2.45 379
0 6 2.44 380
0 6 2.45 381
0 6 2.45 382
0 6 2.45 383
0 6 2.45 384
0 6 2.45 385
0 6 2.45 386
0 6 2.45 387
0 6 2.45 388
0 6 2.45 389
0 6 2.45 390
0 6 2.45 391
0 6 2.45 392
0 6 2.45 393
0 6 2.45 394
0 6 2.46 395
0 6 2.46 396
0 6 2.46 397
0 6 2.46 398
0 6 2.46 399
0 6 2.46 400
0 6 2.46 401
0 6 2.46 402
0 6 2.45 403
0 6 2.46 404
0 6 2.45 405
0 6 2.46 406
0 6 2.45 407
0 6 2.45 408
0 6 2.45 409
0 6 2.45 410
0 6 2.45 411
0 6 2.45 412
0 6 2.45 413
0 6 2.45 414
0 6 2.45 415
0 6 2.44 416
0 6 2.45 417
0 6 2.45 418
0 6 2.45 419
0 6 2.45 420
0 6 2.45 421
0 6 2.45 422
0 6 2.45 423
0 6 2.45 424
0 6 2.45 425
0 6 2.45 426
0 6 2.45 427
0 6 2.45 428
0 6 2.45 429
0 6 2.45 430
0 6 2.45 431
0 6 2.45 432
0 6 2.45 433
0 6 2.45 434
0 6 2.45 435
0 6 2.44 436
0 6 2.45 437
0 6 2.45 438
0 6 2.45 439
0 6 2.45 440
0 6 2.45 441
0 6 2.44 442
0 6 2.44 443
0 6 2.43 444
0 6 2.43 445
0 6 2.43 446
0 6 2.43 447
0 6 2.42 448
0 6 2.42 449
0 6 2.42 450
0 6 2.42 451
0 6 2.42 452
0 6 2.42 453
0 6 2.42 454
0 6 2.42 455
0 6 2.42 456
0 6 2.42 457
0 6 2.42 458
0 6 2.42 459
0 6 2.42 460
0 6 2.42 461
0 6 2.42 462
0 6 2.42 463
0 6 2.42 464
0 6 2.42 465
0 6 2.42 466
0 6 2.42 467
0 17 2.46 468
0 17 2.46 469
0 17 2.46 470
0 17 2.46 471
0 17 2.46 472
0 17 2.46 473
0 17 2.46 474
0 17 2.45 475
0 17 2.45 476
0 17 2.45 477
0 17 2.46 478
0 17 2.46 479
0 17 2.46 480
0 17 2.46 481
0 17 2.46 482
0 17 2.46 483
0 17 2.46 484
0 17 2.46 485
0 17 2.46 486
0 17 2.46 487
0 17 2.46 488
0 17 2.46 489
0 17 2.46 490
0 17 2.46 491
0 17 2.46 492
0 17 2.46 493
0 17 2.46 494
0 17 2.46 495
0 17 2.46 496
0 17 2.46 497
0 17 2.46 498
0 17 2.46 499
0 17 2.46 500
0 17 2.46 501
0 17 2.45 502
0 17 2.45 503
0 17 2.45 504
0 17 2.45 505
0 17 2.45 506
0 17 2.46 507
0 17 2.45 508
0 17 2.45 509
0 17 2.46 510
0 17 2.46 511
0 17 2.46 512
0 17 2.46 513
0 17 2.46 514
0 17 2.46 515
0 17 2.46 516
0 17 2.46 517
0 17 2.46 518
0 17 2.45 519
0 17 2.45 520
0 17 2.45 521
0 17 2.45 522
0 17 2.46 523
0 17 2.45 524
0 17 2.45 525
0 17 2.45 526
0 17 2.45 527
0 17 2.45 528
0 17 2.45 529
0 17 2.45 530
0 17 2.45 531
0 17 2.45 532
0 17 2.45 533
0 17 2.45 534
0 17 2.45 535
0 17 2.45 536
0 17 2.45 537
0 17 2.45 538
0 17 2.45 539
0 17 2.45 540
0 17 2.45 541
0 17 2.45 542
0 17 2.45 543
0 17 2.45 544
0 17 2.45 545
0 17 2.45 546
0 17 2.45 547
0 17 2.45 548
0 17 2.45 549
0 17 2.45 550
0 17 2.45 551
0 17 2.45 552
0 17 2.45 553
0 17 2.45 554
0 17 2.45 555
0 17 2.45 556
0 17 2.45 557
0 17 2.45 558
0 17 2.45 559
0 17 2.45 560
0 17 2.45 561
0 17 2.45 562
0 17 2.45 563
0 17 2.45 564
0 17 2.45 565
0 17 2.45 566
0 17 2.45 567
0 17 2.45 568
0 17 2.44 569
0 17 2.44 570
0 17 2.44 571
0 17 2.44 572
0 17 2.44 573
0 17 2.44 574
0 17 2.44 575
0 17 2.44 576
0 17 2.44 577
0 17 2.44 578
0 17 2.44 579
0 17 2.44 580
0 17 2.44 581
0 17 2.45 582
0 17 2.45 583
0 17 2.45 584
0 17 2.45 585
0 17 2.45 586
0 17 2.45 587
0 17 2.45 588
0 17 2.45 589
0 17 2.45 590
0 17 2.45 591
0 17 2.45 592
0 17 2.45 593
0 17 2.45 594
0 17 2.45 595
0 17 2.45 596
0 17 2.45 597
0 17 2.44 598
0 17 2.44 599
0 17 2.44 600
0 17 2.44 601
0 17 2.44 602
0 17 2.44 603
0 17 2.44 604
0 17 2.44 605
0 17 2.44 606
0 17 2.44 607
0 17 2.44 608
0 17 2.44 609
0 17 2.44 610
0 17 2.44 611
0 17 2.44 612
0 17 2.44 613
0 17 2.44 614
0 17 2.44 615
0 17 2.44 616
0 17 2.44 617
0 17 2.44 618
0 17 2.44 619
0 17 2.44 620
0 17 2.44 621
0 17 2.44 622
0 17 2.44 623
0 17 2.44 624
0 17 2.44 625
0 17 2.44 626
0 1