4 4 4.00 1
1 4 2.50 2
1 4 2.00 3
1 4 2.00 4
1 4 1.80 5
1 4 1.67 6
1 4 1.71 7
1 4 1.62 8
1 4 1.67 9
1 4 1.60 10
1 4 1.55 11
1 4 1.50 12
1 20 2.92 13
1 20 2.79 14
1 20 2.73 15
1 20 2.75 16
1 20 2.65 17
1 20 2.56 18
0 20 2.42 19
0 20 2.35 20
0 20 2.29 21
0 20 2.27 22
0 20 2.22 23
0 20 2.17 24
0 20 2.12 25
0 20 2.04 26
0 20 2.00 27
0 20 1.96 28
0 20 1.97 29
0 20 1.93 30
0 20 1.94 31
0 20 1.91 32
0 20 1.88 33
0 20 1.85 34
0 20 1.83 35
0 20 1.81 36
0 20 1.81 37
0 20 1.82 38
0 20 1.77 39
0 20 1.75 40
0 20 1.73 41
0 20 1.71 42
0 20 1.74 43
0 20 1.70 44
0 20 1.69 45
0 20 1.67 46
0 20 1.66 47
0 20 1.65 48
0 20 1.63 49
0 20 1.64 50
0 20 1.61 51
0 20 1.60 52
0 20 1.60 53
0 20 1.59 54
0 20 1.58 55
0 20 1.55 56
0 20 1.56 57
0 20 1.55 58
0 20 1.54 59
0 20 1.53 60
0 20 1.51 61
0 20 1.52 62
0 20 1.51 63
0 20 1.50 64
0 20 1.49 65
0 20 1.48 66
0 20 1.49 67
0 20 1.49 68
0 20 1.48 69
0 20 1.49 70
0 20 1.48 71
0 20 1.47 72
0 20 1.47 73
0 20 1.46 74
0 20 1.47 75
0 20 1.49 76
0 20 1.48 77
0 20 1.49 78
0 20 1.48 79
0 20 1.48 80
0 20 1.46 81
0 20 1.46 82
0 20 1.46 83
0 20 1.45 84
0 20 1.47 85
0 20 1.47 86
0 20 1.46 87
0 20 1.47 88
0 20 1.46 89
0 20 1.44 90
0 20 1.44 91
0 20 1.45 92
0 20 1.43 93
0 20 1.43 94
0 20 1.43 95
0 20 1.42 96
0 20 1.42 97
0 20 1.42 98
0 20 1.43 99
0 20 1.42 100
0 20 1.42 101
0 20 1.41 102
0 20 1.41 103
0 20 1.41 104
0 20 1.41 105
0 20 1.40 106
0 20 1.40 107
0 20 1.41 108
0 20 1.41 109
0 20 1.41 110
0 20 1.41 111
0 20 1.41 112
0 20 1.41 113
0 20 1.41 114
0 20 1.40 115
0 20 1.41 116
0 20 1.39 117
0 20 1.40 118
0 20 1.39 119
0 20 1.39 120
0 20 1.39 121
0 20 1.38 122
0 20 1.37 123
0 20 1.37 124
0 20 1.36 125
0 20 1.37 126
0 20 1.36 127
0 20 1.37 128
0 20 1.36 129
0 20 1.35 130
0 20 1.35 131
0 20 1.36 132
0 20 1.35 133
0 20 1.36 134
0 20 1.36 135
0 20 1.36 136
0 20 1.35 137
0 20 1.36 138
0 20 1.35 139
0 20 1.34 140
0 20 1.35 141
0 20 1.35 142
0 20 1.34 143
0 20 1.34 144
0 20 1.33 145
0 20 1.33 146
0 20 1.33 147
0 20 1.32 148
0 20 1.32 149
0 20 1.32 150
0 20 1.31 151
0 20 1.31 152
0 20 1.31 153
0 20 1.31 154
0 20 1.30 155
0 20 1.30 156
0 20 1.30 157
0 20 1.30 158
0 20 1.30 159
0 20 1.29 160
0 20 1.29 161
0 20 1.30 162
0 20 1.29 163
0 20 1.30 164
0 20 1.29 165
0 20 1.29 166
0 20 1.29 167
0 20 1.29 168
0 20 1.28 169
0 20 1.28 170
0 20 1.28 171
0 20 1.28 172
0 20 1.28 173
0 20 1.27 174
0 20 1.27 175
0 20 1.26 176
0 20 1.27 177
0 20 1.26 178
0 20 1.26 179
0 20 1.26 180
0 20 1.27 181
0 20 1.26 182
0 20 1.27 183
0 20 1.28 184
0 20 1.28 185
0 20 1.28 186
0 20 1.28 187
0 20 1.28 188
0 20 1.28 189
0 20 1.27 190
0 20 1.27 191
0 20 1.27 192
0 20 1.26 193
0 20 1.26 194
0 20 1.26 195
0 20 1.26 196
0 20 1.26 197
0 20 1.26 198
0 20 1.27 199
0 20 1.26 200
0 20 1.26 201
0 20 1.26 202
0 20 1.26 203
0 20 1.26 204
0 20 1.26 205
0 20 1.26 206
0 20 1.26 207
0 20 1.25 208
0 20 1.25 209
0 20 1.26 210
0 20 1.26 211
0 20 1.25 212
0 20 1.25 213
0 20 1.25 214
0 20 1.25 215
0 20 1.25 216
0 20 1.26 217
0 20 1.25 218
0 20 1.25 219
0 20 1.25 220
0 20 1.25 221
0 20 1.25 222
0 20 1.25 223
0 20 1.25 224
0 20 1.25 225
0 20 1.25 226
0 20 1.25 227
0 20 1.25 228
0 20 1.25 229
0 20 1.25 230
0 20 1.25 231
0 20 1.25 232
0 20 1.25 233
0 20 1.25 234
0 20 1.25 235
0 20 1.26 236
0 20 1.27 237
0 20 1.27 238
0 20 1.27 239
0 20 1.27 240
0 20 1.27 241
0 20 1.27 242
0 20 1.28 243
0 20 1.27 244
0 20 1.27 245
0 20 1.27 246
0 20 1.27 247
0 20 1.27 248
0 20 1.28 249
0 20 1.28 250
0 20 1.28 251
0 20 1.28 252
0 20 1.28 253
0 20 1.28 254
0 20 1.29 255
0 20 1.29 256
0 20 1.28 257
0 20 1.29 258
0 20 1.29 259
0 20 1.28 260
0 20 1.28 261
0 20 1.28 262
0 20 1.28 263
0 20 1.28 264
0 20 1.28 265
0 20 1.28 266
0 20 1.27 267
0 20 1.27 268
0 20 1.27 269
0 20 1.26 270
0 20 1.26 271
0 20 1.26 272
0 20 1.26 273
0 20 1.26 274
0 20 1.26 275
0 20 1.26 276
0 20 1.26 277
0 20 1.25 278
0 20 1.25 279
0 20 1.25 280
0 20 1.26 281
0 20 1.26 282
0 20 1.25 283
0 20 1.25 284
0 20 1.25 285
0 20 1.25 286
0 20 1.25 287
0 20 1.25 288
0 20 1.25 289
0 20 1.25 290
0 20 1.25 291
0 20 1.25 292
0 20 1.25 293
0 20 1.25 294
0 20 1.25 295
0 20 1.25 296
0 20 1.25 297
0 20 1.25 298
0 20 1.25 299
0 20 1.25 300
0 20 1.25 301
0 20 1.25 302
0 20 1.25 303
0 20 1.25 304
0 20 1.25 305
0 20 1.25 306
0 20 1.25 307
0 20 1.25 308
0 20 1.25 309
0 20 1.25 310
0 20 1.25 311
0 20 1.25 312
0 20 1.25 313
0 20 1.25 314
0 20 1.25 315
0 20 1.25 316
0 20 1.25 317
0 20 1.25 318
0 20 1.25 319
0 20 1.25 320
0 20 1.25 321
0 20 1.25 322
0 20 1.24 323
0 20 1.24 324
0 20 1.24 325
0 20 1.24 326
0 20 1.24 327
0 20 1.24 328
0 20 1.24 329
0 20 1.24 330
0 20 1.24 331
0 20 1.24 332
0 20 1.24 333
0 20 1.24 334
0 20 1.24 335
0 20 1.24 336
0 20 1.24 337
0 20 1.24 338
0 20 1.24 339
0 20 1.24 340
0 20 1.23 341
0 20 1.23 342
0 20 1.23 343
0 20 1.23 344
0 20 1.23 345
0 20 1.23 346
0 20 1.23 347
0 20 1.23 348
0 20 1.23 349
0 20 1.23 350
0 20 1.23 351
0 20 1.23 352
0 20 1.23 353
0 20 1.23 354
0 20 1.23 355
0 20 1.23 356
0 20 1.23 357
0 20 1.23 358
0 20 1.23 359
0 20 1.23 360
0 20 1.24 361
0 20 1.24 362
0 20 1.23 363
0 20 1.23 364
0 20 1.24 365
0 20 1.23 366
0 20 1.23 367
0 20 1.23 368
0 20 1.23 369
0 20 1.23 370
0 20 1.23 371
0 20 1.23 372
0 20 1.23 373
0 20 1.24 374
0 20 1.23 375
0 20 1.23 376
0 20 1.24 377
0 20 1.24 378
0 20 1.24 379
0 20 1.24 380
0 20 1.24 381
0 20 1.24 382
0 20 1.24 383
0 20 1.24 384
0 20 1.24 385
0 20 1.24 386
0 20 1.24 387
0 20 1.24 388
0 20 1.24 389
0 20 1.24 390
0 20 1.24 391
0 20 1.24 392
0 20 1.24 393
0 20 1.24 394
0 20 1.24 395
0 20 1.23 396
0 20 1.24 397
0 20 1.24 398
0 20 1.24 399
0 20 1.24 400
0 20 1.23 401
0 20 1.23 402
0 20 1.24 403
0 20 1.24 404
0 20 1.23 405
0 20 1.24 406
0 20 1.23 407
0 20 1.24 408
0 20 1.23 409
0 20 1.23 410
0 20 1.23 411
0 20 1.24 412
0 20 1.24 413
0 20 1.24 414
0 20 1.24 415
0 20 1.24 416
0 20 1.24 417
0 20 1.24 418
0 20 1.24 419
0 20 1.24 420
0 20 1.24 421
0 20 1.24 422
0 20 1.24 423
0 20 1.24 424
0 20 1.24 425
0 20 1.24 426
0 20 1.24 427
0 20 1.24 428
0 20 1.24 429
0 20 1.24 430
0 20 1.24 431
0 20 1.24 432
0 20 1.24 433
0 20 1.24 434
0 20 1.24 435
0 20 1.25 436
0 20 1.24 437
0 20 1.25 438
0 20 1.25 439
0 20 1.25 440
0 20 1.25 441
0 20 1.25 442
0 20 1.25 443
0 20 1.25 444
0 20 1.25 445
0 20 1.25 446
0 20 1.25 447
0 20 1.25 448
0 20 1.24 449
0 20 1.25 450
0 20 1.25 451
0 20 1.25 452
0 20 1.25 453
0 20 1.25 454
0 20 1.25 455
0 20 1.25 456
0 20 1.25 457
0 20 1.24 458
0 20 1.24 459
0 20 1.25 460
0 20 1.25 461
0 20 1.24 462
0 20 1.24 463
0 20 1.24 464
0 20 1.24 465
0 20 1.24 466
0 20 1.24 467
0 20 1.24 468
0 20 1.24 469
0 20 1.24 470
0 20 1.24 471
0 20 1.24 472
0 20 1.24 473
0 20 1.24 474
0 20 1.25 475
0 20 1.25 476
0 20 1.25 477
0 20 1.24 478
0 20 1.25 479
0 20 1.25 480
0 20 1.25 481
0 20 1.25 482
0 20 1.25 483
0 20 1.25 484
0 20 1.25 485
0 20 1.25 486
0 20 1.25 487
0 20 1.25 488
0 20 1.25 489
0 20 1.25 490
0 20 1.25 491
0 20 1.25 492
0 20 1.25 493
0 20 1.25 494
0 20 1.24 495
0 20 1.25 496
0 20 1.25 497
0 20 1.25 498
0 20 1.25 499
0 20 1.25 500
0 20 1.25 501
0 20 1.25 502
0 20 1.25 503
0 20 1.25 504
0 20 1.25 505
0 20 1.25 506
0 20 1.25 507
0 20 1.25 508
0 20 1.25 509
0 20 1.25 510
0 20 1.25 511
0 20 1.25 512
0 20 1.25 513
0 20 1.25 514
0 20 1.25 515
0 20 1.25 516
0 20 1.25 517
0 20 1.25 518
0 20 1.25 519
0 20 1.25 520
0 20 1.25 521
0 20 1.25 522
0 20 1.25 523
0 20 1.25 524
0 20 1.25 525
0 20 1.25 526
0 20 1.24 527
0 20 1.24 528
0 20 1.24 529
0 20 1.24 530
0 20 1.24 531
0 20 1.24 532
0 20 1.24 533
0 20 1.24 534
0 20 1.24 535
0 20 1.24 536
0 20 1.24 537
0 20 1.24 538
0 20 1.24 539
0 20 1.24 540
0 20 1.24 541
0 20 1.24 542
0 20 1.24 543
0 20 1.24 544
0 20 1.24 545
0 20 1.24 546
0 20 1.24 547
0 20 1.24 548
0 20 1.24 549
0 20 1.24 550
0 20 1.24 551
0 20 1.24 552
0 20 1.24 553
0 20 1.24 554
0 20 1.24 555
0 20 1.24 556
0 20 1.24 557
0 20 1.24 558
0 20 1.24 559
0 20 1.24 560
0 20 1.24 561
0 20 1.24 562
0 20 1.24 563
0 20 1.24 564
0 20 1.24 565
0 20 1.24 566
0 20 1.24 567
0 20 1.24 568
0 20 1.24 569
0 20 1.24 570
0 20 1.23 571
0 20 1.23 572
0 20 1.23 573
0 20 1.23 574
0 20 1.23 575
0 20 1.23 576
0 20 1.23 577
0 20 1.23 578
0 20 1.23 579
0 20 1.23 580
0 20 1.23 581
0 20 1.23 582
0 20 1.23 583
0 20 1.23 584
0 20 1.23 585
0 20 1.23 586
0 20 1.23 587
0 20 1.23 588
0 20 1.23 589
0 20 1.23 590
0 20 1.23 591
0 20 1.23 592
0 20 1.22 593
0 20 1.22 594
0 20 1.22 595
0 20 1.22 596
0 20 1.22 597
0 20 1.22 598
0 20 1.22 599
0 20 1.22 600
0 20 1.22 601
0 20 1.22 602
0 20 1.22 603
0 20 1.22 604
0 20 1.22 605
0 20 1.22 606
0 20 1.22 607
0 20 1.22 608
0 20 1.22 609
0 20 1.22 610
0 20 1.22 611
0 20 1.22 612
0 20 1.22 613
0 20 1.22 614
0 20 1.22 615
0 20 1.22 616
0 20 1.22 617
0 20 1.22 618
0 20 1.22 619
0 20 1.22 620
0 20 1.22 621
0 20 1.22 622
0 20 1.22 623
0 20 1.22 624
0 20 1.22 625
0 20 1.22 626
0 20 1.22 627
0 20 1.22 628
0 20 1.22 629
0 20 1.22 630
0 20 1.22 631
0 20 1.22 632
0 20 1.21 633
0 20 1.22 634
0 20 1.22 635
0 20 1.22 636
0 20 1.22 637
0 20 1.22 638
0 20 1.22 639
0 20 1.22 640
0 20 1.22 641
0 20 1.22 642
0 20 1.22 643
0 20 1.22 644
0 20 1.21 645
0 20 1.21 646
0 20 1.21 647
0 20 1.21 648
0 20 1.21 649
0 20 1.21 650
0 20 1.21 651
0 20 1.21 652
0 20 1.21 653
0 20 1.21 654
0 20 1.21 655
0 20 1.21 656
0 20 1.21 657
0 20 1.21 658
0 20 1.21 659
0 20 1.21 660
0 20 1.21 661
0 20 1.21 662
0 20 1.21 663
0 20 1.21 664
0 20 1.21 665
0 20 1.21 666
0 20 1.21 667
0 20 1.21 668
0 20 1.21 669
0 20 1.21 670
0 20 1.21 671
0 20 1.21 672
0 20 1.21 673
0 20 1.21 674
0 20 1.21 675
0 20 1.21 676
0 20 1.21 677
0 20 1.21 678
0 20 1.21 679
0 20 1.21 680
0 20 1.21 681
0 20 1.21 682
0 20 1.21 683
0 20 1.21 684
0 20 1.20 685
0 20 1.20 686
0 20 1.20 687
0 20 1.20 688
0 20 1.20 689
0 20 1.20 690
0 20 1.20 691
0 20 1.21 692
0 20 1.20 693
0 20 1.20 694
0 20 1.20 695
0 20 1.20 696
0 20 1.20 697
0 20 1.20 698
0 20 1.20 699
0 20 1.20 700
0 20 1.21 701
0 20 1.21 702
0 20 1.20 703
0 20 1.20 704
0 20 1.20 705
0 20 1.20 706
0 20 1.20 707
0 20 1.20 708
0 20 1.20 709
0 20 1.20 710
0 20 1.20 711
0 20 1.20 712
0 20 1.20 713
0 20 1.20 714
0 20 1.20 715
0 20 1.21 716
0 20 1.21 717
0 20 1.20 718
0 20 1.20 719
0 20 1.21 720
0 20 1.20 721
0 20 1.20 722
0 20 1.20 723
0 20 1.20 724
0 20 1.20 725
0 20 1.20 726
0 20 1.20 727
0 20 1.20 728
0 20 1.20 729
0 20 1.20 730
0 20 1.20 731
0 20 1.20 732
0 20 1.20 733
0 20 1.20 734
0 20 1.20 735
0 20 1.20 736
0 20 1.20 737
0 20 1.20 738
0 20 1.19 739
0 20 1.19 740
0 20 1.19 741
0 20 1.19 742
0 20 1.19 743
0 20 1.19 744
0 20 1.19 745
0 20 1.19 746
0 20 1.19 747
0 20 1.19 748
0 20 1.19 749
0 20 1.19 750
0 20 1.19 751
0 20 1.19 752
0 20 1.19 753
0 20 1.19 754
0 20 1.19 755
0 20 1.19 756
0 20 1.19 757
0 20 1.19 758
0 20 1.19 759
0 20 1.19 760
0 20 1.19 761
0 20 1.19 762
0 20 1.19 763
0 20 1.19 764
0 20 1.19 765
0 20 1.19 766
0 20 1.19 767
0 20 1.19 768
0 20 1.19 769
0 20 1.19 770
0 20 1.19 771
0 20 1.19 772
0 20 1.19 773
0 20 1.19 774
0 20 1.19 775
0 20 1.19 776
0 20 1.19 777
0 20 1.19 778
0 20 1.19 779
0 20 1.19 780
0 20 1.19 781
0 20 1.19 782
0 20 1.19 783
0 20 1.19 784
0 20 1.19 785
0 20 1.19 786
0 20 1.19 787
0 20 1.19 788
0 20 1.19 789
0 20 1.21 790
0 20 1.21 791
0 20 1.21 792
0 20 1.21 793
0 20 1.21 794
0 20 1.21 795
0 20 1.21 796
0 20 1.21 797
0 20 1.21 798
0 20 1.21 799
0 20 1.21 800
0 20 1.21 801
0 20 1.21 802
0 20 1.21 803
0 20 1.21 804
0 20 1.21 805
0 20 1.21 806
0 20 1.21 807
0 20 1.21 808
0 20 1.21 809
0 20 1.21 810
0 20 1.21 811
0 20 1.21 812
0 20 1.21 813
0 20 1.21 814
0 20 1.21 815
0 20 1.21 816
0 20 1.21 817
0 20 1.21 818
0 20 1.21 819
0 20 1.21 820
0 20 1.21 821
0 20 1.21 822
0 20 1.21 823
0 20 1.21 824
0 20 1.21 825
0 20 1.21 826
0 20 1.21 827
0 20 1.21 828
0 20 1.21 829
0 20 1.21 830
0 20 1.21 831
0 20 1.21 832
0 20 1.21 833
0 20 1.21 834
0 20 1.21 835
0 20 1.21 836
0 20 1.21 837
0 20 1.21 838
0 20 1.21 839
0 20 1.21 840
0 20 1.21 841
0 20 1.21 842
0 20 1.21 843
0 20 1.21 844
0 20 1.21 845
0 20 1.22 846
0 20 1.21 847
0 20 1.22 848
0 20 1.22 849
0 20 1.22 850
0 20 1.22 851
0 20 1.22 852
0 20 1.22 853
0 20 1.22 854
0 20 1.22 855
0 20 1.22 856
0 20 1.22 857
0 20 1.22 858
0 20 1.22 859
0 20 1.22 860
0 20 1.22 861
0 20 1.22 862
0 20 1.22 863
0 20 1.22 864
0 20 1.22 865
0 20 1.22 866
0 20 1.22 867
0 20 1.22 868
0 20 1.22 869
0 20 1.22 870
0 20 1.22 871
0 20 1.22 872
0 20 1.22 873
0 20 1.22 874
0 20 1.22 875
0 20 1.22 876
0 20 1.22 877
0 20 1.22 878
0 20 1.22 879
0 20 1.22 880
0 20 1.22 881
0 20 1.22 882
0 20 1.22 883
0 20 1.22 884
0 20 1.22 885
0 20 1.22 886
0 20