3 3 3.00 1
2 3 2.50 2
2 3 2.33 3
2 3 2.25 4
2 3 2.20 5
1 3 2.00 6
1 3 2.00 7
1 3 2.00 8
1 3 2.00 9
1 3 2.00 10
1 3 1.91 11
1 3 1.92 12
1 3 1.92 13
1 3 1.93 14
1 3 1.87 15
1 3 1.88 16
1 3 1.88 17
1 3 1.89 18
1 3 1.89 19
1 3 1.90 20
1 3 1.86 21
1 3 1.82 22
1 3 1.83 23
1 3 1.79 24
1 3 1.80 25
1 3 1.77 26
1 3 1.74 27
1 3 1.75 28
1 3 1.76 29
1 3 1.77 30
1 3 1.74 31
1 3 1.75 32
1 3 1.76 33
1 3 1.79 34
1 3 1.77 35
1 3 1.78 36
1 3 1.78 37
1 3 1.76 38
1 3 1.74 39
1 3 1.75 40
1 3 1.76 41
1 3 1.76 42
1 3 1.77 43
1 3 1.77 44
1 4 1.82 45
1 4 1.80 46
1 4 1.79 47
1 4 1.79 48
1 4 1.80 49
1 4 1.80 50
1 4 1.80 51
1 4 1.81 52
1 4 1.81 53
1 4 1.81 54
1 4 1.82 55
1 4 1.80 56
1 4 1.81 57
1 4 1.79 58
1 4 1.80 59
1 4 1.80 60
1 4 1.80 61
1 4 1.81 62
1 4 1.81 63
1 4 1.81 64
1 4 1.82 65
1 4 1.82 66
1 4 1.82 67
1 4 1.81 68
1 4 1.83 69
1 4 1.83 70
1 4 1.83 71
1 4 1.83 72
1 4 1.84 73
1 4 1.84 74
1 4 1.85 75
1 4 1.84 76
1 4 1.83 77
1 4 1.82 78
1 4 1.82 79
1 4 1.82 80
1 4 1.81 81
1 4 1.83 82
1 4 1.82 83
1 4 1.85 84
1 4 1.84 85
1 4 1.84 86
1 4 1.83 87
1 4 1.83 88
1 4 1.83 89
1 4 1.83 90
1 4 1.84 91
1 4 1.85 92
0 4 1.83 93
0 4 1.83 94
0 4 1.82 95
0 4 1.81 96
0 4 1.80 97
0 4 1.80 98
0 4 1.80 99
0 4 1.79 100
0 4 1.80 101
0 4 1.80 102
0 4 1.80 103
0 4 1.80 104
0 4 1.82 105
0 4 1.82 106
0 4 1.82 107
0 4 1.81 108
0 4 1.81 109
0 4 1.81 110
0 4 1.80 111
0 4 1.80 112
0 4 1.81 113
0 4 1.81 114
0 4 1.80 115
0 4 1.80 116
0 4 1.80 117
0 4 1.81 118
0 4 1.81 119
0 4 1.81 120
0 4 1.81 121
0 4 1.81 122
0 4 1.81 123
0 4 1.81 124
0 4 1.82 125
0 4 1.82 126
0 4 1.83 127
0 4 1.83 128
0 4 1.83 129
0 4 1.83 130
0 4 1.83 131
0 4 1.83 132
0 4 1.83 133
0 4 1.83 134
0 4 1.83 135
0 4 1.82 136
0 4 1.82 137
0 4 1.83 138
0 4 1.83 139
0 4 1.83 140
0 4 1.82 141
0 4 1.82 142
0 4 1.83 143
0 4 1.83 144
0 4 1.82 145
0 4 1.82 146
0 4 1.82 147
0 4 1.82 148
0 4 1.82 149
0 4 1.81 150
0 4 1.81 151
0 4 1.81 152
0 4 1.81 153
0 4 1.81 154
0 4 1.81 155
0 4 1.81 156
0 4 1.82 157
0 4 1.81 158
0 4 1.81 159
0 4 1.81 160
0 4 1.81 161
0 4 1.81 162
0 4 1.80 163
0 4 1.80 164
0 4 1.79 165
0 4 1.80 166
0 4 1.80 167
0 4 1.80 168
0 4 1.79 169
0 4 1.79 170
0 4 1.80 171
0 4 1.80 172
0 4 1.80 173
0 4 1.80 174
0 4 1.80 175
0 4 1.80 176
0 4 1.80 177
0 4 1.80 178
0 4 1.80 179
0 4 1.81 180
0 4 1.81 181
0 4 1.81 182
0 4 1.81 183
0 4 1.82 184
0 4 1.82 185
0 4 1.82 186
0 4 1.82 187
0 4 1.82 188
0 4 1.82 189
0 4 1.82 190
0 4 1.82 191
0 4 1.82 192
0 4 1.82 193
0 4 1.82 194
0 4 1.82 195
0 4 1.82 196
0 4 1.82 197
0 4 1.82 198
0 4 1.83 199
0 4 1.82 200
0 4 1.83 201
0 4 1.83 202
0 4 1.83 203
0 4 1.82 204
0 4 1.82 205
0 4 1.82 206
0 4 1.83 207
0 4 1.83 208
0 4 1.83 209
0 4 1.83 210
0 4 1.83 211
0 4 1.83 212
0 4 1.83 213
0 4 1.83 214
0 4 1.83 215
0 4 1.82 216
0 4 1.82 217
0 4 1.83 218
0 4 1.82 219
0 4 1.82 220
0 4 1.82 221
0 4 1.82 222
0 4 1.83 223
0 4 1.82 224
0 4 1.82 225
0 4 1.82 226
0 5 1.84 227
0 5 1.83 228
0 5 1.83 229
0 5 1.83 230
0 5 1.83 231
0 5 1.83 232
0 5 1.83 233
0 5 1.83 234
0 24 1.92 235
0 24 1.92 236
0 24 1.92 237
0 24 1.92 238
0 24 1.92 239
0 24 1.92 240
0 24 1.92 241
0 24 1.91 242
0 24 1.92 243
0 24 1.91 244
0 24 1.91 245
0 24 1.91 246
0 24 1.91 247
0 24 1.91 248
0 24 1.91 249
0 24 1.91 250
0 24 1.91 251
0 24 1.90 252
0 24 1.90 253
0 24 1.91 254
0 24 1.91 255
0 24 1.91 256
0 24 1.91 257
0 24 1.91 258
0 24 1.90 259
0 24 1.90 260
0 24 1.90 261
0 24 1.90 262
0 24 1.90 263
0 24 1.90 264
0 24 1.90 265
0 24 1.90 266
0 24 1.90 267
0 24 1.90 268
0 24 1.90 269
0 24 1.90 270
0 24 1.90 271
0 24 1.90 272
0 24 1.90 273
0 24 1.90 274
0 24 1.90 275
0 24 1.90 276
0 24 1.90 277
0 24 1.90 278
0 24 1.90 279
0 24 1.90 280
0 24 1.90 281
0 24 1.91 282
0 24 1.91 283
0 24 1.91 284
0 24 1.91 285
0 24 1.91 286
0 24 1.91 287
0 24 1.91 288
0 24 1.91 289
0 24 1.91 290
0 24 1.91 291
0 24 1.91 292
0 24 1.90 293
0 24 1.90 294
0 24 1.90 295
0 24 1.90 296
0 24 1.90 297
0 24 1.90 298
0 24 1.90 299
0 24 1.90 300
0 24 1.90 301
0 24 1.90 302
0 24 1.90 303
0 24 1.90 304
0 24 1.90 305
0 24 1.91 306
0 24 1.91 307
0 24 1.91 308
0 24 1.91 309
0 24 1.91 310
0 24 1.90 311
0 24 1.91 312
0 24 1.91 313
0 24 1.91 314
0 24 1.91 315
0 24 1.91 316
0 24 1.91 317
0 24 1.91 318
0 24 1.91 319
0 24 1.91 320
0 24 1.91 321
0 24 1.91 322
0 24 1.91 323
0 24 1.90 324
0 24 1.90 325
0 24 1.90 326
0 24 1.91 327
0 24 1.91 328
0 24 1.91 329
0 24 1.91 330
0 24 1.91 331
0 24 1.91 332
0 24 1.91 333
0 24 1.91 334
0 24 1.91 335
0 24 1.91 336
0 24 1.91 337
0 24 1.91 338
0 24 1.91 339
0 24 1.91 340
0 24 1.91 341
0 24 1.92 342
0 24 1.92 343
0 24 1.91 344
0 24 1.91 345
0 24 1.91 346
0 24 1.92 347
0 24 1.92 348
0 24 1.93 349
0 24 1.93 350
0 24 1.93 351
0 24 1.93 352
0 24 1.93 353
0 24 1.93 354
0 24 1.93 355
0 24 1.93 356
0 24 1.93 357
0 24 1.93 358
0 24 1.93 359
0 24 1.93 360
0 24 1.93 361
0 24 1.93 362
0 24 1.93 363
0 24 1.93 364
0 24 1.93 365
0 24 1.93 366
0 24 1.93 367
0 24 1.93 368
0 24 1.93 369
0 24 1.93 370
0 24 1.93 371
0 24 1.93 372
0 24 1.93 373
0 24 1.93 374
0 24 1.93 375
0 24 1.93 376
0 24 1.93 377
0 24 1.93 378
0 24 1.93 379
0 24 1.93 380
0 24 1.93 381
0 24 1.93 382
0 24 1.93 383
0 24 1.93 384
0 24 1.93 385
0 24 1.94 386
0 24 1.94 387
0 24 1.94 388
0 24 1.93 389
0 24 1.93 390
0 24 1.94 391
0 24 1.94 392
0 24 1.94 393
0 24 1.93 394
0 24 1.93 395
0 24 1.93 396
0 24 1.93 397
0 24 1.93 398
0 24 1.93 399
0 24 1.93 400
0 24 1.93 401
0 24 1.94 402
0 24 1.94 403
0 24 1.94 404
0 24 1.94 405
0 24 1.93 406
0 24 1.93 407
0 24 1.93 408
0 24 1.93 409
0 24 1.93 410
0 24 1.93 411
0 24 1.93 412
0 24 1.93 413
0 24 1.93 414
0 24 1.93 415
0 24 1.93 416
0 24 1.93 417
0 24 1.93 418
0 24 1.93 419
0 24 1.93 420
0 24 1.93 421
0 24 1.92 422
0 24 1.92 423
0 24 1.92 424
0 24 1.92 425
0 24 1.92 426
0 24 1.93 427
0 24 1.93 428
0 24 1.93 429
0 24 1.93 430
0 24 1.93 431
0 24 1.92 432
0 24 1.92 433
0 24 1.92 434
0 24 1.92 435
0 24 1.92 436
0 24 1.92 437
0 24 1.92 438
0 24 1.92 439
0 24 1.92 440
0 24 1.92 441
0 24 1.92 442
0 24 1.92 443
0 24 1.92 444
0 24 1.92 445
0 24 1.92 446
0 24 1.92 447
0 24 1.92 448
0 24 1.92 449
0 24 1.92 450
0 24 1.92 451
0 24 1.92 452
0 24 1.92 453
0 24 1.92 454
0 24 1.92 455
0 24 1.92 456
0 24 1.92 457
0 24 1.92 458
0 24 1.92 459
0 24 1.92 460
0 24 1.92 461
0 24 1.91 462
0 24 1.91 463
0 24 1.92 464
0 24 1.91 465
0 24 1.91 466
0 24 1.91 467
0 24 1.91 468
0 24 1.91 469
0 24 1.91 470
0 24 1.91 471
0 24 1.91 472
0 24 1.91 473
0 24 1.91 474
0 24 1.91 475
0 24 1.91 476
0 24 1.91 477
0 24 1.91 478
0 24 1.91 479
0 24 1.91 480
0 24 1.91 481
0 24 1.91 482
0 24 1.91 483
0 24 1.91 484
0 24 1.91 485
0 24 1.91 486
0 24 1.91 487
0 24 1.91 488
0 24 1.91 489
0 24 1.91 490
0 24 1.91 491
0 24 1.91 492
0 24 1.91 493
0 24 1.91 494
0 24 1.91 495
0 24 1.91 496
0 24 1.91 497
0 24 1.91 498
0 24 1.91 499
0 24 1.91 500
0 24 1.91 501
0 24 1.90 502
0 24 1.90 503
0 24 1.90 504
0 24 1.90 505
0 24 1.90 506
0 24 1.90 507
0 24 1.90 508
0 24 1.90 509
0 24 1.90 510
0 24 1.90 511
0 24 1.90 512
0 24 1.90 513
0 24 1.90 514
0 24 1.90 515
0 24 1.90 516
0 24 1.90 517
0 24 1.90 518
0 24 1.90 519
0 24 1.90 520
0 24 1.90 521
0 24 1.90 522
0 24 1.90 523
0 24 1.90 524
0 24 1.90 525
0 24 1.90 526
0 24 1.90 527
0 24 1.90 528
0 24 1.90 529
0 24 1.90 530
0 24 1.90 531
0 24 1.90 532
0 24 1.89 533
0 24 1.89 534
0 24 1.89 535
0 24 1.89 536
0 24 1.89 537
0 24 1.89 538
0 24 1.89 539
0 24 1.89 540
0 24 1.89 541
0 24 1.89 542
0 24 1.89 543
0 24 1.89 544
0 24 1.89 545
0 24 1.89 546
0 24 1.89 547
0 24 1.89 548
0 24 1.89 549
0 24 1.89 550
0 24 1.89 551
0 24 1.89 552
0 24 1.89 553
0 24 1.89 554
0 24 1.89 555
0 24 1.88 556
0 24 1.89 557
0 24 1.88 558
0 24 1.88 559
0 24 1.88 560
0 24 1.88 561
0 24 1.88 562
0 24 1.88 563
0 24 1.88 564
0 24 1.88 565
0 24 1.89 566
0 24 1.89 567
0 24 1.89 568
0 24 1.89 569
0 24 1.89 570
0 24 1.89 571
0 24 1.89 572
0 24 1.89 573
0 24 1.89 574
0 24 1.89 575
0 24 1.89 576
0 24 1.89 577
0 24 1.89 578
0 24 1.89 579
0 24 1.89 580
0 24 1.89 581
0 24 1.89 582
0 24 1.89 583
0 24 1.89 584
0 24 1.89 585
0 24 1.89 586
0 24 1.89 587
0 24 1.89 588
0 24 1.89 589
0 24 1.89 590
0 24 1.88 591
0 24 1.88 592
0 24 1.88 593
0 24 1.88 594
0 24 1.88 595
0 24 1.88 596
0 24 1.88 597
0 24 1.88 598
0 24 1.88 599
0 24 1.88 600
0 24 1.88 601
0 24 1.88 602
0 24 1.88 603
0 24 1.88 604
0 24 1.88 605
0 24 1.88 606
0 24 1.88 607
0 24 1.88 608
0 24 1.88 609
0 24 1.8