0 0 0.00 1
0 0 0.00 2
0 1 0.33 3
0 1 0.25 4
0 1 0.20 5
0 1 0.17 6
0 1 0.14 7
0 1 0.25 8
0 1 0.22 9
0 1 0.20 10
0 1 0.18 11
0 1 0.17 12
0 1 0.15 13
0 1 0.21 14
0 1 0.20 15
0 1 0.19 16
0 1 0.18 17
0 1 0.22 18
0 1 0.21 19
0 1 0.20 20
0 1 0.19 21
0 1 0.18 22
0 1 0.17 23
0 1 0.17 24
0 1 0.16 25
0 1 0.15 26
0 1 0.15 27
0 1 0.14 28
0 1 0.14 29
0 1 0.13 30
0 1 0.16 31
0 1 0.16 32
0 1 0.15 33
0 1 0.15 34
0 1 0.17 35
0 1 0.17 36
0 1 0.16 37
0 1 0.18 38
0 1 0.18 39
0 1 0.17 40
0 1 0.17 41
0 1 0.19 42
0 1 0.21 43
0 1 0.20 44
0 1 0.20 45
0 1 0.20 46
0 1 0.19 47
0 1 0.19 48
0 1 0.18 49
0 1 0.18 50
0 1 0.18 51
0 1 0.17 52
0 1 0.17 53
0 1 0.17 54
0 1 0.16 55
0 1 0.16 56
0 1 0.18 57
0 1 0.17 58
0 1 0.17 59
0 1 0.17 60
0 1 0.16 61
0 1 0.16 62
0 1 0.16 63
0 1 0.16 64
0 1 0.17 65
0 1 0.17 66
0 1 0.16 67
0 1 0.16 68
0 1 0.16 69
0 1 0.16 70
0 1 0.15 71
0 1 0.15 72
0 1 0.16 73
0 1 0.16 74
0 1 0.16 75
0 1 0.16 76
0 1 0.16 77
0 1 0.15 78
0 1 0.15 79
0 1 0.16 80
0 1 0.16 81
0 1 0.16 82
0 1 0.16 83
0 1 0.17 84
0 1 0.16 85
0 1 0.16 86
0 1 0.17 87
0 1 0.17 88
0 1 0.17 89
0 1 0.18 90
0 1 0.18 91
0 1 0.18 92
0 1 0.18 93
0 1 0.18 94
0 1 0.19 95
0 1 0.19 96
0 1 0.19 97
0 1 0.18 98
0 1 0.19 99
0 1 0.19 100
0 1 0.19 101
0 1 0.19 102
0 1 0.19 103
0 1 0.19 104
0 1 0.19 105
0 1 0.19 106
0 1 0.20 107
0 1 0.19 108
0 1 0.19 109
0 1 0.19 110
0 1 0.19 111
0 1 0.19 112
0 1 0.19 113
0 1 0.19 114
0 1 0.19 115
0 1 0.19 116
0 1 0.20 117
0 1 0.19 118
0 1 0.19 119
0 1 0.19 120
0 1 0.19 121
0 1 0.19 122
0 1 0.19 123
0 1 0.19 124
0 1 0.18 125
0 1 0.18 126
0 1 0.18 127
0 1 0.18 128
0 1 0.19 129
0 1 0.18 130
0 1 0.18 131
0 1 0.18 132
0 1 0.18 133
0 1 0.19 134
0 1 0.19 135
0 1 0.18 136
0 1 0.19 137
0 1 0.19 138
0 1 0.19 139
0 1 0.19 140
0 1 0.19 141
0 1 0.19 142
0 1 0.19 143
0 1 0.19 144
0 1 0.19 145
0 1 0.18 146
0 1 0.18 147
0 1 0.18 148
0 1 0.18 149
0 1 0.18 150
0 1 0.19 151
0 1 0.18 152
0 1 0.18 153
0 1 0.19 154
0 1 0.19 155
0 1 0.19 156
0 1 0.18 157
0 1 0.18 158
0 1 0.18 159
0 1 0.18 160
0 1 0.19 161
0 1 0.19 162
0 1 0.18 163
0 1 0.18 164
0 1 0.19 165
0 1 0.19 166
0 1 0.19 167
0 1 0.19 168
0 1 0.19 169
0 1 0.19 170
0 1 0.19 171
0 1 0.19 172
0 1 0.19 173
0 1 0.19 174
0 1 0.19 175
0 1 0.19 176
0 1 0.19 177
0 1 0.19 178
0 1 0.20 179
0 1 0.19 180
0 1 0.19 181
0 1 0.19 182
0 1 0.20 183
0 1 0.20 184
0 1 0.19 185
0 1 0.19 186
0 1 0.19 187
0 1 0.19 188
0 1 0.20 189
0 1 0.19 190
0 1 0.19 191
0 1 0.20 192
0 1 0.20 193
0 1 0.20 194
0 1 0.19 195
0 1 0.19 196
0 1 0.19 197
0 1 0.19 198
0 1 0.19 199
0 1 0.20 200
0 1 0.19 201
0 1 0.19 202
0 1 0.19 203
0 1 0.19 204
0 1 0.20 205
0 1 0.19 206
0 1 0.19 207
0 1 0.19 208
0 1 0.20 209
0 1 0.20 210
0 1 0.19 211
0 1 0.19 212
0 1 0.19 213
0 1 0.19 214
0 1 0.19 215
0 1 0.19 216
0 1 0.19 217
0 1 0.19 218
0 1 0.19 219
0 1 0.19 220
0 1 0.19 221
0 1 0.18 222
0 1 0.18 223
0 1 0.18 224
0 1 0.18 225
0 1 0.18 226
0 1 0.18 227
0 1 0.18 228
0 1 0.18 229
0 1 0.18 230
0 1 0.19 231
0 1 0.19 232
0 1 0.18 233
0 1 0.18 234
0 1 0.19 235
0 1 0.19 236
0 1 0.19 237
0 1 0.18 238
0 1 0.19 239
0 1 0.19 240
0 1 0.19 241
0 1 0.19 242
0 1 0.19 243
0 1 0.19 244
0 1 0.19 245
0 1 0.19 246
0 1 0.19 247
0 1 0.19 248
0 1 0.18 249
0 1 0.18 250
0 1 0.18 251
0 1 0.18 252
0 1 0.18 253
0 1 0.18 254
0 1 0.18 255
0 1 0.18 256
0 1 0.18 257
0 1 0.18 258
0 1 0.18 259
0 1 0.18 260
0 1 0.18 261
0 1 0.18 262
0 1 0.18 263
0 1 0.18 264
0 1 0.18 265
0 1 0.18 266
0 1 0.18 267
0 1 0.18 268
0 1 0.18 269
0 1 0.18 270
0 1 0.18 271
0 1 0.18 272
0 1 0.18 273
0 1 0.18 274
0 1 0.17 275
0 1 0.18 276
0 1 0.18 277
0 1 0.18 278
0 1 0.18 279
0 1 0.17 280
0 1 0.17 281
0 1 0.17 282
0 1 0.17 283
0 1 0.17 284
0 1 0.18 285
0 1 0.17 286
0 1 0.17 287
0 1 0.17 288
0 1 0.17 289
0 1 0.17 290
0 1 0.17 291
0 1 0.17 292
0 1 0.17 293
0 1 0.17 294
0 1 0.17 295
0 1 0.17 296
0 1 0.17 297
0 1 0.17 298
0 1 0.17 299
0 1 0.17 300
0 1 0.17 301
0 1 0.17 302
0 1 0.17 303
0 1 0.17 304
0 1 0.17 305
0 1 0.17 306
0 1 0.17 307
0 1 0.17 308
0 1 0.17 309
0 1 0.17 310
0 1 0.17 311
0 1 0.17 312
0 1 0.17 313
0 1 0.17 314
0 1 0.17 315
0 1 0.17 316
0 1 0.17 317
0 1 0.17 318
0 1 0.17 319
0 1 0.17 320
0 1 0.17 321
0 1 0.17 322
0 1 0.17 323
0 1 0.17 324
0 1 0.17 325
0 1 0.17 326
0 1 0.17 327
0 1 0.16 328
0 1 0.16 329
0 1 0.17 330
0 1 0.17 331
0 1 0.17 332
0 1 0.17 333
0 1 0.17 334
0 1 0.17 335
0 1 0.17 336
0 1 0.17 337
0 1 0.17 338
0 1 0.17 339
0 1 0.17 340
0 1 0.17 341
0 1 0.17 342
0 1 0.17 343
0 1 0.17 344
0 1 0.17 345
0 1 0.17 346
0 1 0.17 347
0 1 0.17 348
0 1 0.17 349
0 1 0.17 350
0 1 0.17 351
0 1 0.17 352
0 1 0.17 353
0 1 0.17 354
0 1 0.17 355
0 1 0.17 356
0 1 0.17 357
0 1 0.17 358
0 1 0.17 359
0 1 0.17 360
0 1 0.17 361
0 1 0.17 362
0 1 0.17 363
0 1 0.16 364
0 1 0.16 365
0 1 0.16 366
0 1 0.16 367
0 1 0.17 368
0 1 0.17 369
0 1 0.16 370
0 1 0.16 371
0 1 0.17 372
0 1 0.17 373
0 1 0.17 374
0 1 0.17 375
0 1 0.16 376
0 1 0.17 377
0 1 0.17 378
0 1 0.17 379
0 1 0.17 380
0 1 0.17 381
0 1 0.16 382
0 1 0.16 383
0 1 0.16 384
0 1 0.17 385
0 1 0.17 386
0 1 0.17 387
0 1 0.16 388
0 1 0.17 389
0 1 0.17 390
0 1 0.17 391
0 1 0.17 392
0 1 0.17 393
0 1 0.16 394
0 1 0.16 395
0 1 0.17 396
0 1 0.17 397
0 1 0.17 398
0 1 0.17 399
0 1 0.17 400
0 1 0.17 401
0 1 0.17 402
0 1 0.17 403
0 1 0.17 404
0 1 0.17 405
0 1 0.17 406
0 1 0.16 407
0 1 0.17 408
0 1 0.17 409
0 1 0.17 410
0 1 0.17 411
0 1 0.17 412
0 1 0.17 413
0 1 0.17 414
0 1 0.17 415
0 1 0.17 416
0 1 0.17 417
0 1 0.17 418
0 1 0.17 419
0 1 0.17 420
0 1 0.17 421
0 1 0.17 422
0 1 0.17 423
0 1 0.17 424
0 1 0.17 425
0 1 0.17 426
0 1 0.17 427
0 1 0.17 428
0 1 0.17 429
0 1 0.17 430
0 1 0.16 431
0 1 0.16 432
0 1 0.17 433
0 1 0.17 434
0 1 0.17 435
0 1 0.17 436
0 1 0.17 437
0 1 0.17 438
0 1 0.17 439
0 1 0.17 440
0 1 0.17 441
0 1 0.17 442
0 1 0.17 443
0 1 0.17 444
0 1 0.17 445
0 1 0.17 446
0 1 0.17 447
0 1 0.17 448
0 1 0.17 449
0 1 0.17 450
0 1 0.17 451
0 1 0.17 452
0 1 0.17 453
0 1 0.17 454
0 1 0.17 455
0 1 0.17 456
0 1 0.17 457
0 1 0.17 458
0 1 0.17 459
0 1 0.17 460
0 1 0.17 461
0 1 0.17 462
0 1 0.17 463
0 1 0.17 464
0 1 0.17 465
0 1 0.17 466
0 1 0.17 467
0 1 0.17 468
0 1 0.17 469
0 1 0.17 470
0 1 0.17 471
0 1 0.17 472
0 1 0.17 473
0 1 0.18 474
0 1 0.17 475
0 1 0.17 476
0 1 0.17 477
0 1 0.17 478
0 1 0.18 479
0 1 0.17 480
0 1 0.17 481
0 1 0.17 482
0 1 0.18 483
0 1 0.18 484
0 1 0.18 485
0 1 0.17 486
0 1 0.18 487
0 1 0.18 488
0 1 0.18 489
0 1 0.18 490
0 1 0.18 491
0 1 0.17 492
0 1 0.17 493
0 1 0.17 494
0 1 0.18 495
0 1 0.18 496
0 1 0.18 497
0 1 0.17 498
0 1 0.17 499
0 1 0.17 500
0 1 0.17 501
0 1 0.17 502
0 1 0.17 503
0 1 0.17 504
0 1 0.17 505
0 1 0.18 506
0 1 0.18 507
0 1 0.18 508
0 1 0.18 509
0 1 0.18 510
0 1 0.18 511
0 1 0.18 512
0 1 0.18 513
0 1 0.18 514
0 1 0.17 515
0 1 0.18 516
0 1 0.18 517
0 1 0.18 518
0 1 0.18 519
0 1 0.18 520
0 1 0.18 521
0 1 0.18 522
0 1 0.18 523
0 1 0.18 524
0 1 0.18 525
0 1 0.18 526
0 1 0.18 527
0 1 0.18 528
0 1 0.18 529
0 1 0.18 530
0 1 0.18 531
0 1 0.18 532
0 1 0.18 533
0 1 0.18 534
0 1 0.18 535
0 1 0.18 536
0 1 0.18 537
0 1 0.18 538
0 1 0.18 539
0 1 0.18 540
0 1 0.18 541
0 1 0.18 542
0 1 0.17 543
0 1 0.18 544
0 1 0.18 545
0 1 0.18 546
0 1 0.18 547
0 1 0.18 548
0 1 0.18 549
0 1 0.18 550
0 1 0.18 551
0 1 0.18 552
0 1 0.18 553
0 1 0.18 554
0 1 0.18 555
0 1 0.18 556
0 1 0.18 557
0 1 0.18 558
0 1 0.18 559
0 1 0.17 560
0 1 0.17 561
0 1 0.18 562
0 1 0.18 563
0 1 0.18 564
0 1 0.18 565
0 1 0.18 566
0 1 0.18 567
0 1 0.18 568
0 1 0.18 569
0 1 0.18 570
0 1 0.18 571
0 1 0.18 572
0 1 0.18 573
0 1 0.18 574
0 1 0.18 575
0 1 0.18 576
0 1 0.18 577
0 1 0.18 578
0 1 0.18 579
0 1 0.18 580
0 1 0.18 581
0 1 0.18 582
0 1 0.18 583
0 1 0.18 584
0 1 0.18 585
0 1 0.18 586
0 1 0.18 587
0 1 0.18 588
0 1 0.18 589
0 1 0.18 590
0 1 0.18 591
0 1 0.18 592
0 1 0.18 593
0 1 0.18 594
0 1 0.18 595
0 1 0.18 596
0 1 0.18 597
0 1 0.18 598
0 1 0.18 599
0 1 0.18 600
0 1 0.18 601
0 1 0.18 602
0 1 0.18 603
0 1 0.18 604
0 1 0.18 605
0 1 0.18 606
0 1 0.18 607
0 1 0.18 608
0 1 0.18 609
0 1 0.18 610
0 1 0.18 611
0 1 0.18 612
0 1 0.18 613
0 1 0.18 614
0 1 0.18 615
0 1 0.18 616
0 1 0.18 617
0 1 0.18 618
0 1 0.18 619
0 1 0.18 620
0 1 0.18 621
0 1 0.18 622
0 1 0.18 623
0 1 0.18 624
0 1 0.18 625
0 1 0.18 626
0 1 0.18 627
0 1 0.18 628
0 1 0.18 629
0 1 0.18 630
0 1 0.18 631
0 1 0.18 632
0 1 0.18 633
0 1 0.18 634
0 1 0.18 635
0 1 0.18 636
0 1 0.18 637
0 1 0.18 638
0 1 0.18 639
0 1 0.18 640
0 1 0.18 641
0 1 0.18 642
0 1 0.18 643
0 1 0.18 644
0 1 0.18 645
0 1 0.18 646
0 1 0.18 647
0 1 0.18 648
0 1 0.18 649
0 1 0.18 650
0 1 0.18 651
0 1 0.18 652
0 1 0.18 653
0 1 0.18 654
0 1 0.18 655
0 1 0.18 656
0 1 0.18 657
0 1 0.18 658
0 1 0.18 659
0 1 0.18 660
0 1 0.18 661
0 1 0.18 662
0 1 0.18 663
0 1 0.18 664
0 1 0.18 665
0 1 0.18 666
0 1 0.18 667
0 1 0.18 668
0 1 0.18 669
0 1 0.18 670
0 1 0.18 671
0 1 0.18 672
0 1 0.18 673
0 1 0.18 674
0 1 0.18 675
0 1 0.18 676
0 1 0.18 677
0 1 0.18 678
0 1 0.18 679
0 1 0.18 680
0 1 0.18 681
0 1 0.18 682
0 1 0.18 683
0 1 0.18 684
0 1 0.18 685
0 1 0.18 686
0 1 0.18 687
0 1 0.18 688
0 1 0.18 689
0 1 0.18 690
0 1 0.19 691
0 1 0.18 692
0 1 0.18 693
0 1 0.19 694
0 1 0.19 695
0 1 0.19 696
0 1 0.19 697
0 1 0.19 698
0 1 0.19 699
0 1 0.19 700
0 1 0.19 701
0 1 0.19 702
0 1 0.18 703
0 1 0.18 704
0 1 0.18 705
0 1 0.18 706
0 1 0.19 707
0 1 0.19 708
0 1 0.18 709
0 1 0.18 710
0 1 0.19 711
0 1 0.19 712
0 1 0.19 713
0 1 0.18 714
0 1 0.18 715
0 1 0.19 716
0 1 0.19 717
0 1 0.19 718
0 1 0.18 719
0 1 0.19 720
0 1 0.19 721
0 1 0.19 722
0 1 0.19 723
0 1 0.19 724
0 1 0.18 725
0 1 0.18 726
0 1 0.18 727
0 1 0.18 728
0 1 0.18 729
0 1 0.18 730
0 1 0.18 731
0 1 0.18 732
0 1 0.19 733
0 1 0.19 734
0 1 0.19 735
0 1 0.18 736
0 1 0.18 737
0 1 0.18 738
0 1 0.18 739
0 1 0.19 740
0 1 0.18 741
0 1 0.18 742
0 1 0.18 743
0 1 0.18 744
0 1 0.18 745
0 1 0.18 746
0 1 0.18 747
0 1 0.18 748
0 1 0.18 749
0 1 0.18 750
0 1 0.18 751
0 1 0.18 752
0 1 0.18 753
0 1 0.18 754
0 2 0.19 755
0 2 0.19 756
0 2 0.18 757
0 2 0.18 758
0 2 0.19 759
0 2 0.19 760
0 2 0.19 761
0 2 0.19 762
0 2 0.19 763
0 2 0.19 764
0 2 0.19 765
0 2 0.19 766
0 2 0.19 767
0 2 0.19 768
0 2 0.19 769
0 2 0.19 770
0 2 0.19 771
0 2 0.19 772
0 2 0.19 773
0 2 0.19 774
0 2 0.19 775
0 2 0.19 776
0 2 0.19 777
0 2 0.19 778
0 2 0.19 779
0 2 0.19 780
0 2 0.19 781
0 2 0.19 782
0 2 0.19 783
0 2 0.19 784
0 2 0.19 785
0 2 0.19 786
0 2 0.19 787
0 2 0.19 788
0 2 0.19 789
0 2 0.19 790
0 2 0.19 791
0 2 0.19 792
0 2 0.19 793
0 2 0.19 794
0 2 0.19 795
0 2 0.19 796
0 2 0.19 797
0 2 0.19 798
0 2 0.19 799
0 2 0.19 800
0 2 0.19 801
0 2 0.19 802
0 2 0.19 803
0 2 0.19 804
0 2 0.19 805
0 2 0.19 806
0 2 0.19 807
0 2 0.19 808
0 2 0.19 809
0 2 0.19 810
0 2 0.19 811
0 2 0.19 812
0 2 0.19 813
0 2 0.19 814
0 2 0.19 815
0 2 0.19 816
0 2 0.19 817
0 2 0.19 818
0 2 0.19 819
0 2 0.19 820
0 2 0.19 821
0 2 0.19 822
0 2 0.19 823
0 2 0.19 824
0 2 0.19 825
0 2 0.19 826
0 2 0.19 827
0 2 0.19 828
0 2 0.19 829
0 2 0.19 830
0 2 0.19 831
0 2 0.19 832
0 2 0.19 833
0 2 0.19 834
0 2 0.19 835
0 2 0.19 836
0 2 0.19 837
0 2 0.19 838
0 2 0.19 839
0 2 0.19 840
0 2 0.19 841
0 2 0.19 842
0 2 0.19 843
0 2 0.18 844
0 2 0.18 845
0 2 0.18 846
0 2 0.19 847
0 2 0.19 848
0 2 0.18 849
0 2 0.18 850
0 2 0.18 851
0 2 0.19 852
0 2 0.19 853
0 2 0.19 854
0 2 0.18 855
0 2 0.19 856
0 2 0.19 857
0 2 0.19 858
0 2 0.19 859
0 2 0.19 860
0 2 0.19 861
0 2 0.19 862
0 2 0.19 863
0 2 0.19 864
0 2 0.19 865
0 2 0.19 866
0 2 0.19 867
0 2 0.19 868
0 2 0.19 869
0 2 0.19 870
0 2 0.19 871
0 2 0.19 872
0 2 0.19 873
0 2 0.19 874
0 2 0.19 875
0 2 0.19 876
0 2 0.19 877
0 2 0.19 878
0 2 0.19 879
0 2 0.19 880
0 2 0.19 881
0 2 0.19 882
0 2 0.19 883
0 2 0.19 884
0 2 0.19 885
0 2 0.19 886
0 2 0.19 887
0 2 0.19 888
0 2 0.19 889
0 2 0.19 890
0 2 0.19 891
0 2 0.19 892
0 2 0.19 893
0 2 0.19 894
0 2 0.19 895
0 2 0.19 896
0 2 0.19 897
0 2 0.19 898
0 2 0.19 899
0 2 0.19 900
0 2 0.19 901
0 2 0.19 902
0 2 0.19 903
0 2 0.19 904
0 2 0.19 905
0 2 0.19 906
0 2 0.19 907
0 2 0.19 908
0 2 0.19 909
0 2 0.19 910
0 2 0.19 911
0 2 0.19 912
0 2 0.19 913
0 2 0.18 914
0 2 0.18 915
0 2 0.18 916
0 2 0.18 917
0 2 0.18 918
0 2 0.18 919
0 2 0.18 920
0 2 0.18 921
0 2 0.18 922
0 2 0.18 923
0 2 0.19 924
0 2 0.18 925
0 2 0.18 926
0 2 0.18 927
0 2 0.18 928
0 2 0.18 929
0 2 0.18 930
0 2 0.18 931
0 2 0.18 932
0 2 0.18 933
0 2 0.18 934
0 2 0.18 935
0 2 0.18 936
0 2 0.18 937
0 2 0.18 938
0 2 0.18 939
0 2 0.18 940
0 2 0.18 941
0 2 0.18 942
0 2 0.18 943
0 2 0.18 944
0 2 0.18 945
0 2 0.18 946
0 2 0.18 947
0 2 0.18 948
0 2 0.18 949
0 2 0.18 950
0 2 0.18 951
0 2 0.18 952
0 2 0.18 953
0 2 0.1