3 3 3.00 1
1 3 2.00 2
1 3 2.33 3
1 3 2.00 4
1 3 1.80 5
1 3 1.83 6
1 3 1.86 7
1 3 1.88 8
1 3 2.00 9
1 3 2.10 10
1 3 2.00 11
1 3 2.00 12
1 3 2.00 13
1 3 2.00 14
1 3 2.00 15
1 3 1.94 16
1 3 1.88 17
1 3 1.83 18
1 3 1.84 19
1 3 1.85 20
1 3 1.86 21
1 3 1.82 22
1 3 1.83 23
1 3 1.83 24
1 3 1.84 25
1 3 1.85 26
1 3 1.85 27
1 3 1.89 28
1 3 1.90 29
1 3 1.90 30
1 3 1.87 31
1 3 1.91 32
1 3 1.91 33
1 3 1.91 34
1 3 1.91 35
1 3 1.94 36
1 3 1.95 37
1 3 1.95 38
1 3 1.97 39
1 3 1.98 40
1 3 2.00 41
1 3 2.02 42
1 3 2.02 43
1 3 2.02 44
1 3 2.00 45
1 3 2.00 46
1 3 1.98 47
1 3 1.98 48
1 3 1.96 49
1 3 1.94 50
1 3 1.94 51
1 3 1.92 52
1 3 1.92 53
1 3 1.93 54
1 3 1.91 55
1 3 1.93 56
1 3 1.91 57
1 3 1.91 58
1 3 1.92 59
1 3 1.93 60
1 3 1.93 61
1 3 1.94 62
1 3 1.92 63
1 3 1.92 64
1 3 1.94 65
1 3 1.94 66
1 3 1.94 67
1 3 1.94 68
1 3 1.94 69
1 3 1.94 70
1 3 1.93 71
1 3 1.92 72
1 3 1.92 73
1 3 1.92 74
1 3 1.91 75
1 3 1.91 76
1 3 1.91 77
1 3 1.91 78
1 3 1.91 79
1 3 1.90 80
1 3 1.90 81
1 3 1.90 82
1 3 1.90 83
1 3 1.90 84
1 3 1.89 85
1 3 1.90 86
1 3 1.90 87
1 3 1.90 88
1 3 1.90 89
1 3 1.90 90
1 3 1.90 91
1 3 1.90 92
1 3 1.90 93
1 3 1.90 94
1 3 1.91 95
1 3 1.91 96
1 3 1.91 97
1 3 1.91 98
1 3 1.92 99
1 3 1.92 100
1 3 1.91 101
1 3 1.91 102
1 3 1.91 103
1 3 1.91 104
1 3 1.91 105
1 3 1.92 106
1 3 1.93 107
1 3 1.92 108
1 4 1.94 109
1 4 1.93 110
1 4 1.92 111
1 4 1.92 112
1 4 1.92 113
1 4 1.91 114
1 4 1.91 115
1 4 1.91 116
1 4 1.91 117
1 4 1.92 118
1 4 1.92 119
1 4 1.92 120
1 4 1.92 121
1 4 1.92 122
1 4 1.92 123
1 4 1.93 124
1 4 1.93 125
1 4 1.93 126
1 4 1.93 127
1 4 1.93 128
1 4 1.93 129
1 4 1.93 130
1 4 1.93 131
1 4 1.93 132
1 4 1.93 133
1 4 1.93 134
1 4 1.93 135
1 4 1.93 136
1 4 1.93 137
1 4 1.93 138
1 4 1.93 139
1 4 1.93 140
1 4 1.93 141
1 4 1.93 142
1 4 1.93 143
1 4 1.92 144
1 4 1.92 145
1 4 1.92 146
1 4 1.93 147
1 4 1.93 148
1 4 1.93 149
1 4 1.92 150
1 4 1.92 151
1 4 1.92 152
1 4 1.93 153
1 4 1.93 154
1 4 1.93 155
1 4 1.93 156
1 4 1.93 157
1 4 1.92 158
1 4 1.92 159
1 4 1.93 160
1 4 1.93 161
1 4 1.93 162
1 4 1.93 163
1 4 1.93 164
1 4 1.93 165
1 4 1.93 166
1 4 1.93 167
1 4 1.93 168
1 4 1.93 169
1 4 1.94 170
1 4 1.93 171
1 4 1.93 172
1 4 1.93 173
1 4 1.94 174
1 4 1.94 175
1 4 1.94 176
1 4 1.94 177
1 4 1.94 178
1 4 1.94 179
1 4 1.94 180
1 4 1.94 181
1 4 1.95 182
1 4 1.94 183
1 4 1.93 184
1 4 1.94 185
1 4 1.94 186
1 4 1.94 187
1 4 1.95 188
1 4 1.94 189
1 4 1.95 190
1 4 1.95 191
1 4 1.95 192
1 4 1.95 193
1 4 1.96 194
1 4 1.96 195
1 4 1.96 196
1 4 1.96 197
1 4 1.96 198
1 4 1.96 199
1 4 1.96 200
1 4 1.96 201
1 4 1.96 202
1 4 1.96 203
1 5 1.97 204
1 5 1.97 205
1 5 1.97 206
1 5 1.97 207
1 5 1.97 208
1 5 1.97 209
1 5 1.97 210
1 5 1.97 211
1 5 1.97 212
1 5 1.96 213
1 5 1.96 214
1 5 1.97 215
1 5 1.97 216
1 5 1.96 217
1 5 1.96 218
1 5 1.96 219
1 5 1.96 220
1 5 1.96 221
1 5 1.95 222
1 5 1.96 223
1 5 1.96 224
1 5 1.96 225
1 5 1.96 226
1 5 1.95 227
1 5 1.95 228
1 5 1.96 229
1 5 1.96 230
1 5 1.96 231
1 5 1.96 232
1 5 1.96 233
1 5 1.96 234
1 5 1.96 235
1 5 1.96 236
1 5 1.95 237
1 5 1.95 238
1 5 1.95 239
1 5 1.95 240
1 5 1.95 241
1 5 1.95 242
1 5 1.95 243
1 5 1.95 244
1 5 1.96 245
1 5 1.96 246
1 5 1.95 247
1 5 1.95 248
1 5 1.95 249
1 5 1.95 250
1 5 1.95 251
1 5 1.95 252
1 5 1.96 253
1 5 1.95 254
1 5 1.95 255
1 5 1.95 256
1 5 1.96 257
1 5 1.95 258
1 5 1.95 259
1 5 1.95 260
1 5 1.95 261
1 5 1.95 262
1 5 1.95 263
1 5 1.95 264
1 5 1.95 265
1 5 1.95 266
1 5 1.95 267
1 5 1.95 268
1 5 1.95 269
1 5 1.95 270
1 5 1.96 271
1 5 1.96 272
1 5 1.96 273
1 5 1.96 274
1 5 1.96 275
1 5 1.96 276
1 5 1.96 277
1 5 1.96 278
1 5 1.96 279
1 5 1.97 280
1 5 1.96 281
1 5 1.96 282
1 5 1.96 283
1 5 1.96 284
1 5 1.96 285
1 5 1.97 286
1 5 1.97 287
1 5 1.97 288
1 5 1.97 289
1 5 1.96 290
1 5 1.96 291
1 5 1.96 292
1 5 1.96 293
1 5 1.96 294
1 5 1.96 295
1 5 1.96 296
1 5 1.96 297
1 5 1.96 298
1 5 1.96 299
1 5 1.96 300
1 5 1.96 301
1 5 1.97 302
1 5 1.97 303
1 5 1.96 304
1 5 1.96 305
1 5 1.96 306
1 5 1.96 307
1 5 1.96 308
1 5 1.97 309
1 5 1.97 310
1 5 1.97 311
1 5 1.98 312
1 5 1.97 313
1 5 1.97 314
1 5 1.97 315
1 5 1.97 316
1 5 1.97 317
1 5 1.97 318
1 5 1.98 319
1 5 1.98 320
1 5 1.98 321
1 5 1.98 322
1 5 1.98 323
1 5 1.98 324
1 5 1.98 325
1 5 1.98 326
1 5 1.98 327
1 5 1.98 328
1 5 1.98 329
1 5 1.98 330
1 5 1.98 331
1 5 1.98 332
1 5 1.98 333
1 5 1.98 334
1 5 1.99 335
1 5 1.99 336
1 5 1.99 337
1 5 1.99 338
1 5 1.98 339
1 5 1.98 340
1 5 1.98 341
1 5 1.98 342
1 5 1.98 343
1 5 1.98 344
1 5 1.98 345
1 5 1.98 346
1 5 1.98 347
1 5 1.98 348
1 5 1.98 349
1 5 1.98 350
1 5 1.98 351
1 5 1.98 352
1 5 1.98 353
1 5 1.98 354
1 5 1.98 355
1 5 1.98 356
1 5 1.98 357
1 5 1.98 358
1 5 1.98 359
1 5 1.98 360
1 5 1.98 361
1 5 1.98 362
1 5 1.98 363
1 5 1.98 364
1 5 1.98 365
1 5 1.98 366
1 5 1.98 367
1 5 1.98 368
1 5 1.98 369
1 5 1.98 370
1 5 1.98 371
1 5 1.98 372
1 5 1.98 373
1 5 1.98 374
1 5 1.98 375
1 5 1.98 376
1 5 1.98 377
1 5 1.98 378
1 5 1.98 379
1 5 1.98 380
1 5 1.98 381
1 5 1.98 382
1 5 1.98 383
1 5 1.98 384
1 5 1.98 385
1 5 1.98 386
1 5 1.98 387
1 5 1.98 388
1 5 1.98 389
1 5 1.98 390
1 5 1.98 391
1 5 1.98 392
1 5 1.97 393
1 5 1.98 394
1 5 1.98 395
1 5 1.98 396
1 5 1.98 397
1 5 1.98 398
1 5 1.97 399
1 5 1.98 400
1 5 1.98 401
1 5 1.98 402
1 5 1.98 403
1 5 1.98 404
1 5 1.98 405
1 5 1.98 406
1 5 1.97 407
1 5 1.97 408
1 5 1.97 409
1 5 1.97 410
1 5 1.97 411
1 5 1.97 412
1 5 1.97 413
0 5 1.97 414
0 5 1.97 415
0 5 1.97 416
0 5 1.97 417
0 5 1.97 418
0 5 1.97 419
0 5 1.97 420
0 5 1.97 421
0 5 1.97 422
0 5 1.97 423
0 5 1.97 424
0 5 1.97 425
0 5 1.97 426
0 5 1.97 427
0 5 1.97 428
0 5 1.97 429
0 5 1.97 430
0 5 1.98 431
0 5 1.97 432
0 5 1.97 433
0 5 1.97 434
0 5 1.97 435
0 5 1.97 436
0 5 1.97 437
0 5 1.97 438
0 5 1.97 439
0 5 1.97 440
0 5 1.97 441
0 5 1.97 442
0 5 1.97 443
0 5 1.97 444
0 5 1.97 445
0 5 1.97 446
0 5 1.97 447
0 5 1.97 448
0 5 1.97 449
0 5 1.97 450
0 5 1.98 451
0 5 1.98 452
0 5 1.98 453
0 5 1.98 454
0 5 1.98 455
0 5 1.98 456
0 5 1.98 457
0 5 1.98 458
0 5 1.98 459
0 5 1.98 460
0 5 1.98 461
0 5 1.98 462
0 5 1.98 463
0 5 1.98 464
0 5 1.98 465
0 5 1.98 466
0 5 1.98 467
0 5 1.98 468
0 5 1.99 469
0 5 1.99 470
0 5 1.99 471
0 5 1.99 472
0 5 1.99 473
0 5 1.99 474
0 5 1.99 475
0 5 1.99 476
0 5 1.99 477
0 5 1.99 478
0 5 1.99 479
0 5 1.99 480
0 5 1.99 481
0 5 1.99 482
0 5 1.99 483
0 5 1.99 484
0 5 1.99 485
0 5 1.99 486
0 5 1.99 487
0 5 1.99 488
0 5 1.99 489
0 5 1.99 490
0 5 1.99 491
0 5 1.99 492
0 5 1.99 493
0 5 1.99 494
0 5 1.99 495
0 5 1.99 496
0 5 1.99 497
0 5 1.99 498
0 5 1.99 499
0 5 1.99 500
0 5 1.99 501
0 5 1.98 502
0 5 1.98 503
0 5 1.98 504
0 5 1.98 505
0 5 1.98 506
0 5 1.98 507
0 5 1.98 508
0 5 1.98 509
0 5 1.98 510
0 5 1.98 511
0 5 1.98 512
0 5 1.98 513
0 5 1.98 514
0 5 1.98 515
0 5 1.98 516
0 5 1.98 517
0 5 1.98 518
0 5 1.98 519
0 5 1.98 520
0 5 1.98 521
0 5 1.98 522
0 5 1.98 523
0 5 1.97 524
0 5 1.97 525
0 5 1.97 526
0 5 1.97 527
0 5 1.97 528
0 5 1.97 529
0 5 1.97 530
0 5 1.97 531
0 5 1.97 532
0 5 1.97 533
0 5 1.97 534
0 5 1.96 535
0 5 1.97 536
0 5 1.96 537
0 5 1.96 538
0 5 1.96 539
0 5 1.96 540
0 5 1.96 541
0 5 1.96 542
0 5 1.96 543
0 5 1.96 544
0 5 1.96 545
0 5 1.96 546
0 5 1.96 547
0 5 1.96 548
0 5 1.96 549
0 5 1.96 550
0 5 1.96 551
0 5 1.96 552
0 5 1.96 553
0 5 1.96 554
0 5 1.96 555
0 5 1.96 556
0 5 1.96 557
0 5 1.96 558
0 5 1.96 559
0 5 1.96 560
0 5 1.96 561
0 5 1.96 562
0 5 1.96 563
0 5 1.96 564
0 5 1.96 565
0 5 1.96 566
0 5 1.96 567
0 5 1.95 568
0 5 1.95 569
0 5 1.96 570
0 5 1.96 571
0 5 1.95 572
0 5 1.95 573
0 5 1.95 574
0 5 1.95 575
0 5 1.95 576
0 5 1.95 577
0 5 1.95 578
0 5 1.95 579
0 5 1.95 580
0 5 1.95 581
0 5 1.95 582
0 5 1.95 583
0 5 1.95 584
0 5 1.96 585
0 5 1.96 586
0 5 1.96 587
0 5 1.96 588
0 5 1.96 589
0 5 1.96 590
0 5 1.96 591
0 5 1.96 592
0 5 1.96 593
0 5 1.96 594
0 5 1.96 595
0 5 1.96 596
0 5 1.96 597
0 5 1.96 598
0 5 1.96 599
0 5 1.96 600
0 5 1.96 601
0 5 1.96 602
0 5 1.96 603
0 5 1.96 604
0 5 1.96 605
0 5 1.96 606
0 5 1.96 607
0 5 1.95 608
0 5 1.95 609
0 5 1.95 610
0 5 1.95 611
0 5 1.95 612
0 5 1.95 613
0 5 1.95 614
0 5 1.95 615
0 5 1.95 616
0 5 1.95 617
0 5 1.95 618
0 5 1.95 619
0 5 1.95 620
0 5 1.95 621
0 5 1.96 622
0 5 1.96 623
0 5 1.95 624
0 5 1.95 625
0 5 1.95 626
0 5 1.95 627
0 5 1.95 628
0 5 1.96 629
0 5 1.96 630
0 5 1.96 631
0 5 1.96 632
0 5 1.96 633
0 5 1.96 634
0 5 1.96 635
0 5 1.96 636
0 5 1.96 637
0 5 1.97 638
0 5 1.