0 0 0.00 1
0 0 0.00 2
0 1 0.33 3
0 1 0.25 4
0 1 0.20 5
0 1 0.17 6
0 1 0.14 7
0 1 0.25 8
0 1 0.33 9
0 1 0.30 10
0 1 0.27 11
0 1 0.25 12
0 1 0.23 13
0 1 0.21 14
0 1 0.27 15
0 1 0.25 16
0 1 0.24 17
0 1 0.28 18
0 1 0.26 19
0 1 0.30 20
0 1 0.29 21
0 1 0.32 22
0 1 0.30 23
0 1 0.33 24
0 1 0.32 25
0 1 0.35 26
0 1 0.33 27
0 1 0.36 28
0 1 0.38 29
0 1 0.37 30
0 1 0.35 31
0 1 0.38 32
0 1 0.36 33
0 1 0.35 34
0 1 0.37 35
0 1 0.36 36
0 1 0.38 37
0 1 0.37 38
0 1 0.36 39
0 1 0.35 40
0 1 0.37 41
0 1 0.38 42
0 1 0.37 43
0 1 0.39 44
0 1 0.38 45
0 1 0.39 46
0 1 0.38 47
0 1 0.40 48
0 1 0.39 49
0 1 0.38 50
0 1 0.37 51
0 1 0.38 52
0 1 0.38 53
0 1 0.37 54
0 1 0.38 55
0 1 0.38 56
0 1 0.37 57
0 1 0.36 58
0 1 0.36 59
0 1 0.35 60
0 1 0.34 61
0 1 0.34 62
0 1 0.33 63
0 1 0.34 64
0 1 0.34 65
0 1 0.33 66
0 1 0.33 67
0 1 0.32 68
0 1 0.32 69
0 1 0.31 70
0 1 0.31 71
0 1 0.31 72
0 1 0.32 73
0 1 0.31 74
0 1 0.31 75
0 1 0.30 76
0 1 0.30 77
0 1 0.29 78
0 1 0.30 79
0 1 0.30 80
0 1 0.31 81
0 1 0.30 82
0 1 0.31 83
0 1 0.31 84
0 1 0.31 85
0 1 0.30 86
0 1 0.31 87
0 1 0.31 88
0 1 0.30 89
0 1 0.31 90
0 1 0.31 91
0 1 0.32 92
0 1 0.31 93
0 1 0.32 94
0 1 0.32 95
0 1 0.31 96
0 1 0.32 97
0 1 0.33 98
0 1 0.32 99
0 1 0.32 100
0 1 0.33 101
0 1 0.33 102
0 1 0.33 103
0 1 0.34 104
0 1 0.33 105
0 1 0.33 106
0 1 0.34 107
0 1 0.33 108
0 1 0.33 109
0 1 0.33 110
0 1 0.32 111
0 1 0.32 112
0 1 0.32 113
0 1 0.32 114
0 1 0.32 115
0 1 0.32 116
0 1 0.32 117
0 1 0.32 118
0 1 0.32 119
0 1 0.32 120
0 1 0.32 121
0 1 0.32 122
0 1 0.33 123
0 1 0.32 124
0 1 0.32 125
0 1 0.33 126
0 1 0.32 127
0 1 0.32 128
0 1 0.32 129
0 1 0.32 130
0 1 0.31 131
0 1 0.32 132
0 1 0.32 133
0 1 0.32 134
0 1 0.32 135
0 1 0.32 136
0 1 0.32 137
0 1 0.32 138
0 1 0.32 139
0 1 0.32 140
0 1 0.32 141
0 1 0.32 142
0 1 0.31 143
0 1 0.31 144
0 1 0.31 145
0 1 0.32 146
0 1 0.31 147
0 1 0.31 148
0 1 0.32 149
0 1 0.32 150
0 1 0.32 151
0 1 0.32 152
0 1 0.32 153
0 1 0.32 154
0 1 0.32 155
0 1 0.32 156
0 1 0.32 157
0 2 0.33 158
0 2 0.33 159
0 2 0.33 160
0 2 0.33 161
0 2 0.33 162
0 2 0.33 163
0 2 0.33 164
0 2 0.33 165
0 2 0.33 166
0 2 0.33 167
0 2 0.33 168
0 2 0.33 169
0 2 0.33 170
0 2 0.33 171
0 2 0.33 172
0 2 0.32 173
0 2 0.32 174
0 2 0.33 175
0 2 0.32 176
0 2 0.32 177
0 2 0.32 178
0 2 0.32 179
0 2 0.32 180
0 2 0.32 181
0 2 0.32 182
0 2 0.32 183
0 2 0.32 184
0 2 0.32 185
0 2 0.32 186
0 2 0.33 187
0 2 0.32 188
0 2 0.32 189
0 2 0.33 190
0 2 0.33 191
0 2 0.33 192
0 2 0.33 193
0 2 0.34 194
0 2 0.33 195
0 2 0.33 196
0 2 0.33 197
0 2 0.33 198
0 2 0.33 199
0 2 0.33 200
0 2 0.33 201
0 2 0.33 202
0 2 0.33 203
0 2 0.32 204
0 2 0.32 205
0 2 0.32 206
0 2 0.32 207
0 2 0.32 208
0 2 0.32 209
0 2 0.32 210
0 2 0.32 211
0 2 0.32 212
0 2 0.31 213
0 2 0.31 214
0 2 0.31 215
0 2 0.31 216
0 2 0.31 217
0 2 0.31 218
0 2 0.31 219
0 2 0.31 220
0 2 0.31 221
0 2 0.31 222
0 2 0.31 223
0 2 0.31 224
0 2 0.31 225
0 2 0.31 226
0 2 0.31 227
0 2 0.31 228
0 2 0.31 229
0 2 0.31 230
0 2 0.31 231
0 2 0.31 232
0 2 0.31 233
0 2 0.31 234
0 2 0.31 235
0 2 0.31 236
0 2 0.31 237
0 2 0.31 238
0 2 0.31 239
0 2 0.31 240
0 2 0.31 241
0 2 0.31 242
0 2 0.31 243
0 2 0.31 244
0 2 0.31 245
0 2 0.31 246
0 2 0.31 247
0 2 0.31 248
0 2 0.31 249
0 2 0.30 250
0 2 0.30 251
0 2 0.30 252
0 2 0.30 253
0 2 0.30 254
0 2 0.31 255
0 2 0.30 256
0 2 0.30 257
0 2 0.31 258
0 2 0.31 259
0 2 0.30 260
0 2 0.30 261
0 2 0.31 262
0 2 0.30 263
0 2 0.30 264
0 2 0.31 265
0 2 0.30 266
0 2 0.30 267
0 2 0.30 268
0 2 0.30 269
0 2 0.30 270
0 2 0.30 271
0 2 0.30 272
0 2 0.30 273
0 2 0.30 274
0 2 0.30 275
0 2 0.30 276
0 2 0.30 277
0 2 0.30 278
0 2 0.30 279
0 2 0.30 280
0 2 0.30 281
0 2 0.30 282
0 2 0.30 283
0 2 0.30 284
0 2 0.30 285
0 2 0.30 286
0 2 0.30 287
0 2 0.30 288
0 2 0.30 289
0 2 0.30 290
0 2 0.30 291
0 2 0.30 292
0 2 0.30 293
0 2 0.30 294
0 2 0.30 295
0 2 0.30 296
0 2 0.30 297
0 2 0.31 298
0 2 0.31 299
0 2 0.31 300
0 2 0.31 301
0 2 0.31 302
0 2 0.31 303
0 2 0.31 304
0 2 0.31 305
0 2 0.31 306
0 2 0.31 307
0 2 0.31 308
0 2 0.31 309
0 2 0.31 310
0 2 0.31 311
0 2 0.30 312
0 2 0.31 313
0 2 0.31 314
0 2 0.30 315
0 2 0.30 316
0 2 0.31 317
0 2 0.31 318
0 2 0.31 319
0 2 0.31 320
0 2 0.31 321
0 2 0.31 322
0 2 0.31 323
0 2 0.31 324
0 2 0.31 325
0 2 0.31 326
0 2 0.31 327
0 2 0.30 328
0 2 0.30 329
0 2 0.31 330
0 2 0.31 331
0 2 0.30 332
0 2 0.30 333
0 2 0.30 334
0 2 0.30 335
0 2 0.30 336
0 2 0.30 337
0 2 0.30 338
0 2 0.30 339
0 2 0.30 340
0 2 0.30 341
0 2 0.30 342
0 2 0.30 343
0 2 0.30 344
0 2 0.30 345
0 2 0.30 346
0 2 0.30 347
0 2 0.30 348
0 2 0.30 349
0 2 0.30 350
0 2 0.30 351
0 2 0.30 352
0 2 0.30 353
0 2 0.30 354
0 2 0.30 355
0 2 0.30 356
0 2 0.30 357
0 2 0.30 358
0 2 0.30 359
0 2 0.29 360
0 2 0.30 361
0 2 0.30 362
0 2 0.30 363
0 2 0.30 364
0 2 0.30 365
0 2 0.30 366
0 2 0.30 367
0 2 0.30 368
0 2 0.30 369
0 2 0.30 370
0 2 0.30 371
0 2 0.30 372
0 2 0.30 373
0 2 0.30 374
0 2 0.30 375
0 2 0.30 376
0 2 0.30 377
0 2 0.30 378
0 2 0.30 379
0 2 0.30 380
0 2 0.30 381
0 2 0.30 382
0 2 0.30 383
0 2 0.30 384
0 2 0.30 385
0 2 0.30 386
0 2 0.30 387
0 2 0.30 388
0 2 0.30 389
0 2 0.30 390
0 2 0.30 391
0 2 0.30 392
0 2 0.30 393
0 2 0.30 394
0 2 0.30 395
0 2 0.30 396
0 2 0.30 397
0 2 0.30 398
0 2 0.30 399
0 2 0.29 400
0 2 0.29 401
0 2 0.29 402
0 2 0.29 403
0 2 0.29 404
0 2 0.29 405
0 2 0.29 406
0 2 0.29 407
0 2 0.29 408
0 2 0.29 409
0 2 0.29 410
0 2 0.29 411
0 2 0.29 412
0 2 0.29 413
0 2 0.29 414
0 2 0.29 415
0 2 0.29 416
0 2 0.29 417
0 2 0.29 418
0 2 0.29 419
0 2 0.29 420
0 2 0.29 421
0 2 0.29 422
0 2 0.29 423
0 2 0.29 424
0 2 0.29 425
0 2 0.30 426
0 2 0.30 427
0 2 0.29 428
0 2 0.30 429
0 2 0.30 430
0 2 0.30 431
0 2 0.30 432
0 2 0.30 433
0 2 0.30 434
0 2 0.30 435
0 2 0.30 436
0 2 0.30 437
0 2 0.29 438
0 2 0.29 439
0 2 0.30 440
0 2 0.30 441
0 2 0.30 442
0 2 0.30 443
0 2 0.30 444
0 2 0.29 445
0 2 0.30 446
0 2 0.30 447
0 2 0.29 448
0 2 0.29 449
0 2 0.29 450
0 2 0.29 451
0 2 0.29 452
0 2 0.30 453
0 2 0.30 454
0 2 0.29 455
0 2 0.30 456
0 2 0.30 457
0 2 0.29 458
0 2 0.30 459
0 2 0.30 460
0 2 0.30 461
0 2 0.29 462
0 2 0.29 463
0 2 0.29 464
0 2 0.29 465
0 2 0.29 466
0 2 0.29 467
0 2 0.29 468
0 2 0.29 469
0 2 0.29 470
0 2 0.29 471
0 2 0.29 472
0 2 0.29 473
0 2 0.29 474
0 2 0.29 475
0 2 0.29 476
0 2 0.29 477
0 2 0.29 478
0 2 0.29 479
0 2 0.29 480
0 2 0.29 481
0 2 0.29 482
0 2 0.29 483
0 15 0.32 484
0 15 0.32 485
0 15 0.33 486
0 15 0.32 487
0 15 0.32 488
0 15 0.32 489
0 15 0.32 490
0 15 0.32 491
0 15 0.32 492
0 15 0.32 493
0 15 0.32 494
0 15 0.32 495
0 15 0.32 496
0 15 0.32 497
0 15 0.32 498
0 15 0.32 499
0 15 0.32 500
0 15 0.32 501
0 15 0.32 502
0 15 0.32 503
0 15 0.32 504
0 15 0.32 505
0 15 0.32 506
0 15 0.32 507
0 15 0.32 508
0 15 0.32 509
0 15 0.32 510
0 15 0.32 511
0 15 0.32 512
0 15 0.32 513
0 15 0.32 514
0 15 0.32 515
0 15 0.32 516
0 15 0.32 517
0 15 0.32 518
0 15 0.32 519
0 15 0.32 520
0 15 0.32 521
0 15 0.32 522
0 15 0.32 523
0 15 0.32 524
0 15 0.32 525
0 15 0.32 526
0 15 0.31 527
0 15 0.31 528
0 15 0.31 529
0 15 0.31 530
0 15 0.31 531
0 15 0.31 532
0 15 0.31 533
0 15 0.31 534
0 15 0.31 535
0 15 0.31 536
0 15 0.31 537
0 15 0.31 538
0 15 0.31 539
0 15 0.31 540
0 15 0.31 541
0 15 0.31 542
0 15 0.31 543
0 15 0.31 544
0 15 0.31 545
0 15 0.31 546
0 15 0.31 547
0 15 0.31 548
0 15 0.31 549
0 15 0.31 550
0 15 0.31 551
0 15 0.31 552
0 15 0.31 553
0 15 0.31 554
0 15 0.31 555
0 15 0.31 556
0 15 0.31 557
0 15 0.31 558
0 15 0.31 559
0 15 0.31 560
0 15 0.31 561
0 15 0.31 562
0 15 0.31 563
0 15 0.31 564
0 15 0.31 565
0 15 0.31 566
0 15 0.31 567
0 15 0.31 568
0 15 0.31 569
0 15 0.31 570
0 15 0.31 571
0 15 0.31 572
0 15 0.31 573
0 15 0.31 574
0 15 0.31 575
0 15 0.31 576
0 15 0.31 577
0 15 0.31 578
0 15 0.31 579
0 15 0.31 580
0 15 0.31 581
0 15 0.31 582
0 15 0.31 583
0 15 0.31 584
0 15 0.31 585
0 15 0.31 586
0 15 0.31 587
0 15 0.31 588
0 15 0.31 589
0 15 0.31 590
0 15 0.31 591
0 15 0.31 592
0 15 0.31 593
0 15 0.31 594
0 15 0.31 595
0 15 0.31 596
0 15 0.31 597
0 15 0.31 598
0 15 0.31 599
0 15 0.31 600
0 15 0.31 601
0 15 0.31 602
0 15 0.31 603
0 15 0.31 604
0 15 0.31 605
0 15 0.31 606
0 15 0.31 607
0 15 0.31 608
0 15 0.31 609
0 15 0.31 610
0 15 0.31 611
0 15 0.31 612
0 15 0.31 613
0 15 0.31 614
0 15 0.31 615
0 15 0.31 616
0 15 0.31 617
0 15 0.31 618
0 15 0.31 619
0 15 0.31 620
0 15 0.31 621
0 15 0.31 622
0 15 0.31 623
0 15 0.31 624
0 15 0.31 625
0 15 0.31 626
0 15 0.31 627
0 15 0.31 628
0 15 0.31 629
0 15 0.31 630
0 15 0.31 631
0 15 0.31 632
0 15 0.30 633
0 15 0.30 634
0 15 0.30 635
0 15 0.30 636
0 15 0.30 637
0 15 0.30 638
0 15 0.30 639
0 15 0.30 640
0 15 0.30 641
0 15 0.30 642
0 15 0.30 643
0 15 0.30 644
0 15 0.30 645
0 15 0.30 646
0 15 0.30 647
0 15 0.30 648
0 15 0.30 649
0 15 0.30 650
0 15 0.30 651
0 15 0.30 652
0 15 0.30 653
0 15 0.30 654
0 15 0.30 655
0 15 0.30 656
0 15 0.30 657
0 15 0.30 658
0 15 0.30 659
0 15 0.30 660
0 15 0.30 661
0 15 0.30 662
0 15 0.30 663
0 15 0.30 664
0 15 0.30 665
0 15 0.30 666
0 15 0.30 667
0 15 0.30 668
0 15 0.30 669
0 15 0.30 670
0 15 0.30 671
0 15 0.30 672
0 15 0.30 673
0 15 0.30 674
0 15 0.30 675
0 15 0.30 676
0 15 0.30 677
0 15 0.30 678
0 15 0.30 679
0 15 0.30 680
0 15 0.30 681
0 15 0.30 682
0 15 0.30 683
0 15 0.30 684
0 15 0.30 685
0 15 0.30 686
0 15 0.30 687
0 15 0.30 688
0 15 0.30 689
0 15 0.30 690
0 15 0.30 691
0 15 0.30 692
0 15 0.30 693
0 15 0.30 694
0 15 0.30 695
0 15 0.30 696
0 15 0.30 697
0 15 0.30 698
0 15 0.30 699
0 15 0.30 700
0 15 0.30 701
0 15 0.30 702
0 15 0.30 703
0 15 0.30 704
0 15 0.30 705
0 15 0.30 706
0 15 0.30 707
0 15 0.30 708
0 15 0.30 709
0 15 0.30 710
0 15 0.30 711
0 15 0.30 712
0 15 0.30 713
0 15 0.30 714
0 15 0.30 715
0 15 0.30 716
0 15 0.30 717
0 15 0.30 718
0 15 0.30 719
0 15 0.30 720
0 15 0.30 721
0 15 0.30 722
0 15 0.30 723
0 15 0.30 724
0 15 0.30 725
0 15 0.30 726
0 15 0.30 727
0 15 0.30 728
0 15 0.30 729
0 15 0.30 730
0 15 0.30 731
0 15 0.30 732
0 15 0.30 733
0 15 0.30 734
0 15 0.30 735
0 15 0.30 736
0 15 0.30 737
0 15 0.30 738
0 15 0.29 739
0 15 0.29 740
0 15 0.29 741
0 15 0.29 742
0 15 0.29 743
0 15 0.29 744
0 15 0.29 745
0 15 0.29 746
0 15 0.29 747
0 15 0.29 748
0 15 0.29 749
0 15 0.29 750
0 15 0.29 751
0 15 0.29 752
0 15 0.29 753
0 15 0.29 754
0 15 0.29 755
0 15 0.29 756
0 15 0.29 757
0 15 0.29 758
0 15 0.29 759
0 15 0.29 760
0 15 0.29 761
0 15 0.29 762
0 15 0.29 763
0 15 0.29 764
0 15 0.29 765
0 15 0.29 766
0 15 0.29 767
0 15 0.29 768
0 15 0.29 769
0 15 0.29 770
0 15 0.29 771
0 15 0.29 772
0 15 0.29 773
0 15 0.29 774
0 15 0.29 775
0 15 0.29 776
0 15 0.29 777
0 15 0.29 778
0 15 0.29 779
0 15 0.29 780
0 15 0.29 781
0 15 0.29 782
0 15 0.29 783
0 15 0.29 784
0 15 0.29 785
0 15 0.29 786
0 15 0.29 787
0 15 0.29 788
0 15 0.29 789
0 15 0.29 790
0 15 0.29 791
0 15 0.29 792
0 15 0.29 793
0 15 0.29 794
0 15 0.29 795
0 15 0.29 796
0 15 0.29 797
0 15 0.29 798
0 15 0.29 799
0 15 0.29 800
0 15 0.29 801
0 15 0.29 802
0 15 0.29 803
0 15 0.29 804
0 15 0.29 805
0 15 0.29 806
0 15 0.29 807
0 15 0.29 808
0 15 0.29 809
0 15 0.29 810
0 15 0.29 811
0 15 0.29 812
0 15 0.29 813
0 15 0.29 814
0 15 0.29 815
0 15 0.29 816
0 15 0.29 817
0 15 0.29 818
0 15 0.29 819
0 15 0.29 820
0 15 0.29 821
0 15 0.28 822
0 15 0.28 823
0 15 0.29 824
0 15 0.28 825
0 15 0.28 826
0 15 0.29 827
0 15 0.29 828
0 15 0.28 829
0 15 0.28 830
0 15 0.29 831
0 15 0.28 832
0 15 0.28 833
0 15 0.29 834
0 15 0.29 835
0 15 0.28 836
0 15 0.28 837
0 15 0.28 838
0 15 0.28 839
0 15 0.28 840
0 15 0.28 841
0 15 0.28 842
0 15 0.28 843
0 15 0.28 844
0 15 0.28 845
0 15 0.28 846
0 15 0.28 847
0 15 0.28 848
0 15 0.28 849
0 15 0.28 850
0 15 0.28 851
0 15 0.28 852
0 15 0.28 853
0 15 0.28 854
0 15 0.28 855
0 15 0.28 856
0 15 0.28 857
0 15 0.28 858
0 15 0.28 859
0 15 0.28 860
0 15 0.28 861
0 15 0.28 862
0 15 0.28 863
0 15 0.28 864
0 15 0.28 865
0 15 0.28 866
0 15 0.28 867
0 15 0.28 868
0 15 0.28 869
0 15 0.28 870
0 15 0.28 871
0 15 0.28 872
0 15 0.28 873
0 15 0.28 874
0 15 0.28 875
0 15 0.28 876
0 15 0.28 877
0 15 0.28 878
0 15 0.28 879
0 15 0.28 880
0 15 0.28 881
0 15 0.28 882
0 15 0.28 883
0 15 0.28 884
0 15 0.28 885
0 15 0.29 886
0 15 0.29 887
0 15 0.28 888
0 15 0.29 889
0 15 0.29 890
0 15 0.29 891
0 15 0.29 892
0 15 0.29 893
0 15 0.29 894
0 15 0.28 895
0 15 0.29 896
0 15 0.29 897
0 15 0.29 898
0 15 0.29 899
0 15 0.29 900
0 15 0.29 901
0 15 0.29 902
0 15 0.29 903
0 15 0.29 904
0 15 0.29 905
0 15 0.29 906
0 15 0.29 907
0 15 0.29 908
0 15 0.29 909
0 15 0.29 910
0 15 0.29 911
0 15 0.29 912
0 15 0.29 913
0 15 0.29 914
0 15 0.29 915
0 15 0.29 916
0 15 0.29 917
0 15 0.29 918
0 15 0.29 919
0 15 0.29 920