0 0 0.00 1
0 1 0.50 2
0 1 0.67 3
0 1 0.50 4
0 1 0.60 5
0 1 0.50 6
0 1 0.57 7
0 1 0.62 8
0 1 0.56 9
0 1 0.50 10
0 1 0.55 11
0 1 0.50 12
0 1 0.54 13
0 1 0.57 14
0 1 0.53 15
0 1 0.50 16
0 1 0.47 17
0 1 0.44 18
0 1 0.42 19
0 1 0.40 20
0 1 0.38 21
0 1 0.36 22
0 1 0.39 23
0 1 0.38 24
0 1 0.36 25
0 1 0.38 26
0 1 0.37 27
0 1 0.36 28
0 1 0.34 29
0 1 0.33 30
0 1 0.32 31
0 1 0.31 32
0 1 0.30 33
0 1 0.29 34
0 2 0.34 35
0 2 0.33 36
0 2 0.32 37
0 2 0.32 38
0 2 0.33 39
0 2 0.33 40
0 2 0.32 41
0 2 0.31 42
0 2 0.30 43
0 2 0.30 44
0 2 0.31 45
0 2 0.30 46
0 2 0.30 47
0 2 0.31 48
0 2 0.31 49
0 2 0.32 50
0 2 0.31 51
0 2 0.31 52
0 2 0.30 53
0 2 0.30 54
0 2 0.29 55
0 2 0.30 56
0 2 0.30 57
0 2 0.29 58
0 2 0.29 59
0 2 0.30 60
0 2 0.30 61
0 2 0.29 62
0 2 0.30 63
0 2 0.30 64
0 2 0.31 65
0 2 0.30 66
0 2 0.30 67
0 2 0.31 68
0 2 0.30 69
0 2 0.31 70
0 2 0.31 71
0 2 0.31 72
0 2 0.30 73
0 2 0.30 74
0 2 0.29 75
0 2 0.29 76
0 2 0.30 77
0 2 0.29 78
0 2 0.29 79
0 2 0.29 80
0 2 0.30 81
0 2 0.29 82
0 2 0.29 83
0 2 0.30 84
0 2 0.31 85
0 2 0.30 86
0 2 0.30 87
0 2 0.31 88
0 2 0.30 89
0 2 0.30 90
0 2 0.32 91
0 2 0.32 92
0 2 0.31 93
0 2 0.32 94
0 2 0.32 95
0 2 0.32 96
0 2 0.32 97
0 2 0.33 98
0 2 0.32 99
0 2 0.33 100
0 2 0.33 101
0 2 0.32 102
0 2 0.32 103
0 2 0.33 104
0 2 0.32 105
0 2 0.32 106
0 2 0.33 107
0 2 0.32 108
0 2 0.32 109
0 2 0.32 110
0 2 0.32 111
0 2 0.32 112
0 2 0.33 113
0 2 0.32 114
0 2 0.32 115
0 2 0.32 116
0 2 0.32 117
0 2 0.31 118
0 2 0.31 119
0 2 0.32 120
0 2 0.31 121
0 2 0.31 122
0 2 0.31 123
0 2 0.31 124
0 2 0.30 125
0 2 0.31 126
0 2 0.31 127
0 2 0.31 128
0 2 0.31 129
0 2 0.31 130
0 2 0.31 131
0 2 0.30 132
0 2 0.30 133
0 2 0.30 134
0 2 0.30 135
0 2 0.30 136
0 2 0.30 137
0 2 0.30 138
0 2 0.30 139
0 2 0.30 140
0 2 0.30 141
0 2 0.30 142
0 2 0.31 143
0 2 0.31 144
0 2 0.30 145
0 2 0.31 146
0 2 0.31 147
0 2 0.30 148
0 2 0.31 149
0 2 0.31 150
0 2 0.30 151
0 2 0.31 152
0 2 0.31 153
0 2 0.31 154
0 2 0.30 155
0 2 0.30 156
0 2 0.30 157
0 2 0.30 158
0 2 0.30 159
0 2 0.30 160
0 2 0.30 161
0 2 0.30 162
0 2 0.30 163
0 2 0.30 164
0 2 0.30 165
0 2 0.30 166
0 2 0.30 167
0 2 0.30 168
0 2 0.31 169
0 2 0.31 170
0 2 0.30 171
0 2 0.31 172
0 2 0.31 173
0 2 0.30 174
0 2 0.30 175
0 2 0.30 176
0 2 0.31 177
0 2 0.30 178
0 2 0.30 179
0 2 0.30 180
0 2 0.30 181
0 2 0.30 182
0 2 0.31 183
0 2 0.30 184
0 2 0.31 185
0 2 0.31 186
0 2 0.30 187
0 2 0.30 188
0 2 0.30 189
0 2 0.31 190
0 2 0.30 191
0 2 0.30 192
0 2 0.30 193
0 2 0.30 194
0 2 0.30 195
0 2 0.31 196
0 2 0.30 197
0 2 0.31 198
0 2 0.31 199
0 2 0.31 200
0 2 0.31 201
0 2 0.31 202
0 2 0.31 203
0 2 0.31 204
0 2 0.31 205
0 2 0.31 206
0 2 0.31 207
0 2 0.31 208
0 2 0.31 209
0 2 0.31 210
0 2 0.31 211
0 2 0.31 212
0 2 0.31 213
0 2 0.31 214
0 2 0.31 215
0 2 0.31 216
0 2 0.31 217
0 2 0.31 218
0 2 0.31 219
0 2 0.31 220
0 2 0.31 221
0 2 0.31 222
0 2 0.30 223
0 2 0.31 224
0 2 0.31 225
0 2 0.31 226
0 2 0.30 227
0 2 0.31 228
0 2 0.31 229
0 2 0.30 230
0 2 0.30 231
0 2 0.30 232
0 2 0.30 233
0 2 0.30 234
0 2 0.30 235
0 2 0.30 236
0 2 0.30 237
0 2 0.30 238
0 2 0.30 239
0 2 0.30 240
0 2 0.30 241
0 2 0.30 242
0 2 0.30 243
0 2 0.30 244
0 2 0.30 245
0 2 0.30 246
0 2 0.30 247
0 2 0.30 248
0 2 0.30 249
0 2 0.30 250
0 2 0.30 251
0 2 0.30 252
0 2 0.30 253
0 2 0.30 254
0 2 0.30 255
0 2 0.30 256
0 2 0.30 257
0 2 0.30 258
0 2 0.30 259
0 2 0.30 260
0 2 0.30 261
0 2 0.29 262
0 2 0.30 263
0 2 0.30 264
0 2 0.30 265
0 2 0.30 266
0 2 0.30 267
0 2 0.29 268
0 2 0.30 269
0 2 0.30 270
0 2 0.30 271
0 2 0.30 272
0 2 0.30 273
0 2 0.30 274
0 2 0.30 275
0 2 0.30 276
0 2 0.30 277
0 2 0.30 278
0 2 0.30 279
0 2 0.30 280
0 2 0.30 281
0 2 0.30 282
0 2 0.30 283
0 2 0.30 284
0 2 0.30 285
0 2 0.31 286
0 2 0.31 287
0 2 0.31 288
0 2 0.30 289
0 2 0.30 290
0 2 0.30 291
0 2 0.30 292
0 2 0.30 293
0 2 0.30 294
0 2 0.30 295
0 2 0.30 296
0 2 0.30 297
0 2 0.30 298
0 2 0.30 299
0 2 0.30 300
0 2 0.30 301
0 2 0.30 302
0 2 0.30 303
0 2 0.30 304
0 2 0.30 305
0 2 0.30 306
0 2 0.30 307
0 2 0.30 308
0 2 0.30 309
0 2 0.30 310
0 2 0.30 311
0 2 0.30 312
0 2 0.30 313
0 2 0.30 314
0 2 0.30 315
0 2 0.30 316
0 2 0.30 317
0 2 0.30 318
0 2 0.30 319
0 2 0.30 320
0 2 0.31 321
0 2 0.30 322
0 2 0.30 323
0 2 0.30 324
0 2 0.30 325
0 2 0.30 326
0 2 0.30 327
0 2 0.30 328
0 2 0.31 329
0 2 0.31 330
0 2 0.31 331
0 2 0.30 332
0 2 0.30 333
0 2 0.30 334
0 2 0.30 335
0 2 0.30 336
0 2 0.30 337
0 2 0.30 338
0 2 0.30 339
0 2 0.30 340
0 2 0.30 341
0 2 0.30 342
0 2 0.31 343
0 2 0.31 344
0 2 0.30 345
0 2 0.30 346
0 2 0.30 347
0 2 0.30 348
0 2 0.30 349
0 2 0.30 350
0 2 0.30 351
0 2 0.30 352
0 2 0.30 353
0 2 0.31 354
0 2 0.31 355
0 2 0.31 356
0 2 0.31 357
0 2 0.31 358
0 2 0.31 359
0 2 0.31 360
0 2 0.31 361
0 2 0.31 362
0 2 0.31 363
0 2 0.31 364
0 2 0.31 365
0 2 0.31 366
0 2 0.31 367
0 2 0.31 368
0 2 0.31 369
0 2 0.31 370
0 2 0.31 371
0 2 0.31 372
0 2 0.31 373
0 2 0.31 374
0 2 0.31 375
0 2 0.31 376
0 2 0.31 377
0 2 0.31 378
0 2 0.31 379
0 2 0.31 380
0 2 0.31 381
0 2 0.31 382
0 2 0.31 383
0 2 0.31 384
0 2 0.31 385
0 2 0.31 386
0 2 0.31 387
0 2 0.31 388
0 2 0.31 389
0 2 0.31 390
0 2 0.31 391
0 2 0.31 392
0 2 0.31 393
0 2 0.31 394
0 2 0.31 395
0 2 0.31 396
0 2 0.31 397
0 2 0.31 398
0 2 0.31 399
0 2 0.31 400
0 2 0.31 401
0 2 0.31 402
0 2 0.31 403
0 2 0.31 404
0 2 0.31 405
0 2 0.31 406
0 2 0.31 407
0 2 0.31 408
0 2 0.31 409
0 2 0.31 410
0 2 0.31 411
0 2 0.31 412
0 2 0.31 413
0 2 0.31 414
0 2 0.31 415
0 2 0.31 416
0 2 0.31 417
0 2 0.31 418
0 2 0.31 419
0 2 0.31 420
0 2 0.31 421
0 2 0.31 422
0 2 0.31 423
0 2 0.31 424
0 2 0.31 425
0 2 0.31 426
0 2 0.31 427
0 2 0.31 428
0 2 0.31 429
0 2 0.31 430
0 2 0.31 431
0 2 0.31 432
0 2 0.31 433
0 2 0.31 434
0 2 0.31 435
0 2 0.31 436
0 2 0.31 437
0 2 0.31 438
0 2 0.31 439
0 2 0.31 440
0 2 0.31 441
0 2 0.31 442
0 2 0.31 443
0 2 0.31 444
0 2 0.31 445
0 2 0.31 446
0 2 0.31 447
0 2 0.31 448
0 2 0.31 449
0 2 0.31 450
0 2 0.31 451
0 2 0.31 452
0 2 0.31 453
0 2 0.31 454
0 2 0.31 455
0 2 0.31 456
0 2 0.31 457
0 2 0.31 458
0 2 0.31 459
0 2 0.31 460
0 2 0.31 461
0 2 0.31 462
0 2 0.31 463
0 2 0.31 464
0 2 0.31 465
0 2 0.31 466
0 2 0.31 467
0 2 0.31 468
0 2 0.31 469
0 2 0.31 470
0 2 0.31 471
0 2 0.32 472
0 2 0.32 473
0 2 0.31 474
0 2 0.31 475
0 2 0.31 476
0 2 0.31 477
0 2 0.31 478
0 2 0.31 479
0 2 0.31 480
0 2 0.31 481
0 2 0.31 482
0 2 0.31 483
0 2 0.31 484
0 2 0.31 485
0 2 0.31 486
0 2 0.31 487
0 2 0.31 488
0 2 0.31 489
0 2 0.31 490
0 2 0.31 491
0 2 0.31 492
0 2 0.31 493
0 2 0.31 494
0 2 0.31 495
0 2 0.31 496
0 2 0.31 497
0 2 0.31 498
0 2 0.31 499
0 2 0.31 500
0 2 0.31 501
0 2 0.31 502
0 2 0.31 503
0 2 0.31 504
0 2 0.31 505
0 2 0.31 506
0 2 0.31 507
0 2 0.31 508
0 2 0.30 509
0 2 0.30 510
0 2 0.31 511
0 2 0.30 512
0 2 0.30 513
0 2 0.31 514
0 2 0.30 515
0 2 0.30 516
0 2 0.30 517
0 2 0.31 518
0 2 0.30 519
0 2 0.30 520
0 2 0.31 521
0 2 0.30 522
0 2 0.30 523
0 2 0.31 524
0 2 0.30 525
0 2 0.30 526
0 2 0.30 527
0 2 0.30 528
0 2 0.30 529
0 2 0.30 530
0 2 0.31 531
0 2 0.30 532
0 2 0.31 533
0 2 0.31 534
0 2 0.30 535
0 2 0.31 536
0 2 0.31 537
0 2 0.31 538
0 2 0.31 539
0 2 0.31 540
0 2 0.31 541
0 2 0.31 542
0 2 0.31 543
0 2 0.31 544
0 2 0.31 545
0 2 0.31 546
0 2 0.31 547
0 2 0.31 548
0 2 0.31 549
0 2 0.31 550
0 2 0.31 551
0 2 0.31 552
0 2 0.31 553
0 2 0.31 554
0 2 0.31 555
0 2 0.31 556
0 2 0.31 557
0 2 0.31 558
0 2 0.31 559
0 2 0.31 560
0 2 0.31 561
0 2 0.31 562
0 2 0.31 563
0 2 0.31 564
0 2 0.31 565
0 2 0.31 566
0 2 0.31 567
0 2 0.31 568
0 2 0.31 569
0 2 0.31 570
0 2 0.31 571
0 2 0.31 572
0 2 0.31 573
0 2 0.31 574
0 2 0.31 575
0 2 0.31 576
0 2 0.31 577
0 2 0.31 578
0 2 0.31 579
0 2 0.31 580
0 2 0.31 581
0 2 0.31 582
0 2 0.31 583
0 2 0.31 584
0 2 0.31 585
0 2 0.31 586
0 2 0.31 587
0 2 0.31 588
0 2 0.31 589
0 2 0.31 590
0 2 0.31 591
0 2 0.31 592
0 2 0.31 593
0 2 0.31 594
0 2 0.31 595
0 2 0.31 596
0 2 0.31 597
0 2 0.31 598
0 2 0.31 599
0 2 0.31 600
0 2 0.31 601
0 2 0.31 602
0 2 0.31 603
0 2 0.31 604
0 2 0.31 605
0 2 0.31 606
0 2 0.31 607
0 2 0.31 608
0 2 0.31 609
0 2 0.31 610
0 2 0.31 611
0 2 0.31 612
0 2 0.31 613
0 2 0.31 614
0 2 0.31 615
0 2 0.31 616
0 2 0.31 617
0 2 0.31 618
0 2 0.31 619
0 2 0.31 620
0 2 0.31 621
0 2 0.31 622
0 2 0.31 623
0 2 0.31 624
0 2 0.31 625
0 2 0.31 626
0 2 0.31 627
0 2 0.31 628
0 2 0.31 629
0 2 0.31 630
0 2 0.31 631
0 2 0.31 632
0 2 0.31 633
0 2 0.31 634
0 2 0.31 635
0 2 0.31 636
0 2 0.30 637
0 2 0.31 638
0 2 0.31 639
0 2 0.30 640
0 2 0.30 641
0 2 0.31 642
0 2 0.31 643
0 2 0.31 644
0 2 0.31 645
0 2 0.31 646
0 2 0.31 647
0 2 0.31 648
0 2 0.31 649
0 2 0.31 650
0 2 0.31 651
0 2 0.31 652
0 2 0.31 653
0 2 0.31 654
0 2 0.31 655
0 2 0.31 656
0 2 0.31 657
0 2 0.31 658
0 2 0.31 659
0 2 0.31 660
0 2 0.31 661
0 2 0.31 662
0 2 0.31 663
0 2 0.31 664
0 2 0.31 665
0 2 0.31 666
0 2 0.31 667
0 2 0.31 668
0 2 0.31 669
0 2 0.31 670
0 2 0.31 671
0 2 0.31 672
0 2 0.31 673
0 2 0.31 674
0 2 0.31 675
0 2 0.31 676
0 2 0.31 677
0 2 0.31 678
0 2 0.31 679
0 2 0.31 680
0 2 0.31 681
0 2 0.31 682
0 2 0.31 683
0 2 0.31 684
0 2 0.31 685
0 2 0.31 686
0 2 0.31 687
0 2 0.31 688
0 2 0.31 689
0 2 0.31 690
0 2 0.31 691
0 2 0.31 692
0 2 0.31 693
0 2 0.31 694
0 2 0.31 695
0 2 0.31 696
0 2 0.31 697
0 2 0.31 698
0 2 0.31 699
0 2 0.31 700
0 2 0.31 701
0 2 0.31 702
0 2 0.31 703
0 2 0.32 704
0 2 0.31 705
0 2 0.31 706
0 2 0.32 707
0 2 0.31 708
0 2 0.32 709
0 2 0.32 710
0 2 0.32 711
0 2 0.32 712
0 2 0.32 713
0 2 0.32 714
0 2 0.32 715
0 2 0.32 716
0 2 0.32 717
0 2 0.32 718
0 2 0.32 719
0 2 0.32 720
0 2 0.32 721
0 2 0.32 722
0 2 0.32 723
0 2 0.32 724
0 2 0.32 725
0 2 0.32 726
0 2 0.32 727
0 2 0.32 728
0 2 0.32 729
0 2 0.32 730
0 2 0.32 731
0 2 0.32 732
0 2 0.32 733
0 2 0.32 734
0 2 0.32 735
0 2 0.32 736
0 2 0.32 737
0 2 0.32 738
0 2 0.32 739
0 2 0.32 740
0 2 0.32 741
0 2 0.32 742
0 2 0.32 743
0 2 0.32 744
0 2 0.32 745
0 2 0.32 746
0 2 0.32 747
0 2 0.32 748
0 2 0.32 749
0 2 0.32 750
0 2 0.32 751
0 2 0.32 752
0 2 0.32 753
0 2 0.32 754
0 2 0.32 755
0 2 0.32 756
0 2 0.32 757
0 2 0.32 758
0 2 0.32 759
0 2 0.32 760
0 2 0.32 761
0 2 0.32 762
0 2 0.32 763
0 2 0.32 764
0 2 0.32 765
0 2 0.32 766
0 2 0.32 767
0 2 0.32 768
0 2 0.33 769
0 2 0.32 770
0 2 0.32 771
0 2 0.32 772
0 2 0.33 773
0 2 0.33 774
0 2 0.33 775
0 2 0.33 776
0 2 0.33 777
0 2 0.33 778
0 2 0.33 779
0 2 0.33 780
0 2 0.33 781
0 2 0.32 782
0 2 0.32 783
0 2 0.32 784
0 2 0.32 785
0 2 0.32 786
0 2 0.32 787
0 2 0.32 788
0 2 0.32 789
0 2 0.32 790
0 2 0.32 791
0 2 0.32 792
0 2 0.32 793
0 2 0.32 794
0 2 0.32 795
0 2 0.32 796
0 2 0.32 797
0 2 0.32 798
0 2 0.32 799
0 2 0.33 800
0 2 0.32 801
0 2 0.32 802
0 2 0.32 803
0 2 0.32 804
0 2 0.32 805
0 2 0.32 806
0 2 0.32 807
0 2 0.32 808
0 2 0.32 809
0 2 0.32 810
0 2 0.32 811
0 2 0.32 812
0 2 0.32 813
0 2 0.32 814
0 2 0.32 815
0 2 0.32 816
0 2 0.32 817
0 2 0.32 818
0 2 0.32 819
0 2 0.32 820
0 2 0.32 821
0 2 0.32 822
0 2 0.32 823
0 2 0.32 824
0 2 0.32 825
0 2 0.32 826
0 2 0.32 827
0 2 0.32 828
0 2 0.32 829
0 2 0.32 830
0 2 0.32 831
0 2 0.32 832
0 2 0.32 833
0 2 0.32 834
0 2 0.32 835
0 2 0.32 836
0 2 0.32 837
0 2 0.33 838
0 2 0.33 839
0 2 0.33 840
0 2 0.32 841
0 2 0.32 842
0 2 0.32 843
0 2 0.32 844
0 2 0.32 845
0 2 0.32 846
0 2 0.32 847
0 2 0.32 848
0 2 0.32 849
0 2 0.32 850
0 2 0.32 851
0 2 0.32 852
0 2 0.32 853
0 2 0.32 854
0 2 0.32 855
0 2 0.32 856
0 2 0.32 857
0 2 0.32 858
0 2 0.32 859
0 2 0.32 860
0 2 0.32 861
0 2 0.32 862
0 2 0.32 863
0 2 0.32 864
0 2 0.32 865
0 2 0.32 866
0 2 0.32 867
0 2 0.32 868
0 2 0.32 869
0 2 0.32 870
0 2 0.32 871
0 2 0.32 872
0 2 0.32 873
0 2 0.32 874
0 2 0.32 875
0 2 0.32 876
0 2 0.32 877
0 2 0.32 878
0 2 0.32 879
0 2 0.32 880
0 2 0.32 881
0 2 0.32 882
0 2 0.32 883
0 2 0.32 884
0 2 0.32 885
0 2 0.32 886
0 2 0.32 887
0 2 0.32 888
0 2 0.32 889
0 2 0.32 890
0 2 0.32 891
0 2 0.32 892
0 2 0.32 893
0 2 0.32 894
0 2 0.32 895
0 2 0.32 896
0 2 0.32 897
0 2 0.32 898
0 2 0.32 899
0 2 0.32 900
0 2 0.33 901
0 2 0.33 902
0 2 0.33 903
0 2 0.33 904
0 2 0.33 905
0 2 0.33 906
0 2 0.33 907
0 2 0.33 908
0 2 0.33 909
0 2 0.33 910
0 2 0.32 911
0 2 0.32 912
0 2 0.32 913
0 2 0.32 914
0 2 0.32 915
0 2 0.33 916
0 2 0.33 917
0 2 0.33 918
0 2 0.33 919
0 2 0.33 920
0 2 0.33 921
0 2 0.33 922
0 2 0.33 923
0 2 0.33 924
0 2 0.33 925
0 2 0.33 926
0 2 0.33 927
0 2 0.33 928
0 2 0.33 929
0 2 0.33 930
0 2 0.33 931
0 2 0.33 932
0 2 0.33 933
0 2 0.33 934
0 2 0.33 935
0 2 0.33 936
0 2 0.33 937
0 2 0.33 938
0 2 0.33 939
0 2 0.33 940
0 2 0.33 941
0 2 0.33 942
0 2 0.33 943
0 2 0.33 944
0 2 0.33 945
0 2 0.33 946
0 2 0.33 947
0 2 0.33 948
0 2 0.33 949
0 2 0.33 950
0 2 0.33 951
0 2 0.33 952
0 2 0.33 953
0 2 0.3