3 3 3.00 1
2 3 2.50 2
2 3 2.33 3
2 3 2.25 4
2 3 2.20 5
2 3 2.17 6
2 3 2.14 7
2 3 2.12 8
2 3 2.11 9
2 3 2.10 10
2 3 2.09 11
2 3 2.17 12
2 3 2.15 13
2 3 2.14 14
2 3 2.20 15
2 4 2.31 16
2 4 2.35 17
2 4 2.33 18
2 4 2.32 19
2 4 2.35 20
2 4 2.38 21
2 4 2.41 22
2 4 2.39 23
1 4 2.33 24
1 4 2.32 25
1 4 2.35 26
1 4 2.33 27
1 4 2.32 28
1 4 2.34 29
1 4 2.33 30
1 4 2.32 31
1 4 2.38 32
1 4 2.33 33
1 4 2.35 34
1 4 2.34 35
1 4 2.33 36
1 4 2.32 37
1 4 2.32 38
1 4 2.31 39
1 4 2.30 40
1 4 2.29 41
1 4 2.29 42
1 4 2.30 43
1 5 2.36 44
1 5 2.38 45
1 5 2.37 46
1 5 2.34 47
1 5 2.33 48
1 5 2.31 49
1 5 2.28 50
1 5 2.27 51
1 5 2.29 52
1 5 2.28 53
1 5 2.28 54
1 5 2.27 55
1 5 2.25 56
1 5 2.28 57
1 5 2.28 58
1 5 2.27 59
1 5 2.27 60
1 5 2.26 61
1 5 2.31 62
1 5 2.30 63
1 5 2.30 64
1 5 2.28 65
1 5 2.27 66
1 5 2.27 67
1 5 2.26 68
1 5 2.26 69
1 5 2.26 70
1 5 2.25 71
1 5 2.25 72
1 5 2.25 73
1 5 2.24 74
1 5 2.24 75
1 5 2.24 76
1 5 2.23 77
1 5 2.24 78
1 5 2.23 79
1 5 2.23 80
1 5 2.22 81
1 5 2.23 82
1 5 2.24 83
1 5 2.24 84
1 5 2.24 85
1 5 2.23 86
1 5 2.23 87
1 5 2.24 88
1 5 2.24 89
1 5 2.23 90
1 5 2.23 91
1 5 2.22 92
1 5 2.22 93
1 5 2.20 94
1 5 2.20 95
1 5 2.20 96
1 5 2.20 97
1 5 2.19 98
1 5 2.19 99
1 5 2.19 100
1 5 2.19 101
1 5 2.19 102
1 5 2.18 103
1 5 2.18 104
1 5 2.17 105
1 5 2.17 106
1 5 2.17 107
1 5 2.17 108
1 5 2.17 109
1 5 2.16 110
1 5 2.16 111
1 5 2.16 112
1 5 2.16 113
1 5 2.15 114
1 5 2.17 115
1 5 2.16 116
1 5 2.15 117
1 5 2.16 118
1 5 2.15 119
1 5 2.15 120
1 5 2.15 121
1 5 2.15 122
1 5 2.15 123
1 5 2.15 124
1 5 2.15 125
1 5 2.15 126
1 5 2.15 127
1 5 2.15 128
1 5 2.15 129
1 5 2.15 130
1 5 2.14 131
1 5 2.16 132
1 5 2.16 133
1 5 2.16 134
1 5 2.15 135
1 5 2.16 136
1 5 2.16 137
1 5 2.17 138
1 5 2.17 139
1 5 2.16 140
1 5 2.16 141
1 5 2.16 142
1 5 2.16 143
1 5 2.16 144
1 5 2.17 145
1 5 2.16 146
1 5 2.16 147
1 5 2.16 148
1 5 2.16 149
1 5 2.17 150
1 5 2.17 151
1 5 2.16 152
1 5 2.16 153
1 5 2.16 154
1 5 2.17 155
1 5 2.16 156
1 5 2.17 157
1 5 2.17 158
1 5 2.17 159
1 5 2.17 160
1 5 2.18 161
1 5 2.19 162
1 5 2.18 163
1 5 2.18 164
1 5 2.18 165
1 5 2.18 166
1 5 2.19 167
1 5 2.18 168
1 5 2.18 169
1 5 2.19 170
1 5 2.19 171
1 5 2.19 172
1 5 2.19 173
1 5 2.19 174
1 5 2.19 175
1 5 2.19 176
1 5 2.19 177
1 5 2.19 178
1 5 2.19 179
1 5 2.19 180
1 5 2.19 181
1 5 2.19 182
1 5 2.19 183
1 5 2.18 184
1 5 2.18 185
1 5 2.19 186
1 5 2.18 187
1 5 2.18 188
1 5 2.18 189
1 5 2.19 190
1 5 2.19 191
1 5 2.19 192
1 5 2.19 193
1 5 2.20 194
1 5 2.20 195
1 5 2.20 196
1 5 2.20 197
1 5 2.20 198
1 5 2.21 199
1 5 2.21 200
1 5 2.22 201
1 5 2.22 202
1 5 2.23 203
1 5 2.23 204
1 5 2.22 205
1 5 2.22 206
1 5 2.22 207
1 5 2.22 208
1 5 2.22 209
1 5 2.22 210
1 5 2.22 211
1 5 2.23 212
1 5 2.23 213
1 5 2.23 214
1 5 2.23 215
1 5 2.24 216
1 5 2.24 217
1 5 2.23 218
1 5 2.23 219
1 5 2.24 220
1 5 2.24 221
1 5 2.24 222
1 5 2.24 223
1 5 2.24 224
1 5 2.24 225
1 5 2.24 226
1 5 2.24 227
1 5 2.23 228
1 5 2.23 229
1 5 2.23 230
1 5 2.23 231
1 5 2.23 232
1 5 2.23 233
1 5 2.23 234
1 5 2.22 235
1 5 2.22 236
1 5 2.22 237
1 5 2.22 238
1 5 2.22 239
1 5 2.22 240
1 5 2.22 241
1 5 2.22 242
1 5 2.21 243
1 5 2.21 244
1 5 2.20 245
1 5 2.20 246
1 5 2.21 247
1 5 2.21 248
1 5 2.20 249
1 5 2.20 250
1 5 2.20 251
1 5 2.20 252
1 5 2.20 253
1 5 2.20 254
1 5 2.20 255
0 5 2.19 256
0 5 2.19 257
0 5 2.19 258
0 5 2.19 259
0 5 2.19 260
0 5 2.19 261
0 5 2.19 262
0 5 2.19 263
0 5 2.19 264
0 5 2.19 265
0 5 2.18 266
0 5 2.18 267
0 5 2.18 268
0 5 2.17 269
0 5 2.18 270
0 5 2.17 271
0 5 2.17 272
0 5 2.17 273
0 5 2.17 274
0 5 2.17 275
0 5 2.17 276
0 5 2.17 277
0 5 2.17 278
0 5 2.17 279
0 5 2.17 280
0 5 2.17 281
0 5 2.17 282
0 5 2.17 283
0 5 2.17 284
0 5 2.16 285
0 5 2.16 286
0 5 2.16 287
0 5 2.16 288
0 5 2.16 289
0 5 2.16 290
0 5 2.16 291
0 5 2.16 292
0 5 2.16 293
0 5 2.16 294
0 5 2.17 295
0 5 2.16 296
0 5 2.16 297
0 5 2.16 298
0 5 2.16 299
0 5 2.16 300
0 5 2.16 301
0 5 2.17 302
0 5 2.17 303
0 5 2.17 304
0 5 2.17 305
0 5 2.17 306
0 5 2.17 307
0 5 2.17 308
0 5 2.17 309
0 5 2.17 310
0 5 2.16 311
0 29 2.25 312
0 29 2.25 313
0 29 2.25 314
0 29 2.25 315
0 29 2.25 316
0 29 2.26 317
0 29 2.25 318
0 29 2.26 319
0 29 2.26 320
0 29 2.26 321
0 29 2.26 322
0 29 2.26 323
0 29 2.26 324
0 29 2.26 325
0 29 2.26 326
0 29 2.26 327
0 29 2.25 328
0 29 2.26 329
0 29 2.25 330
0 29 2.25 331
0 29 2.25 332
0 29 2.25 333
0 29 2.25 334
0 29 2.24 335
0 29 2.24 336
0 29 2.24 337
0 29 2.24 338
0 29 2.24 339
0 29 2.24 340
0 29 2.24 341
0 29 2.24 342
0 29 2.24 343
0 29 2.24 344
0 29 2.24 345
0 29 2.24 346
0 29 2.24 347
0 29 2.24 348
0 29 2.24 349
0 29 2.24 350
0 29 2.24 351
0 29 2.24 352
0 29 2.24 353
0 29 2.24 354
0 29 2.24 355
0 29 2.24 356
0 29 2.24 357
0 29 2.24 358
0 29 2.24 359
0 29 2.24 360
0 29 2.24 361
0 29 2.24 362
0 29 2.24 363
0 29 2.24 364
0 29 2.24 365
0 29 2.24 366
0 29 2.24 367
0 29 2.24 368
0 29 2.24 369
0 29 2.24 370
0 29 2.24 371
0 29 2.24 372
0 29 2.24 373
0 29 2.24 374
0 29 2.23 375
0 29 2.23 376
0 29 2.23 377
0 29 2.23 378
0 29 2.23 379
0 29 2.23 380
0 29 2.23 381
0 29 2.23 382
0 29 2.23 383
0 29 2.23 384
0 29 2.23 385
0 29 2.23 386
0 29 2.23 387
0 29 2.23 388
0 29 2.23 389
0 29 2.23 390
0 29 2.23 391
0 29 2.23 392
0 29 2.22 393
0 29 2.22 394
0 29 2.22 395
0 29 2.22 396
0 29 2.22 397
0 29 2.22 398
0 29 2.22 399
0 29 2.22 400
0 29 2.22 401
0 29 2.22 402
0 29 2.22 403
0 29 2.22 404
0 29 2.22 405
0 29 2.22 406
0 29 2.21 407
0 29 2.22 408
0 29 2.22 409
0 29 2.22 410
0 29 2.22 411
0 29 2.22 412
0 29 2.22 413
0 29 2.21 414
0 29 2.22 415
0 29 2.22 416
0 29 2.21 417
0 29 2.22 418
0 29 2.21 419
0 29 2.21 420
0 29 2.21 421
0 29 2.21 422
0 29 2.22 423
0 29 2.21 424
0 29 2.21 425
0 29 2.21 426
0 29 2.21 427
0 29 2.21 428
0 29 2.21 429
0 29 2.20 430
0 29 2.20 431
0 29 2.20 432
0 29 2.20 433
0 29 2.20 434
0 29 2.21 435
0 29 2.21 436
0 29 2.21 437
0 29 2.21 438
0 29 2.21 439
0 29 2.21 440
0 29 2.21 441
0 29 2.21 442
0 29 2.20 443
0 29 2.20 444
0 29 2.20 445
0 29 2.20 446
0 29 2.20 447
0 29 2.20 448
0 29 2.20 449
0 29 2.20 450
0 29 2.20 451
0 29 2.19 452
0 29 2.19 453
0 29 2.20 454
0 29 2.20 455
0 29 2.20 456
0 29 2.19 457
0 29 2.19 458
0 29 2.20 459
0 29 2.20 460
0 29 2.20 461
0 29 2.19 462
0 29 2.19 463
0 29 2.19 464
0 29 2.19 465
0 29 2.19 466
0 29 2.19 467
0 29 2.19 468
0 29 2.19 469
0 29 2.19 470
0 29 2.18 471
0 29 2.19 472
0 29 2.18 473
0 29 2.18 474
0 29 2.18 475
0 29 2.18 476
0 29 2.18 477
0 29 2.18 478
0 29 2.18 479
0 29 2.18 480
0 29 2.18 481
0 29 2.18 482
0 29 2.18 483
0 29 2.18 484
0 29 2.18 485
0 29 2.17 486
0 29 2.17 487
0 29 2.18 488
0 29 2.18 489
0 29 2.18 490
0 29 2.18 491
0 29 2.18 492
0 29 2.18 493
0 29 2.18 494
0 29 2.18 495
0 29 2.18 496
0 29 2.18 497
0 29 2.18 498
0 29 2.18 499
0 29 2.18 500
0 29 2.18 501
0 29 2.18 502
0 29 2.18 503
0 29 2.18 504
0 29 2.18 505
0 29 2.18 506
0 29 2.18 507
0 29 2.18 508
0 29 2.18 509
0 29 2.18 510
0 29 2.18 511
0 29 2.18 512
0 29 2.18 513
0 29 2.18 514
0 29 2.18 515
0 29 2.17 516
0 29 2.17 517
0 29 2.17 518
0 29 2.17 519
0 29 2.17 520
0 29 2.17 521
0 29 2.17 522
0 29 2.17 523
0 29 2.17 524
0 29 2.17 525
0 29 2.17 526
0 29 2.17 527
0 29 2.17 528
0 29 2.17 529
0 29 2.17 530
0 29 2.17 531
0 29 2.17 532
0 29 2.17 533
0 29 2.17 534
0 29 2.17 535
0 29 2.17 536
0 29 2.17 537
0 29 2.17 538
0 29 2.17 539
0 29 2.17 540
0 29 2.17 541
0 29 2.17 542
0 29 2.17 543
0 29 2.17 544
0 29 2.17 545
0 29 2.17 546
0 29 2.17 547
0 29 2.17 548
0 29 2.17 549
0 29 2.17 550
0 29 2.17 551
0 29 2.17 552
0 29 2.17 553
0 29 2.17 554
0 29 2.17 555
0 29 2.17 556
0 29 2.17 557
0 29 2.16 558
0 29 2.16 559
0 29 2.16 560
0 29 2.16 561
0 29 2.16 562
0 29 2.16 563
0 29 2.16 564
0 29 2.16 565
0 29 2.16 566
0 29 2.16 567
0 29 2.16 568
0 29 2.16 569
0 29 2.16 570
0 29 2.16 571
0 29 2.16 572
0 29 2.16 573
0 29 2.16 574
0 29 2.16 575
0 29 2.16 576
0 29 2.16 577
0 29 2.16 578
0 29 2.16 579
0 29 2.16 580
0 29 2.16 581
0 29 2.16 582
0 29 2.16 583
0 29 2.16 584
0 29 2.16 585
0 29 2.16 586
0 29 2.16 587
0 29 2.16 588
0 29 2.16 589
0 29 2.15 590
0 29 2.16 591
0 29 2.16 592
0 29 2.16 593
0 29 2.15 594
0 29 2.15 595
0 29 2.15 596
0 29 2.15 597
0 29 2.15 598
0 29 2.16 599
0 29 2.16 600
0 29 2.16 601
0 29 2.15 602
0 29 2.16 603
0 29 2.16 604
0 29 2.16 605
0 29 2.16 606
0 29 2.15 607
0 29 2.15 608
0 29 2.15 609
0 29 2.16 610
0 29 2.16 611
0 29 2.16 612
0 29 2.15 613
0 29 2.15 614
0 29 2.15 615
0