4 4 4.00 1
1 4 2.50 2
1 4 2.67 3
1 4 2.75 4
1 4 2.80 5
1 4 2.83 6
1 4 2.71 7
1 4 2.75 8
1 5 3.00 9
1 5 2.80 10
1 5 2.64 11
1 5 2.58 12
1 5 2.62 13
1 5 2.57 14
1 5 2.60 15
1 5 2.62 16
1 5 2.59 17
1 5 2.56 18
1 5 2.53 19
1 5 2.50 20
1 5 2.48 21
1 5 2.50 22
1 5 2.43 23
1 5 2.46 24
1 5 2.44 25
1 5 2.42 26
1 5 2.37 27
1 5 2.36 28
1 5 2.34 29
1 5 2.33 30
1 5 2.32 31
1 5 2.31 32
1 5 2.33 33
1 5 2.32 34
1 5 2.31 35
1 5 2.36 36
1 5 2.35 37
1 5 2.34 38
1 5 2.36 39
1 5 2.38 40
1 5 2.39 41
1 5 2.38 42
1 5 2.40 43
1 5 2.39 44
1 5 2.38 45
1 5 2.37 46
1 5 2.38 47
1 5 2.38 48
1 5 2.35 49
1 5 2.34 50
1 5 2.35 51
1 5 2.33 52
1 5 2.34 53
1 5 2.31 54
1 5 2.33 55
1 5 2.32 56
1 5 2.32 57
1 5 2.31 58
1 5 2.32 59
1 5 2.32 60
1 6 2.38 61
1 6 2.39 62
1 6 2.38 63
1 6 2.39 64
1 6 2.40 65
1 6 2.41 66
1 6 2.42 67
1 6 2.41 68
1 6 2.45 69
1 6 2.44 70
1 6 2.44 71
1 6 2.44 72
1 6 2.45 73
1 6 2.45 74
1 6 2.44 75
1 6 2.45 76
1 6 2.44 77
1 6 2.44 78
1 6 2.43 79
1 6 2.42 80
1 6 2.42 81
1 6 2.43 82
1 6 2.42 83
1 6 2.42 84
1 6 2.41 85
1 6 2.41 86
1 6 2.40 87
1 6 2.41 88
1 6 2.40 89
1 6 2.40 90
1 6 2.40 91
1 6 2.41 92
1 6 2.41 93
1 6 2.41 94
1 6 2.41 95
1 6 2.42 96
1 6 2.41 97
1 6 2.41 98
1 6 2.40 99
1 6 2.40 100
1 6 2.41 101
1 6 2.40 102
1 6 2.40 103
1 6 2.40 104
1 6 2.41 105
1 6 2.41 106
1 6 2.41 107
1 6 2.40 108
1 6 2.39 109
1 6 2.39 110
1 6 2.38 111
1 6 2.37 112
1 6 2.37 113
1 6 2.37 114
1 6 2.37 115
1 6 2.36 116
1 6 2.37 117
1 6 2.38 118
1 6 2.38 119
1 6 2.38 120
1 6 2.39 121
1 6 2.39 122
1 6 2.40 123
1 6 2.40 124
1 6 2.40 125
1 6 2.40 126
1 6 2.39 127
1 6 2.38 128
1 6 2.40 129
1 6 2.39 130
1 6 2.39 131
1 6 2.39 132
1 6 2.38 133
1 6 2.39 134
1 6 2.39 135
1 6 2.38 136
1 6 2.38 137
1 6 2.40 138
1 6 2.40 139
1 6 2.39 140
1 6 2.39 141
1 6 2.39 142
1 6 2.39 143
1 6 2.39 144
1 6 2.39 145
1 6 2.39 146
1 6 2.39 147
1 6 2.39 148
1 6 2.40 149
1 6 2.39 150
1 6 2.39 151
1 6 2.39 152
1 6 2.39 153
1 6 2.39 154
1 6 2.39 155
1 6 2.40 156
1 6 2.39 157
1 6 2.39 158
1 6 2.39 159
1 6 2.39 160
1 6 2.39 161
1 6 2.38 162
1 6 2.38 163
1 6 2.38 164
1 6 2.38 165
1 6 2.37 166
1 6 2.38 167
1 6 2.37 168
1 6 2.37 169
1 6 2.37 170
1 6 2.37 171
1 6 2.38 172
1 6 2.38 173
1 6 2.37 174
1 6 2.38 175
1 6 2.38 176
1 6 2.38 177
1 6 2.38 178
1 6 2.37 179
1 6 2.37 180
1 6 2.37 181
1 6 2.37 182
1 6 2.37 183
1 6 2.36 184
1 6 2.37 185
1 6 2.37 186
1 6 2.36 187
1 6 2.38 188
1 6 2.39 189
1 6 2.39 190
1 6 2.39 191
1 6 2.39 192
1 6 2.39 193
1 6 2.40 194
1 6 2.39 195
1 6 2.39 196
1 6 2.39 197
1 6 2.39 198
1 6 2.38 199
1 6 2.38 200
1 6 2.38 201
1 6 2.39 202
1 6 2.38 203
1 6 2.38 204
1 6 2.38 205
1 6 2.38 206
0 6 2.37 207
0 6 2.38 208
0 6 2.38 209
0 6 2.38 210
0 6 2.38 211
0 6 2.38 212
0 6 2.38 213
0 6 2.39 214
0 6 2.39 215
0 6 2.38 216
0 6 2.38 217
0 6 2.39 218
0 6 2.38 219
0 6 2.38 220
0 6 2.38 221
0 6 2.38 222
0 6 2.39 223
0 6 2.38 224
0 6 2.38 225
0 6 2.38 226
0 6 2.37 227
0 6 2.37 228
0 6 2.36 229
0 6 2.37 230
0 6 2.37 231
0 6 2.37 232
0 6 2.36 233
0 6 2.36 234
0 6 2.36 235
0 6 2.36 236
0 6 2.36 237
0 6 2.36 238
0 6 2.36 239
0 6 2.36 240
0 6 2.36 241
0 6 2.36 242
0 6 2.36 243
0 6 2.36 244
0 6 2.36 245
0 6 2.36 246
0 6 2.36 247
0 6 2.36 248
0 6 2.36 249
0 6 2.36 250
0 6 2.35 251
0 6 2.36 252
0 6 2.36 253
0 6 2.35 254
0 6 2.36 255
0 6 2.36 256
0 6 2.35 257
0 6 2.36 258
0 6 2.36 259
0 6 2.36 260
0 6 2.36 261
0 6 2.35 262
0 6 2.35 263
0 6 2.35 264
0 6 2.35 265
0 6 2.35 266
0 6 2.35 267
0 6 2.35 268
0 6 2.35 269
0 6 2.35 270
0 6 2.35 271
0 6 2.35 272
0 6 2.35 273
0 6 2.35 274
0 6 2.36 275
0 6 2.36 276
0 6 2.35 277
0 6 2.35 278
0 6 2.35 279
0 6 2.36 280
0 6 2.36 281
0 6 2.35 282
0 6 2.35 283
0 6 2.35 284
0 6 2.35 285
0 6 2.35 286
0 6 2.35 287
0 6 2.35 288
0 6 2.35 289
0 6 2.35 290
0 6 2.34 291
0 6 2.35 292
0 6 2.34 293
0 6 2.34 294
0 6 2.34 295
0 6 2.34 296
0 6 2.34 297
0 6 2.34 298
0 6 2.34 299
0 6 2.34 300
0 6 2.35 301
0 6 2.34 302
0 6 2.34 303
0 6 2.34 304
0 6 2.34 305
0 6 2.34 306
0 6 2.34 307
0 6 2.34 308
0 6 2.34 309
0 6 2.34 310
0 6 2.33 311
0 6 2.34 312
0 6 2.34 313
0 6 2.33 314
0 6 2.33 315
0 6 2.33 316
0 6 2.33 317
0 6 2.33 318
0 6 2.33 319
0 6 2.33 320
0 6 2.33 321
0 6 2.33 322
0 6 2.33 323
0 6 2.32 324
0 6 2.32 325
0 6 2.32 326
0 6 2.32 327
0 6 2.32 328
0 6 2.31 329
0 6 2.31 330
0 6 2.31 331
0 6 2.31 332
0 6 2.31 333
0 6 2.31 334
0 6 2.31 335
0 6 2.31 336
0 6 2.31 337
0 6 2.31 338
0 6 2.31 339
0 6 2.31 340
0 6 2.32 341
0 6 2.32 342
0 6 2.32 343
0 6 2.32 344
0 6 2.32 345
0 6 2.32 346
0 6 2.32 347
0 6 2.31 348
0 6 2.32 349
0 6 2.31 350
0 6 2.31 351
0 6 2.31 352
0 6 2.31 353
0 6 2.31 354
0 6 2.30 355
0 6 2.30 356
0 6 2.31 357
0 6 2.30 358
0 6 2.30 359
0 6 2.30 360
0 6 2.30 361
0 6 2.30 362
0 6 2.30 363
0 6 2.29 364
0 6 2.29 365
0 6 2.28 366
0 6 2.28 367
0 6 2.27 368
0 6 2.28 369
0 6 2.28 370
0 6 2.27 371
0 6 2.27 372
0 6 2.28 373
0 6 2.28 374
0 6 2.27 375
0 6 2.27 376
0 6 2.27 377
0 6 2.27 378
0 6 2.27 379
0 6 2.27 380
0 6 2.27 381
0 6 2.27 382
0 6 2.27 383
0 6 2.27 384
0 6 2.28 385
0 6 2.27 386
0 6 2.28 387
0 6 2.27 388
0 6 2.27 389
0 6 2.27 390
0 23 2.33 391
0 23 2.33 392
0 23 2.33 393
0 23 2.33 394
0 23 2.32 395
0 23 2.32 396
0 23 2.32 397
0 23 2.32 398
0 23 2.32 399
0 23 2.32 400
0 23 2.32 401
0 23 2.32 402
0 23 2.32 403
0 23 2.32 404
0 23 2.32 405
0 23 2.32 406
0 23 2.31 407
0 23 2.31 408
0 23 2.31 409
0 23 2.31 410
0 23 2.31 411
0 23 2.31 412
0 23 2.31 413
0 23 2.31 414
0 23 2.31 415
0 23 2.31 416
0 23 2.31 417
0 23 2.31 418
0 23 2.31 419
0 23 2.31 420
0 23 2.32 421
0 23 2.32 422
0 23 2.31 423
0 23 2.31 424
0 23 2.32 425
0 23 2.31 426
0 23 2.32 427
0 23 2.32 428
0 23 2.31 429
0 23 2.31 430
0 23 2.31 431
0 23 2.31 432
0 23 2.31 433
0 23 2.31 434
0 23 2.31 435
0 23 2.31 436
0 23 2.31 437
0 23 2.31 438
0 23 2.31 439
0 23 2.31 440
0 23 2.31 441
0 23 2.31 442
0 23 2.31 443
0 23 2.31 444
0 23 2.31 445
0 23 2.30 446
0 23 2.30 447
0 23 2.30 448
0 23 2.30 449
0 23 2.30 450
0 23 2.31 451
0 23 2.31 452
0 23 2.30 453
0 23 2.30 454
0 23 2.30 455
0 23 2.30 456
0 23 2.30 457
0 23 2.31 458
0 23 2.31 459
0 23 2.31 460
0 23 2.31 461
0 23 2.31 462
0 23 2.31 463
0 23 2.31 464
0 23 2.31 465
0 23 2.30 466
0 23 2.30 467
0 23 2.30 468
0 23 2.30 469
0 23 2.30 470
0 23 2.30 471
0 23 2.31 472
0 23 2.30 473
0 23 2.31 474
0 23 2.31 475
0 23 2.30 476
0 23 2.31 477
0 23 2.31 478
0 23 2.31 479
0 23 2.31 480
0 23 2.31 481
0 23 2.31 482
0 23 2.31 483
0 23 2.31 484
0 23 2.31 485
0 23 2.31 486
0 23 2.31 487
0 23 2.31 488
0 23 2.31 489
0 23 2.31 490
0 23 2.31 491
0 23 2.32 492
0 23 2.32 493
0 23 2.32 494
0 23 2.32 495
0 23 2.32 496
0 23 2.32 497
0 23 2.32 498
0 23 2.32 499
0 23 2.32 500
0 23 2.32 501
0 23 2.32 502
0 23 2.32 503
0 23 2.32 504
0 23 2.32 505
0 23 2.32 506
0 23 2.32 507
0 23 2.32 508
0 23 2.32 509
0 23 2.32 510
0 23 2.32 511
0 23 2.31 512
0 23 2.31 513
0 23 2.31 514
0 23 2.31 515
0 23 2.31 516
0 23 2.31 517
0 23 2.31 518
0 23 2.31 519
0 23 2.32 520
0 23 2.32 521
0 23 2.32 522
0 23 2.32 523
0 23 2.32 524
0 23 2.32 525
0 23 2.32 526
0 23 2.32 527
0 23 2.32 528
0 23 2.32 529
0 23 2.32 530
0 23 2.32 531
0 23 2.32 532
0 23 2.32 533
0 23 2.32 534
0 23 2.32 535
0 23 2.32 536
0 23 2.32 537
0 23 2.32 538
0 23 2.32 539
0 23 2.32 540
0 23 2.32 541
0 23 2.32 542
0 23 2.32 543
0 23 2.32 544
0 23 2.32 545
0 23 2.32 546
0 23 2.32 547
0 23 2.32 548
0 23 2.32 549
0 23 2.32 550
0 23 2.32 551
0 23 2.32 552
0 23 2.32 553
0 23 2.32 554
0 23 2.31 555
0 23 2.31 556
0 23 2.31 557
0 23 2.31 558
0 23 2.31 559
0 23 2.31 560
0 23 2.31 561
0 23 2.31 562
0 23 2.31 563
0 23 2.31 564
0 23 2.31 565
0 23 2.31 566
0 23 2.31 567
0 23 2.31 568
0 23 2.31 569
0 23 2.31 570
0 23 2.31 571
0 23 2.31 572
0 23 2.32 573
0 23 2.32 574
0 23 2.32 575
0 23 2.32 576
0 23 2.32 577
0 23 2.32 578
0 23 2.32 579
0 23 2.32 580
0 23 2.32 581
0 23 2.32 582
0 23 2.32 583
0 23 2.32 584
0 23 2.32 585
0 23 2.32 586
0 23 2.32 587
0 23 2.32 588
0 23 2.32 589
0 23 2.32 590
0 23 2.32 591
0 23 2.32 592
0 23 2.32 593
0 23 2.33 594
0 23 2.33 595
0 23 2.33 596
0 23 2.33 597
0 23 2.33 598
0 23 2.33 599
0 23 2.33 600
0 23 2.33 601
0 23 2.33 602
0 23 2.33 603
0 23 2.33 604
0 23 2.33 605
0 23 2.33 606
0 23 2.33 607
0 23 2.33 608
0 23 2.33 609
0 23 2.33 610
0 23 2.33 611
0 23 2.33 612
0 23 2.33 613
0 23 2.33 614
0 23 2.33 615
0 23 2.33 616
0 23 2.33 617
0 23 2.33 618
0 23 2.33 619
0 23 2.33 620
0 23 2.33 