4 4 4.00 1
2 4 3.00 2
2 4 3.00 3
2 4 2.75 4
2 4 2.60 5
2 4 2.67 6
1 4 2.43 7
1 4 2.50 8
1 4 2.44 9
1 4 2.50 10
1 4 2.55 11
1 4 2.50 12
1 4 2.46 13
1 4 2.43 14
1 4 2.47 15
1 4 2.50 16
1 4 2.47 17
1 4 2.50 18
1 4 2.47 19
1 4 2.45 20
1 4 2.48 21
1 4 2.41 22
1 4 2.43 23
1 4 2.42 24
1 4 2.44 25
1 4 2.46 26
1 4 2.48 27
1 4 2.50 28
1 4 2.48 29
1 4 2.47 30
1 4 2.48 31
1 4 2.47 32
1 4 2.45 33
1 4 2.47 34
1 4 2.43 35
1 4 2.42 36
1 4 2.43 37
1 4 2.39 38
1 4 2.38 39
1 4 2.40 40
1 4 2.39 41
1 4 2.38 42
1 4 2.40 43
1 4 2.39 44
1 4 2.40 45
1 4 2.39 46
1 4 2.38 47
1 4 2.42 48
1 4 2.43 49
1 4 2.40 50
1 4 2.41 51
1 4 2.40 52
1 4 2.40 53
1 4 2.41 54
1 4 2.40 55
1 4 2.38 56
1 4 2.39 57
1 4 2.38 58
1 4 2.37 59
1 4 2.38 60
1 4 2.38 61
1 4 2.35 62
1 4 2.37 63
1 4 2.36 64
1 4 2.35 65
1 4 2.33 66
1 4 2.34 67
1 4 2.34 68
1 4 2.33 69
1 4 2.34 70
1 4 2.35 71
1 4 2.35 72
1 4 2.34 73
1 4 2.35 74
1 4 2.33 75
1 4 2.33 76
1 4 2.34 77
1 4 2.33 78
1 4 2.32 79
1 4 2.33 80
1 4 2.33 81
1 4 2.34 82
1 4 2.35 83
1 4 2.35 84
1 4 2.34 85
1 4 2.34 86
1 4 2.32 87
1 4 2.32 88
1 4 2.31 89
1 4 2.31 90
1 4 2.32 91
1 4 2.32 92
1 4 2.30 93
1 4 2.30 94
1 4 2.29 95
1 4 2.28 96
1 4 2.27 97
1 4 2.27 98
1 4 2.25 99
1 4 2.25 100
1 4 2.25 101
1 4 2.25 102
1 4 2.26 103
1 4 2.27 104
1 4 2.27 105
1 4 2.26 106
1 4 2.27 107
1 4 2.28 108
1 4 2.28 109
1 4 2.27 110
1 4 2.26 111
1 4 2.26 112
1 4 2.26 113
1 4 2.26 114
1 4 2.26 115
1 4 2.26 116
1 4 2.26 117
1 4 2.25 118
1 4 2.25 119
1 4 2.26 120
1 4 2.26 121
1 4 2.25 122
1 4 2.25 123
1 4 2.26 124
1 4 2.25 125
1 4 2.25 126
1 4 2.24 127
1 4 2.23 128
1 4 2.23 129
1 4 2.23 130
1 4 2.23 131
1 4 2.22 132
1 4 2.22 133
1 4 2.22 134
1 4 2.21 135
1 5 2.23 136
1 5 2.23 137
1 5 2.23 138
1 5 2.23 139
1 5 2.24 140
1 5 2.23 141
1 5 2.23 142
1 5 2.24 143
1 5 2.24 144
1 5 2.23 145
1 5 2.23 146
1 5 2.23 147
1 5 2.24 148
1 5 2.25 149
1 5 2.25 150
1 5 2.25 151
1 5 2.24 152
1 5 2.25 153
1 5 2.25 154
1 5 2.25 155
1 5 2.24 156
1 5 2.24 157
1 5 2.25 158
1 5 2.25 159
1 5 2.24 160
1 5 2.25 161
1 5 2.25 162
1 5 2.25 163
1 5 2.25 164
1 5 2.25 165
1 5 2.25 166
1 5 2.25 167
1 5 2.24 168
1 5 2.24 169
1 5 2.24 170
1 5 2.24 171
1 5 2.24 172
1 5 2.25 173
1 5 2.25 174
1 5 2.25 175
1 5 2.25 176
1 5 2.25 177
1 5 2.25 178
1 5 2.25 179
1 5 2.25 180
1 5 2.25 181
1 5 2.25 182
1 5 2.25 183
1 5 2.24 184
1 5 2.25 185
1 5 2.25 186
1 5 2.25 187
1 5 2.24 188
1 5 2.24 189
1 5 2.24 190
1 5 2.24 191
1 5 2.24 192
1 5 2.24 193
1 5 2.24 194
1 5 2.25 195
1 5 2.25 196
1 5 2.25 197
1 5 2.25 198
1 5 2.25 199
1 5 2.25 200
1 5 2.25 201
1 5 2.25 202
1 5 2.25 203
1 5 2.25 204
1 5 2.25 205
1 5 2.26 206
1 5 2.26 207
1 5 2.25 208
1 5 2.24 209
1 5 2.24 210
1 5 2.24 211
1 5 2.24 212
1 5 2.24 213
1 5 2.25 214
1 5 2.25 215
1 5 2.25 216
1 5 2.24 217
1 5 2.24 218
1 5 2.24 219
1 5 2.23 220
1 5 2.23 221
1 5 2.23 222
1 5 2.23 223
1 5 2.23 224
1 5 2.22 225
1 5 2.23 226
1 5 2.23 227
1 5 2.23 228
1 5 2.22 229
1 5 2.22 230
1 5 2.22 231
1 5 2.22 232
1 5 2.22 233
1 5 2.22 234
1 5 2.23 235
1 5 2.22 236
1 5 2.22 237
1 5 2.22 238
1 5 2.22 239
1 5 2.22 240
1 5 2.22 241
1 5 2.21 242
1 5 2.21 243
1 5 2.22 244
1 5 2.22 245
1 5 2.22 246
1 5 2.22 247
1 5 2.22 248
1 5 2.22 249
1 5 2.22 250
1 5 2.22 251
1 5 2.22 252
1 5 2.22 253
1 5 2.22 254
1 5 2.22 255
1 5 2.22 256
1 5 2.22 257
1 5 2.22 258
1 5 2.22 259
1 5 2.22 260
1 5 2.22 261
1 5 2.22 262
1 5 2.22 263
1 5 2.22 264
1 5 2.22 265
1 5 2.22 266
1 5 2.21 267
1 5 2.21 268
1 5 2.21 269
1 5 2.21 270
1 5 2.21 271
1 5 2.21 272
1 5 2.21 273
1 5 2.22 274
1 5 2.21 275
1 5 2.21 276
1 5 2.21 277
1 5 2.21 278
1 5 2.21 279
1 5 2.21 280
1 5 2.21 281
1 5 2.21 282
1 5 2.21 283
1 5 2.21 284
1 5 2.21 285
1 5 2.21 286
1 5 2.22 287
1 5 2.22 288
1 5 2.22 289
1 5 2.22 290
1 5 2.22 291
1 5 2.22 292
1 5 2.22 293
1 5 2.22 294
1 5 2.22 295
1 5 2.22 296
1 5 2.23 297
0 5 2.22 298
0 5 2.22 299
0 5 2.23 300
0 5 2.23 301
0 5 2.23 302
0 5 2.22 303
0 5 2.22 304
0 5 2.22 305
0 5 2.22 306
0 5 2.22 307
0 5 2.22 308
0 5 2.22 309
0 5 2.22 310
0 5 2.21 311
0 5 2.21 312
0 5 2.21 313
0 5 2.21 314
0 5 2.21 315
0 5 2.21 316
0 5 2.21 317
0 5 2.21 318
0 5 2.21 319
0 5 2.21 320
0 5 2.21 321
0 5 2.21 322
0 5 2.21 323
0 5 2.21 324
0 5 2.22 325
0 5 2.21 326
0 5 2.22 327
0 5 2.21 328
0 5 2.22 329
0 5 2.22 330
0 5 2.21 331
0 5 2.22 332
0 5 2.22 333
0 5 2.22 334
0 5 2.22 335
0 5 2.21 336
0 5 2.22 337
0 5 2.21 338
0 5 2.21 339
0 5 2.21 340
0 5 2.22 341
0 5 2.22 342
0 5 2.22 343
0 5 2.22 344
0 5 2.22 345
0 5 2.22 346
0 5 2.22 347
0 6 2.23 348
0 6 2.23 349
0 6 2.23 350
0 6 2.23 351
0 6 2.23 352
0 6 2.23 353
0 6 2.23 354
0 6 2.23 355
0 6 2.22 356
0 6 2.22 357
0 6 2.22 358
0 6 2.22 359
0 6 2.23 360
0 6 2.22 361
0 6 2.22 362
0 6 2.23 363
0 6 2.23 364
0 6 2.22 365
0 6 2.22 366
0 6 2.22 367
0 6 2.22 368
0 6 2.22 369
0 6 2.22 370
0 6 2.22 371
0 6 2.22 372
0 6 2.22 373
0 6 2.22 374
0 6 2.22 375
0 6 2.22 376
0 6 2.22 377
0 6 2.22 378
0 6 2.22 379
0 6 2.23 380
0 6 2.23 381
0 6 2.23 382
0 6 2.23 383
0 6 2.23 384
0 6 2.23 385
0 6 2.23 386
0 6 2.23 387
0 6 2.23 388
0 6 2.23 389
0 6 2.23 390
0 6 2.23 391
0 6 2.23 392
0 6 2.23 393
0 6 2.23 394
0 6 2.23 395
0 6 2.23 396
0 6 2.23 397
0 6 2.23 398
0 6 2.23 399
0 6 2.23 400
0 6 2.23 401
0 6 2.23 402
0 6 2.23 403
0 6 2.23 404
0 6 2.23 405
0 6 2.23 406
0 6 2.23 407
0 6 2.24 408
0 6 2.23 409
0 6 2.23 410
0 6 2.23 411
0 6 2.23 412
0 6 2.23 413
0 6 2.23 414
0 6 2.23 415
0 6 2.23 416
0 6 2.23 417
0 6 2.22 418
0 6 2.22 419
0 6 2.22 420
0 6 2.22 421
0 6 2.22 422
0 6 2.22 423
0 6 2.22 424
0 6 2.22 425
0 6 2.22 426
0 6 2.22 427
0 6 2.22 428
0 6 2.22 429
0 6 2.23 430
0 6 2.23 431
0 6 2.22 432
0 6 2.22 433
0 6 2.23 434
0 6 2.23 435
0 6 2.22 436
0 6 2.23 437
0 6 2.23 438
0 6 2.23 439
0 6 2.23 440
0 6 2.24 441
0 6 2.24 442
0 6 2.24 443
0 6 2.24 444
0 6 2.24 445
0 6 2.24 446
0 6 2.24 447
0 6 2.24 448
0 6 2.24 449
0 6 2.24 450
0 6 2.24 451
0 6 2.25 452
0 6 2.25 453
0 6 2.25 454
0 6 2.25 455
0 6 2.25 456
0 6 2.25 457
0 6 2.24 458
0 6 2.24 459
0 6 2.24 460
0 6 2.24 461
0 6 2.24 462
0 6 2.24 463
0 6 2.24 464
0 6 2.24 465
0 6 2.24 466
0 6 2.24 467
0 6 2.24 468
0 6 2.24 469
0 6 2.24 470
0 6 2.24 471
0 6 2.24 472
0 6 2.23 473
0 6 2.23 474
0 6 2.23 475
0 6 2.24 476
0 6 2.23 477
0 6 2.24 478
0 6 2.24 479
0 6 2.24 480
0 6 2.24 481
0 6 2.24 482
0 6 2.24 483
0 6 2.24 484
0 6 2.24 485
0 6 2.23 486
0 6 2.24 487
0 6 2.24 488
0 6 2.24 489
0 6 2.24 490
0 6 2.24 491
0 6 2.24 492
0 6 2.24 493
0 6 2.24 494
0 6 2.24 495
0 6 2.24 496
0 6 2.24 497
0 6 2.24 498
0 6 2.24 499
0 6 2.24 500
0 6 2.25 501
0 6 2.25 502
0 6 2.25 503
0 6 2.25 504
0 6 2.25 505
0 6 2.25 506
0 6 2.25 507
0 6 2.25 508
0 6 2.25 509
0 6 2.25 510
0 6 2.25 511
0 6 2.25 512
0 6 2.25 513
0 6 2.25 514
0 6 2.25 515
0 6 2.25 516
0 6 2.25 517
0 6 2.25 518
0 6 2.24 519
0 6 2.25 520
0 6 2.25 521
0 6 2.25 522
0 6 2.24 523
0 6 2.24 524
0 6 2.24 525
0 6 2.24 526
0 6 2.24 527
0 6 2.24 528
0 6 2.24 529
0 6 2.24 530
0 6 2.24 531
0 6 2.24 532
0 6 2.24 533
0 6 2.24 534
0 6 2.24 535
0 6 2.24 536
0 6 2.24 537
0 6 2.24 538
0 6 2.24 539
0 6 2.24 540
0 6 2.24 541
0 6 2.24 542
0 6 2.24 543
0 6 2.24 544
0 6 2.24 545
0 6 2.24 546
0 6 2.24 547
0 6 2.24 548
0 6 2.24 549
0 6 2.24 550
0 6 2.24 551
0 6 2.24 552
0 6 2.24 553
0 6 2.24 554
0 6 2.24 555
0 6 2.24 556
0 6 2.24 557
0 6 2.24 558
0 6 2.24 559
0 6 2.24 560
0 6 2.24 561
0 6 2.23 562
0 6 2.23 563
0 6 2.23 564
0 6 2.23 565
0 6 2.23 566
0 6 2.24 567
0 6 2.24 568
0 6 2.24 569
0 6 2.24 570
0 6 2.23 571
0 6 2.23 572
0 6 2.24 573
0 6 2.24 574
0 6 2.24 575
0 6 2.24 576
0 6 2.23 577
0 6 2.23 578
0 6 2.23 579
0 6 2.23 580
0 6 2.23 581
0 6 2.24 582
0 6 2.24 583
0 6 2.24 584
0 6 2.24 585
0 6 2.24 586
0 6 2.24 587
0 6 2.23 588
0 6 2.24 589
0 6 2.23 590
0 6 2.24 591
0 6 2.23 592
0 6 2.23 593
0 6 2.23 594
0 6 2.24 595
0 6 2.23 596
0 6 2.24 597
0 6 2.24 598
0 6 2.24 599
0 6 2.23 600
0 6 2.23 601
0 6 2.23 602
0 6 2.23 603
0 6 2.24 604
0 6 2.23 605
0 6 2.24 606
0 6 2.24 607
0 6 2.24 608
0 6 2.24 609
0 6 2.24 610
0 6 2.24 611
0 6 2.24 612
0 6 2.23 613
0 6 2.24 614
0 6 2.24 615
0 6 2.24 616
0 6 2.24 617
0 6 2.24 618
0 6 2.23 619
0 6 2.23 620
0 6 2.23 621
0 6 2.23 622
0 6 2.23 623
0 6 2.24 624
0 6 2.23 625
0 6 2.23 626
0 6 2.23 627
0 6 2.23 628
0 6 2.23 629
0 6 2.23 630
0 6 2.23 631
0 6 2.23 632
0 6 2.23 633
0 6 2.23 634
0 6 2.23 635
0 6 2.23 636
0 6 2.23 637
0 6 2.23 638
0 6 2.