1 1 1.00 1
0 1 0.50 2
0 2 1.00 3
0 2 1.00 4
0 2 1.00 5
0 2 1.00 6
0 2 0.86 7
0 2 0.75 8
0 2 0.78 9
0 2 0.80 10
0 2 0.82 11
0 2 0.92 12
0 2 0.85 13
0 2 0.93 14
0 2 0.87 15
0 2 0.88 16
0 2 0.88 17
0 2 0.89 18
0 2 0.89 19
0 2 0.90 20
0 2 0.90 21
0 2 0.95 22
0 2 0.96 23
0 2 0.96 24
0 2 0.92 25
0 2 0.88 26
0 2 0.89 27
0 2 0.86 28
0 2 0.86 29
0 2 0.83 30
0 2 0.87 31
0 2 0.91 32
0 2 0.91 33
0 2 0.91 34
0 2 0.89 35
0 2 0.92 36
0 2 0.92 37
0 2 0.92 38
0 2 0.92 39
0 2 0.93 40
0 2 0.93 41
0 2 0.93 42
0 2 0.91 43
0 2 0.91 44
0 4 0.98 45
0 4 0.98 46
0 4 0.98 47
0 4 0.98 48
0 4 0.98 49
0 4 0.96 50
0 4 0.96 51
0 4 1.00 52
0 4 0.98 53
0 4 0.98 54
0 4 0.98 55
0 4 0.96 56
0 4 0.95 57
0 4 0.95 58
0 4 0.95 59
0 4 0.93 60
0 4 0.93 61
0 4 0.97 62
0 4 0.95 63
0 4 0.97 64
0 4 0.98 65
0 4 0.97 66
0 4 0.97 67
0 4 0.99 68
0 4 0.99 69
0 4 0.99 70
0 4 0.99 71
0 4 0.99 72
0 4 0.97 73
0 4 0.96 74
0 4 0.96 75
0 4 0.96 76
0 4 0.97 77
0 4 0.97 78
0 4 0.96 79
0 4 0.96 80
0 4 0.96 81
0 4 0.96 82
0 4 0.96 83
0 4 0.96 84
0 4 0.96 85
0 4 0.98 86
0 4 0.99 87
0 4 1.00 88
0 4 1.00 89
0 4 1.00 90
0 4 1.01 91
0 4 1.01 92
0 4 1.02 93
0 4 1.02 94
0 4 1.04 95
0 4 1.04 96
0 4 1.03 97
0 4 1.04 98
0 4 1.05 99
0 4 1.04 100
0 4 1.04 101
0 4 1.04 102
0 4 1.06 103
0 4 1.06 104
0 4 1.07 105
0 4 1.07 106
0 4 1.07 107
0 4 1.06 108
0 4 1.06 109
0 4 1.05 110
0 4 1.05 111
0 4 1.04 112
0 4 1.04 113
0 4 1.04 114
0 4 1.05 115
0 4 1.06 116
0 4 1.07 117
0 4 1.07 118
0 4 1.08 119
0 4 1.07 120
0 4 1.07 121
0 4 1.08 122
0 4 1.07 123
0 4 1.07 124
0 4 1.06 125
0 4 1.06 126
0 4 1.06 127
0 4 1.05 128
0 4 1.05 129
0 4 1.05 130
0 4 1.06 131
0 4 1.06 132
0 4 1.06 133
0 4 1.06 134
0 4 1.06 135
0 4 1.06 136
0 4 1.06 137
0 4 1.05 138
0 4 1.05 139
0 4 1.05 140
0 4 1.04 141
0 4 1.05 142
0 4 1.05 143
0 4 1.05 144
0 4 1.05 145
0 4 1.05 146
0 4 1.05 147
0 4 1.04 148
0 4 1.05 149
0 4 1.05 150
0 4 1.05 151
0 4 1.07 152
0 4 1.07 153
0 4 1.06 154
0 4 1.06 155
0 4 1.06 156
0 4 1.06 157
0 4 1.06 158
0 4 1.06 159
0 4 1.06 160
0 4 1.06 161
0 4 1.07 162
0 4 1.06 163
0 4 1.07 164
0 4 1.06 165
0 4 1.06 166
0 4 1.06 167
0 4 1.06 168
0 4 1.06 169
0 4 1.06 170
0 4 1.06 171
0 4 1.06 172
0 4 1.05 173
0 4 1.05 174
0 4 1.05 175
0 4 1.06 176
0 4 1.06 177
0 4 1.05 178
0 4 1.05 179
0 4 1.05 180
0 4 1.06 181
0 4 1.05 182
0 4 1.05 183
0 4 1.05 184
0 4 1.05 185
0 4 1.05 186
0 4 1.05 187
0 4 1.05 188
0 4 1.06 189
0 4 1.05 190
0 4 1.06 191
0 4 1.06 192
0 4 1.06 193
0 4 1.06 194
0 4 1.05 195
0 4 1.05 196
0 4 1.05 197
0 4 1.05 198
0 4 1.04 199
0 4 1.04 200
0 4 1.04 201
0 4 1.04 202
0 4 1.04 203
0 4 1.03 204
0 4 1.04 205
0 4 1.04 206
0 4 1.04 207
0 4 1.04 208
0 4 1.04 209
0 4 1.04 210
0 4 1.04 211
0 4 1.04 212
0 4 1.04 213
0 4 1.04 214
0 4 1.04 215
0 4 1.04 216
0 4 1.04 217
0 4 1.04 218
0 4 1.04 219
0 4 1.03 220
0 4 1.04 221
0 4 1.03 222
0 4 1.04 223
0 4 1.04 224
0 4 1.04 225
0 4 1.04 226
0 4 1.04 227
0 4 1.04 228
0 4 1.04 229
0 4 1.04 230
0 4 1.04 231
0 4 1.03 232
0 4 1.03 233
0 4 1.04 234
0 4 1.04 235
0 4 1.04 236
0 4 1.05 237
0 4 1.04 238
0 4 1.04 239
0 4 1.05 240
0 4 1.05 241
0 4 1.04 242
0 4 1.04 243
0 4 1.04 244
0 4 1.04 245
0 4 1.04 246
0 4 1.04 247
0 4 1.04 248
0 4 1.04 249
0 4 1.04 250
0 4 1.04 251
0 4 1.04 252
0 4 1.04 253
0 4 1.04 254
0 4 1.04 255
0 4 1.04 256
0 4 1.04 257
0 4 1.05 258
0 4 1.04 259
0 4 1.04 260
0 4 1.04 261
0 4 1.04 262
0 4 1.04 263
0 4 1.04 264
0 4 1.04 265
0 4 1.04 266
0 4 1.04 267
0 4 1.04 268
0 4 1.04 269
0 4 1.04 270
0 4 1.04 271
0 4 1.04 272
0 4 1.04 273
0 4 1.04 274
0 4 1.04 275
0 4 1.04 276
0 4 1.04 277
0 4 1.04 278
0 4 1.04 279
0 4 1.04 280
0 4 1.05 281
0 4 1.05 282
0 4 1.05 283
0 4 1.05 284
0 4 1.05 285
0 4 1.05 286
0 4 1.05 287
0 4 1.05 288
0 4 1.05 289
0 4 1.05 290
0 4 1.05 291
0 4 1.05 292
0 4 1.05 293
0 4 1.05 294
0 4 1.05 295
0 4 1.04 296
0 4 1.05 297
0 4 1.05 298
0 4 1.05 299
0 4 1.05 300
0 4 1.05 301
0 4 1.05 302
0 4 1.05 303
0 4 1.05 304
0 4 1.05 305
0 4 1.05 306
0 4 1.05 307
0 4 1.05 308
0 4 1.05 309
0 4 1.05 310
0 4 1.05 311
0 4 1.05 312
0 4 1.05 313
0 4 1.05 314
0 4 1.05 315
0 4 1.05 316
0 4 1.05 317
0 4 1.05 318
0 4 1.05 319
0 4 1.05 320
0 4 1.05 321
0 4 1.05 322
0 4 1.05 323
0 4 1.05 324
0 4 1.05 325
0 4 1.05 326
0 4 1.05 327
0 4 1.05 328
0 4 1.05 329
0 4 1.05 330
0 4 1.05 331
0 4 1.05 332
0 4 1.06 333
0 4 1.06 334
0 4 1.06 335
0 4 1.06 336
0 4 1.06 337
0 4 1.06 338
0 4 1.06 339
0 4 1.06 340
0 4 1.06 341
0 4 1.06 342
0 4 1.06 343
0 4 1.06 344
0 4 1.05 345
0 4 1.05 346
0 4 1.06 347
0 4 1.06 348
0 4 1.06 349
0 16 1.10 350
0 16 1.10 351
0 16 1.10 352
0 16 1.10 353
0 16 1.10 354
0 16 1.10 355
0 16 1.10 356
0 16 1.11 357
0 16 1.11 358
0 16 1.11 359
0 16 1.11 360
0 16 1.11 361
0 16 1.11 362
0 16 1.11 363
0 16 1.11 364
0 16 1.11 365
0 16 1.11 366
0 16 1.11 367
0 16 1.11 368
0 16 1.11 369
0 16 1.11 370
0 16 1.10 371
0 16 1.10 372
0 16 1.10 373
0 16 1.10 374
0 16 1.10 375
0 16 1.10 376
0 16 1.10 377
0 16 1.10 378
0 16 1.10 379
0 16 1.10 380
0 16 1.10 381
0 16 1.10 382
0 16 1.10 383
0 16 1.10 384
0 16 1.10 385
0 16 1.10 386
0 16 1.10 387
0 16 1.10 388
0 16 1.10 389
0 16 1.10 390
0 16 1.10 391
0 16 1.10 392
0 16 1.10 393
0 16 1.09 394
0 16 1.10 395
0 16 1.10 396
0 16 1.10 397
0 16 1.09 398
0 16 1.09 399
0 16 1.09 400
0 16 1.09 401
0 16 1.09 402
0 16 1.09 403
0 16 1.09 404
0 16 1.09 405
0 16 1.09 406
0 16 1.09 407
0 16 1.09 408
0 16 1.09 409
0 16 1.09 410
0 16 1.09 411
0 16 1.09 412
0 16 1.09 413
0 16 1.09 414
0 16 1.09 415
0 16 1.09 416
0 16 1.09 417
0 16 1.09 418
0 16 1.09 419
0 16 1.09 420
0 16 1.09 421
0 16 1.09 422
0 16 1.09 423
0 16 1.08 424
0 16 1.09 425
0 16 1.09 426
0 16 1.09 427
0 16 1.09 428
0 16 1.09 429
0 16 1.09 430
0 16 1.09 431
0 16 1.09 432
0 16 1.09 433
0 16 1.09 434
0 16 1.09 435
0 16 1.09 436
0 16 1.08 437
0 16 1.08 438
0 16 1.08 439
0 16 1.09 440
0 16 1.09 441
0 16 1.09 442
0 16 1.09 443
0 16 1.09 444
0 16 1.09 445
0 16 1.09 446
0 16 1.09 447
0 16 1.08 448
0 16 1.08 449
0 16 1.08 450
0 16 1.09 451
0 16 1.09 452
0 16 1.09 453
0 16 1.09 454
0 16 1.09 455
0 16 1.09 456
0 16 1.09 457
0 16 1.09 458
0 16 1.09 459
0 16 1.08 460
0 16 1.08 461
0 16 1.08 462
0 16 1.08 463
0 16 1.08 464
0 16 1.08 465
0 16 1.08 466
0 16 1.08 467
0 16 1.09 468
0 16 1.08 469
0 16 1.08 470
0 16 1.08 471
0 16 1.08 472
0 16 1.08 473
0 16 1.08 474
0 16 1.08 475
0 16 1.08 476
0 16 1.08 477
0 16 1.08 478
0 16 1.08 479
0 16 1.08 480
0 16 1.08 481
0 16 1.08 482
0 16 1.08 483
0 16 1.08 484
0 16 1.08 485
0 16 1.09 486
0 16 1.09 487
0 16 1.09 488
0 16 1.09 489
0 16 1.09 490
0 16 1.09 491
0 16 1.09 492
0 16 1.09 493
0 16 1.08 494
0 16 1.08 495
0 16 1.08 496
0 16 1.09 497
0 16 1.09 498
0 16 1.09 499
0 16 1.09 500
0 16 1.09 501
0 16 1.09 502
0 16 1.09 503
0 16 1.09 504
0 16 1.09 505
0 16 1.09 506
0 16 1.09 507
0 16 1.09 508
0 16 1.10 509
0 16 1.10 510
0 16 1.10 511
0 16 1.10 512
0 16 1.10 513
0 16 1.10 514
0 16 1.10 515
0 16 1.10 516
0 16 1.10 517
0 16 1.11 518
0 16 1.11 519
0 16 1.11 520
0 16 1.11 521
0 16 1.11 522
0 16 1.11 523
0 16 1.11 524
0 16 1.11 525
0 16 1.11 526
0 16 1.11 527
0 16 1.11 528
0 16 1.11 529
0 16 1.11 530
0 16 1.11 531
0 16 1.11 532
0 16 1.10 533
0 16 1.10 534
0 16 1.10 535
0 16 1.10 536
0 16 1.10 537
0 16 1.10 538
0 16 1.10 539
0 16 1.10 540
0 16 1.10 541
0 16 1.10 542
0 16 1.10 543
0 16 1.10 544
0 16 1.10 545
0 16 1.10 546
0 16 1.10 547
0 16 1.10 548
0 16 1.10 549
0 16 1.10 550
0 16 1.10 551
0 16 1.10 552
0 16 1.10 553
0 16 1.10 554
0 16 1.10 555
0 16 1.10 556
0 16 1.10 557
0 16 1.10 558
0 16 1.10 559
0 16 1.10 560
0 16 1.10 561
0 16 1.10 562
0 16 1.10 563
0 16 1.10 564
0 16 1.10 565
0 16 1.10 566
0 16 1.11 567
0 16 1.11 568
0 16 1.11 569
0 16 1.11 570
0 16 1.11 571
0 16 1.11 572
0 16 1.11 573
0 16 1.11 574
0 16 1.11 575
0 16 1.11 576
0 16 1.11 577
0 16 1.11 578
0 16 1.11 579
0 16 1.11 580
0 16 1.11 581
0 16 1.11 582
0 16 1.11 583
0 16 1.11 584
0 16 1.11 585
0 16 1.11 586
0 16 1.11 587
0 16 1.11 588
0 16 1.11 589
0 16 1.11 590
0 16 1.11 591
0 16 1.11 592
0 16 1.11 593
0 16 1.11 594
0 16 1.11 595
0 16 1.11 596
0 16 1.11 597
0 16 1.11 598
0 16 1.11 599
0 16 1.10 600
0 16 1.10 601
0 16 1.10 602
0 16 1.10 603
0 16 1.10 604
0 16 1.10 605
0 16 1.10 606
0 16 1.10 607
0 16 1.10 608
0 16 1.10 609
0 16 1.10 610
0 16 1.10 611
0 16 1.10 612
0 16 1.10 613
0 16 1.10 614
0 16 1.10 615
0 16 1.10 616
0 16 1.10 617
0 16 1.10 6