4 4 4.00 1
2 4 3.00 2
2 4 3.00 3
2 4 3.00 4
2 4 2.80 5
2 4 2.83 6
2 4 2.71 7
2 4 2.75 8
2 4 2.78 9
2 4 2.80 10
2 4 2.82 11
2 4 2.75 12
2 4 2.69 13
2 4 2.71 14
2 4 2.73 15
2 4 2.69 16
2 4 2.71 17
2 4 2.72 18
2 4 2.74 19
2 4 2.75 20
2 4 2.76 21
2 4 2.77 22
2 4 2.78 23
2 4 2.79 24
2 4 2.80 25
2 4 2.77 26
2 4 2.81 27
2 4 2.82 28
2 4 2.79 29
2 4 2.77 30
2 4 2.74 31
2 4 2.78 32
2 4 2.79 33
2 4 2.79 34
2 4 2.80 35
2 4 2.81 36
2 4 2.78 37
2 4 2.79 38
2 4 2.77 39
2 4 2.77 40
2 4 2.76 41
2 4 2.76 42
2 4 2.74 43
2 4 2.75 44
2 4 2.76 45
2 4 2.74 46
2 4 2.77 47
2 4 2.77 48
2 4 2.76 49
2 4 2.76 50
2 5 2.80 51
2 5 2.81 52
2 5 2.81 53
2 5 2.80 54
2 5 2.82 55
2 5 2.80 56
2 5 2.81 57
2 5 2.79 58
2 5 2.80 59
2 5 2.80 60
2 5 2.79 61
2 5 2.79 62
2 5 2.78 63
2 5 2.77 64
2 5 2.77 65
2 5 2.77 66
2 5 2.78 67
2 5 2.78 68
2 5 2.78 69
2 5 2.77 70
2 5 2.77 71
2 5 2.78 72
2 5 2.78 73
2 5 2.78 74
2 5 2.77 75
2 5 2.78 76
2 5 2.78 77
2 5 2.78 78
2 5 2.78 79
2 5 2.77 80
2 5 2.79 81
2 5 2.78 82
2 5 2.77 83
2 6 2.81 84
2 6 2.81 85
2 6 2.85 86
2 6 2.84 87
2 6 2.83 88
2 6 2.82 89
2 6 2.82 90
2 6 2.82 91
2 6 2.83 92
2 6 2.82 93
1 6 2.80 94
1 6 2.81 95
1 6 2.82 96
1 6 2.81 97
1 6 2.85 98
1 6 2.86 99
1 6 2.85 100
1 6 2.84 101
1 6 2.84 102
1 6 2.84 103
1 6 2.84 104
1 6 2.84 105
1 6 2.83 106
1 6 2.84 107
1 6 2.83 108
1 6 2.83 109
1 6 2.84 110
1 6 2.83 111
1 6 2.83 112
1 6 2.82 113
1 6 2.82 114
1 6 2.83 115
1 6 2.83 116
1 6 2.82 117
1 6 2.83 118
1 6 2.83 119
1 6 2.83 120
1 6 2.83 121
1 6 2.84 122
1 6 2.84 123
1 6 2.83 124
1 6 2.82 125
1 6 2.83 126
1 6 2.82 127
1 6 2.81 128
1 6 2.81 129
1 6 2.80 130
1 6 2.80 131
1 6 2.80 132
1 6 2.80 133
1 6 2.80 134
1 6 2.79 135
1 6 2.79 136
1 6 2.78 137
1 6 2.78 138
1 6 2.78 139
1 6 2.78 140
1 6 2.77 141
1 6 2.76 142
1 6 2.76 143
1 6 2.76 144
1 6 2.76 145
1 6 2.75 146
1 6 2.77 147
1 6 2.79 148
1 6 2.79 149
1 6 2.79 150
1 6 2.79 151
1 6 2.78 152
1 6 2.78 153
1 6 2.79 154
1 22 2.91 155
1 22 2.91 156
1 22 2.90 157
1 22 2.91 158
1 22 2.91 159
1 22 2.90 160
1 22 2.89 161
1 22 2.89 162
1 22 2.89 163
1 22 2.88 164
1 22 2.88 165
1 22 2.87 166
1 22 2.87 167
1 22 2.87 168
1 22 2.87 169
1 22 2.86 170
1 22 2.87 171
1 22 2.87 172
1 22 2.86 173
1 22 2.86 174
1 22 2.86 175
1 22 2.86 176
1 22 2.85 177
1 22 2.84 178
1 22 2.84 179
1 22 2.84 180
1 22 2.85 181
1 22 2.84 182
1 22 2.85 183
1 22 2.85 184
1 22 2.85 185
1 22 2.84 186
1 22 2.84 187
1 22 2.84 188
1 22 2.84 189
1 22 2.84 190
1 22 2.83 191
1 22 2.83 192
1 22 2.83 193
1 22 2.83 194
1 22 2.83 195
1 22 2.82 196
1 22 2.81 197
1 22 2.81 198
1 22 2.81 199
1 22 2.81 200
1 22 2.81 201
1 22 2.81 202
1 22 2.81 203
1 22 2.81 204
1 22 2.80 205
1 22 2.81 206
1 22 2.80 207
1 22 2.80 208
1 22 2.79 209
1 22 2.80 210
1 22 2.79 211
1 22 2.79 212
1 22 2.78 213
1 22 2.79 214
1 22 2.79 215
1 22 2.79 216
1 22 2.79 217
1 22 2.79 218
1 22 2.79 219
1 22 2.79 220
1 22 2.78 221
1 22 2.80 222
1 22 2.80 223
1 22 2.80 224
1 22 2.80 225
1 22 2.80 226
1 22 2.80 227
1 22 2.80 228
1 22 2.80 229
1 22 2.80 230
1 22 2.80 231
1 22 2.80 232
1 22 2.80 233
1 22 2.80 234
1 22 2.80 235
1 22 2.80 236
1 22 2.80 237
1 22 2.80 238
1 22 2.79 239
1 22 2.79 240
1 22 2.79 241
1 22 2.79 242
1 22 2.79 243
1 22 2.79 244
1 22 2.79 245
1 22 2.79 246
1 22 2.79 247
1 22 2.78 248
1 22 2.78 249
1 22 2.78 250
1 22 2.78 251
1 22 2.78 252
1 22 2.78 253
1 22 2.78 254
1 22 2.78 255
1 22 2.78 256
1 22 2.78 257
1 22 2.78 258
1 22 2.78 259
1 22 2.78 260
1 22 2.78 261
1 22 2.78 262
1 22 2.78 263
1 22 2.78 264
1 22 2.78 265
1 22 2.78 266
1 22 2.78 267
1 22 2.78 268
1 22 2.78 269
1 22 2.78 270
1 22 2.78 271
1 22 2.78 272
1 22 2.78 273
1 22 2.78 274
1 22 2.78 275
1 22 2.78 276
1 22 2.78 277
1 22 2.78 278
1 22 2.78 279
1 22 2.77 280
1 22 2.77 281
1 22 2.77 282
1 22 2.77 283
1 22 2.77 284
1 22 2.76 285
1 22 2.77 286
1 22 2.76 287
1 22 2.76 288
1 22 2.76 289
1 22 2.77 290
1 22 2.77 291
1 22 2.77 292
1 22 2.76 293
1 22 2.76 294
1 22 2.76 295
1 22 2.76 296
1 22 2.76 297
1 22 2.76 298
1 22 2.76 299
1 22 2.76 300
1 22 2.76 301
1 22 2.76 302
1 22 2.76 303
1 22 2.76 304
1 22 2.76 305
1 22 2.75 306
1 22 2.75 307
1 22 2.75 308
1 22 2.75 309
1 22 2.75 310
1 22 2.75 311
1 22 2.75 312
1 22 2.75 313
1 22 2.75 314
1 22 2.75 315
1 22 2.74 316
1 22 2.74 317
1 22 2.74 318
1 22 2.74 319
1 22 2.74 320
1 22 2.74 321
1 22 2.74 322
1 22 2.73 323
1 22 2.73 324
1 22 2.73 325
1 22 2.73 326
1 22 2.73 327
1 22 2.73 328
1 22 2.73 329
1 22 2.73 330
1 22 2.73 331
1 22 2.73 332
1 22 2.73 333
1 22 2.73 334
1 22 2.73 335
1 22 2.74 336
1 22 2.74 337
1 22 2.73 338
1 22 2.73 339
1 22 2.74 340
1 22 2.74 341
1 22 2.74 342
1 22 2.75 343
1 22 2.74 344
1 22 2.74 345
1 22 2.75 346
1 22 2.75 347
1 22 2.75 348
1 22 2.75 349
1 22 2.75 350
1 22 2.75 351
1 22 2.75 352
1 22 2.75 353
1 22 2.75 354
1 22 2.75 355
1 22 2.75 356
1 22 2.75 357
1 22 2.75 358
1 22 2.75 359
1 22 2.75 360
1 22 2.75 361
1 22 2.75 362
1 22 2.75 363
1 22 2.75 364
1 22 2.75 365
1 22 2.75 366
1 22 2.75 367
1 22 2.75 368
1 22 2.75 369
1 22 2.75 370
1 22 2.75 371
1 22 2.75 372
1 22 2.75 373
1 22 2.75 374
1 22 2.75 375
1 22 2.74 376
1 22 2.75 377
1 22 2.74 378
1 22 2.74 379
1 22 2.74 380
1 22 2.75 381
1 22 2.75 382
1 22 2.74 383
1 22 2.74 384
1 22 2.74 385
1 22 2.74 386
1 22 2.74 387
1 22 2.74 388
1 22 2.75 389
1 22 2.75 390
1 22 2.75 391
1 22 2.75 392
1 22 2.75 393
1 22 2.75 394
1 22 2.75 395
1 22 2.75 396
1 22 2.75 397
1 22 2.75 398
1 22 2.74 399
1 22 2.75 400
1 22 2.75 401
1 22 2.75 402
1 22 2.75 403
1 22 2.75 404
1 22 2.75 405
1 22 2.75 406
1 22 2.75 407
1 22 2.75 408
1 22 2.74 409
1 22 2.74 410
1 22 2.74 411
1 22 2.74 412
1 22 2.74 413
1 22 2.74 414
1 22 2.75 415
1 22 2.75 416
1 22 2.75 417
1 22 2.75 418
1 22 2.74 419
1 22 2.74 420
1 22 2.74 421
1 22 2.75 422
1 22 2.74 423
1 22 2.74 424
1 22 2.74 425
1 22 2.74 426
1 22 2.75 427
1 22 2.75 428
1 22 2.74 429
1 22 2.74 430
1 22 2.74 431
1 22 2.74 432
1 22 2.74 433
1 22 2.74 434
1 22 2.74 435
1 22 2.74 436
1 22 2.74 437
1 22 2.74 438
1 22 2.74 439
1 22 2.74 440
1 22 2.74 441
1 22 2.74 442
1 22 2.74 443
1 22 2.74 444
1 22 2.74 445
1 22 2.74 446
1 22 2.74 447
1 22 2.73 448
1 22 2.73 449
1 22 2.74 450
1 22 2.74 451
1 22 2.74 452
1 22 2.74 453
1 22 2.74 454
1 22 2.74 455
1 22 2.74 456
1 22 2.74 457
1 22 2.74 458
1 22 2.74 459
1 22 2.74 460
1 22 2.74 461
1 22 2.73 462
1 22 2.73 463
1 22 2.73 464
1 22 2.73 465
1 22 2.73 466
1 22 2.73 467
1 22 2.73 468
1 22 2.73 469
1 22 2.73 470
1 22 2.73 471
1 22 2.73 472
1 22 2.73 473
1 22 2.73 474
1 22 2.73 475
1 22 2.72 476
1 22 2.72 477
1 22 2.72 478
1 22 2.72 479
1 22 2.72 480
1 22 2.72 481
1 22 2.72 482
1 22 2.72 483
1 22 2.72 484
1 22 2.72 485
1 22 2.72 486
1 22 2.72 487
1 22 2.72 488
1 22 2.72 489
1 22 2.72 490
1 22 2.71 491
1 22 2.71 492
1 22 2.71 493
1 22 2.71 494
1 22 2.71 495
1 22 2.71 496
1 22 2.71 497
1 22 2.71 498
1 22 2.72 499
1 22 2.71 500
1 22 2.72 501
1 22 2.72 502
1 22 2.72 503
1 22 2.72 504
1 22 2.72 505
1 22 2.72 506
1 22 2.72 507
1 22 2.72 508
1 22 2.72 509
1 22 2.72 510
1 22 2.72 511
1 22 2.72 512
1 22 2.72 513
1 22 2.72 514
1 22 2.72 515
1 22 2.72 516
1 22 2.73 517
1 22 2.73 518
1 22 2.73 519
1 22 2.73 520
1 22 2.72 521
1 22 2.72 522
1 22 2.72 523
1 22 2.72 524
1 22 2.72 525
1 22 2.72 526
1 22 2.72 527
1 22 2.72 528
1 22 2.72 529
1 22 2.72 530
1 22 2.72 531
1 22 2.72 532
1 22 2.72 533
1 22 2.72 534
1 22 2.72 535
1 22 2.72 536
1 22 2.72 537
1 22 2.72 538
1 22 2.72 539
1 22 2.72 540
0 22 2.71 541
0 22 2.71 542
0 22 2.71 543
0 22 2.71 544
0 22 2.71 545
0 22 2.71 546
0 22 2.71 547
0 22 2.71 548
0 22 2.71 549
0 22 2.71 550
0 22 2.71 551
0 22 2.71 552
0 22 2.71 553
0 22 2.71 554
0 22 2.71 555
0 22 2.71 556
0 22 2.71 557
0 22 2.71 558
0 22 2.70 559
0 22 2.71 560
0 22 2.71 561
0 22 2.70 562
0 22 2.70 563
0 22 2.70 564
0 22 2.70 565
0 22 2.70 566
0 22 2.70 567
0 22 2.70 568
0 22 2.70 569
0 22 2.70 570
0 22 2.70 571
0 22 2.70 572
0 22 2.70 573
0 22 2.70 574
0 22 2.70 575
0 22 2.70 576
0 22 2.70 577
0 22 2.70 578
0 22 2.70 579
0 22 2.70 580
0 22 2.70 581
0 22 2.70 582
0 22 2.70 583
0 22 2.70 584
0 22 2.70 585
0 22 2.70 586
0 22 2.70 587
0 22 2.70 588
0 22 2.70 589
0 22 2.70 590
0 22 2.70 591
0 22 2.70 592
0 22 2.70 593
0 22 2.70 594
0 22 2.70 595
0 22 2.69 596
0 22 2.70 597
0 22 2.70 598
0 22 2.69 599
0 22 2.69 600
0 22 2.70 601
0 22 2.70 602
0 22 2.69 603
0 22 2.70 60