2 2 2.00 1
1 2 1.50 2
1 2 1.67 3
1 2 1.75 4
0 2 1.40 5
0 2 1.50 6
0 2 1.43 7
0 2 1.50 8
0 2 1.56 9
0 2 1.50 10
0 2 1.55 11
0 2 1.50 12
0 2 1.54 13
0 2 1.50 14
0 2 1.47 15
0 2 1.44 16
0 2 1.41 17
0 2 1.39 18
0 2 1.42 19
0 2 1.40 20
0 2 1.33 21
0 2 1.36 22
0 2 1.35 23
0 2 1.38 24
0 2 1.36 25
0 2 1.35 26
0 2 1.37 27
0 2 1.36 28
0 2 1.34 29
0 2 1.33 30
0 2 1.35 31
0 2 1.34 32
0 2 1.36 33
0 2 1.35 34
0 2 1.34 35
0 2 1.36 36
0 2 1.38 37
0 2 1.37 38
0 2 1.38 39
0 2 1.38 40
0 2 1.37 41
0 2 1.38 42
0 2 1.37 43
0 2 1.39 44
0 2 1.38 45
0 2 1.37 46
0 2 1.38 47
0 2 1.40 48
0 2 1.41 49
0 2 1.40 50
0 2 1.41 51
0 2 1.42 52
0 2 1.42 53
0 2 1.41 54
0 2 1.40 55
0 2 1.41 56
0 2 1.40 57
0 2 1.40 58
0 2 1.41 59
0 2 1.42 60
0 2 1.41 61
0 2 1.40 62
0 2 1.41 63
0 2 1.42 64
0 2 1.42 65
0 2 1.39 66
0 2 1.40 67
0 2 1.40 68
0 2 1.39 69
0 2 1.40 70
0 3 1.42 71
0 4 1.46 72
0 4 1.47 73
0 4 1.46 74
0 4 1.45 75
0 4 1.46 76
0 4 1.45 77
0 4 1.46 78
0 4 1.47 79
0 4 1.46 80
0 4 1.47 81
0 4 1.46 82
0 4 1.47 83
0 4 1.46 84
0 4 1.48 85
0 4 1.49 86
0 4 1.48 87
0 4 1.49 88
0 4 1.48 89
0 4 1.48 90
0 4 1.47 91
0 4 1.48 92
0 4 1.48 93
0 4 1.48 94
0 4 1.47 95
0 4 1.48 96
0 4 1.48 97
0 4 1.47 98
0 4 1.46 99
0 4 1.46 100
0 4 1.45 101
0 4 1.44 102
0 4 1.44 103
0 4 1.42 104
0 4 1.43 105
0 4 1.42 106
0 4 1.42 107
0 4 1.42 108
0 4 1.42 109
0 4 1.43 110
0 4 1.43 111
0 4 1.44 112
0 4 1.44 113
0 4 1.43 114
0 4 1.43 115
0 4 1.42 116
0 4 1.43 117
0 4 1.43 118
0 4 1.44 119
0 4 1.43 120
0 4 1.44 121
0 4 1.43 122
0 4 1.43 123
0 4 1.43 124
0 4 1.42 125
0 4 1.43 126
0 4 1.43 127
0 4 1.43 128
0 4 1.43 129
0 4 1.42 130
0 4 1.43 131
0 4 1.42 132
0 4 1.42 133
0 4 1.43 134
0 4 1.43 135
0 4 1.43 136
0 4 1.44 137
0 4 1.43 138
0 4 1.44 139
0 4 1.44 140
0 4 1.44 141
0 4 1.44 142
0 4 1.43 143
0 4 1.43 144
0 4 1.43 145
0 4 1.43 146
0 4 1.43 147
0 4 1.43 148
0 4 1.43 149
0 4 1.43 150
0 4 1.43 151
0 4 1.43 152
0 4 1.42 153
0 4 1.44 154
0 4 1.43 155
0 4 1.43 156
0 4 1.43 157
0 4 1.42 158
0 4 1.43 159
0 4 1.43 160
0 4 1.43 161
0 4 1.43 162
0 4 1.44 163
0 4 1.43 164
0 4 1.44 165
0 4 1.44 166
0 4 1.44 167
0 4 1.43 168
0 4 1.44 169
0 4 1.44 170
0 4 1.44 171
0 4 1.45 172
0 4 1.45 173
0 4 1.45 174
0 4 1.46 175
0 4 1.46 176
0 4 1.46 177
0 4 1.46 178
0 4 1.46 179
0 4 1.46 180
0 4 1.46 181
0 4 1.46 182
0 4 1.46 183
0 4 1.46 184
0 4 1.46 185
0 4 1.46 186
0 4 1.46 187
0 4 1.46 188
0 4 1.46 189
0 4 1.46 190
0 4 1.47 191
0 4 1.46 192
0 4 1.47 193
0 4 1.46 194
0 4 1.47 195
0 4 1.46 196
0 4 1.47 197
0 4 1.46 198
0 4 1.46 199
0 4 1.46 200
0 4 1.46 201
0 4 1.47 202
0 4 1.47 203
0 4 1.47 204
0 4 1.46 205
0 4 1.46 206
0 4 1.47 207
0 4 1.47 208
0 4 1.47 209
0 4 1.48 210
0 4 1.48 211
0 4 1.48 212
0 4 1.48 213
0 4 1.48 214
0 4 1.49 215
0 4 1.49 216
0 4 1.49 217
0 4 1.49 218
0 4 1.49 219
0 4 1.50 220
0 4 1.49 221
0 4 1.50 222
0 4 1.50 223
0 4 1.50 224
0 4 1.50 225
0 4 1.50 226
0 4 1.50 227
0 4 1.50 228
0 4 1.50 229
0 4 1.50 230
0 4 1.50 231
0 4 1.50 232
0 4 1.50 233
0 4 1.51 234
0 4 1.51 235
0 4 1.50 236
0 4 1.51 237
0 4 1.51 238
0 4 1.51 239
0 4 1.51 240
0 4 1.51 241
0 4 1.51 242
0 4 1.51 243
0 4 1.52 244
0 4 1.51 245
0 4 1.52 246
0 4 1.51 247
0 4 1.51 248
0 4 1.51 249
0 4 1.51 250
0 4 1.51 251
0 4 1.51 252
0 4 1.51 253
0 4 1.51 254
0 4 1.51 255
0 4 1.51 256
0 4 1.51 257
0 4 1.51 258
0 4 1.51 259
0 4 1.51 260
0 4 1.51 261
0 4 1.51 262
0 4 1.51 263
0 4 1.52 264
0 4 1.51 265
0 4 1.51 266
0 4 1.51 267
0 4 1.51 268
0 4 1.51 269
0 4 1.50 270
0 4 1.51 271
0 4 1.51 272
0 4 1.51 273
0 4 1.51 274
0 4 1.50 275
0 4 1.50 276
0 4 1.50 277
0 4 1.50 278
0 4 1.51 279
0 4 1.50 280
0 4 1.50 281
0 4 1.50 282
0 4 1.49 283
0 4 1.50 284
0 4 1.49 285
0 4 1.49 286
0 4 1.49 287
0 4 1.49 288
0 4 1.48 289
0 4 1.49 290
0 4 1.48 291
0 4 1.49 292
0 4 1.48 293
0 4 1.49 294
0 4 1.48 295
0 4 1.48 296
0 4 1.48 297
0 4 1.48 298
0 4 1.48 299
0 4 1.48 300
0 4 1.48 301
0 4 1.48 302
0 4 1.48 303
0 4 1.49 304
0 4 1.49 305
0 4 1.49 306
0 4 1.49 307
0 4 1.49 308
0 4 1.49 309
0 4 1.49 310
0 4 1.49 311
0 4 1.49 312
0 4 1.49 313
0 4 1.49 314
0 4 1.49 315
0 4 1.49 316
0 4 1.49 317
0 4 1.49 318
0 4 1.49 319
0 4 1.49 320
0 4 1.49 321
0 4 1.49 322
0 4 1.49 323
0 4 1.49 324
0 4 1.49 325
0 4 1.49 326
0 4 1.49 327
0 4 1.48 328
0 4 1.49 329
0 4 1.49 330
0 4 1.49 331
0 4 1.49 332
0 4 1.49 333
0 4 1.49 334
0 4 1.49 335
0 4 1.49 336
0 4 1.49 337
0 4 1.49 338
0 4 1.49 339
0 4 1.49 340
0 4 1.49 341
0 4 1.49 342
0 4 1.49 343
0 4 1.49 344
0 4 1.49 345
0 4 1.49 346
0 4 1.50 347
0 4 1.50 348
0 4 1.50 349
0 4 1.50 350
0 4 1.50 351
0 4 1.50 352
0 4 1.50 353
0 4 1.49 354
0 4 1.50 355
0 4 1.50 356
0 4 1.50 357
0 4 1.50 358
0 4 1.50 359
0 4 1.50 360
0 4 1.50 361
0 4 1.50 362
0 4 1.50 363
0 4 1.49 364
0 4 1.50 365
0 4 1.50 366
0 4 1.50 367
0 4 1.50 368
0 4 1.50 369
0 4 1.49 370
0 4 1.50 371
0 4 1.49 372
0 4 1.50 373
0 4 1.50 374
0 4 1.50 375
0 4 1.50 376
0 4 1.50 377
0 4 1.50 378
0 4 1.50 379
0 4 1.50 380
0 4 1.50 381
0 4 1.50 382
0 4 1.50 383
0 4 1.50 384
0 4 1.50 385
0 4 1.50 386
0 4 1.50 387
0 4 1.50 388
0 4 1.50 389
0 4 1.50 390
0 4 1.50 391
0 4 1.50 392
0 4 1.50 393
0 4 1.50 394
0 4 1.50 395
0 4 1.50 396
0 4 1.50 397
0 4 1.50 398
0 4 1.50 399
0 4 1.50 400
0 4 1.50 401
0 4 1.50 402
0 4 1.50 403
0 4 1.50 404
0 4 1.50 405
0 4 1.50 406
0 4 1.50 407
0 4 1.50 408
0 4 1.51 409
0 4 1.50 410
0 4 1.51 411
0 4 1.51 412
0 4 1.51 413
0 4 1.51 414
0 4 1.51 415
0 4 1.51 416
0 4 1.51 417
0 4 1.51 418
0 4 1.51 419
0 4 1.51 420
0 4 1.51 421
0 4 1.51 422
0 4 1.51 423
0 4 1.51 424
0 4 1.52 425
0 4 1.52 426
0 4 1.52 427
0 4 1.52 428
0 4 1.52 429
0 4 1.52 430
0 4 1.52 431
0 4 1.52 432
0 4 1.52 433
0 4 1.52 434
0 4 1.52 435
0 4 1.52 436
0 4 1.52 437
0 4 1.52 438
0 4 1.52 439
0 4 1.52 440
0 4 1.52 441
0 4 1.52 442
0 4 1.51 443
0 4 1.52 444
0 4 1.52 445
0 4 1.52 446
0 4 1.52 447
0 4 1.52 448
0 4 1.52 449
0 4 1.52 450
0 4 1.52 451
0 4 1.52 452
0 4 1.52 453
0 4 1.52 454
0 4 1.52 455
0 4 1.52 456
0 4 1.52 457
0 4 1.52 458
0 4 1.53 459
0 4 1.53 460
0 4 1.52 461
0 4 1.52 462
0 4 1.52 463
0 4 1.53 464
0 4 1.52 465
0 4 1.52 466
0 4 1.52 467
0 4 1.53 468
0 4 1.52 469
0 4 1.53 470
0 4 1.53 471
0 4 1.53 472
0 4 1.53 473
0 22 1.57 474
0 22 1.57 475
0 22 1.57 476
0 22 1.57 477
0 22 1.57 478
0 22 1.57 479
0 22 1.57 480
0 22 1.57 481
0 22 1.57 482
0 22 1.57 483
0 22 1.57 484
0 22 1.57 485
0 22 1.57 486
0 22 1.57 487
0 22 1.57 488
0 22 1.57 489
0 22 1.57 490
0 22 1.57 491
0 22 1.57 492
0 22 1.57 493
0 22 1.57 494
0 22 1.57 495
0 22 1.57 496
0 22 1.57 497
0 22 1.57 498
0 22 1.57 499
0 22 1.57 500
0 22 1.56 501
0 22 1.56 502
0 22 1.56 503
0 22 1.56 504
0 22 1.57 505
0 22 1.57 506
0 22 1.57 507
0 22 1.56 508
0 22 1.56 509
0 22 1.56 510
0 22 1.57 511
0 22 1.57 512
0 22 1.57 513
0 22 1.57 514
0 22 1.57 515
0 22 1.57 516
0 22 1.57 517
0 22 1.57 518
0 22 1.57 519
0 22 1.57 520
0 22 1.57 521
0 22 1.57 522
0 22 1.57 523
0 22 1.57 524
0 22 1.57 525
0 22 1.57 526
0 22 1.57 527
0 22 1.58 528
0 22 1.57 529
0 22 1.58 530
0 22 1.58 531
0 22 1.58 532
0 22 1.58 533
0 22 1.58 534
0 22 1.58 535
0 22 1.58 536
0 22 1.58 537
0 22 1.58 538
0 22 1.58 539
0 22 1.58 540
0 22 1.58 541
0 22 1.58 542
0 22 1.58 543
0 22 1.58 544
0 22 1.58 545
0 22 1.58 546
0 22 1.59 547
0 22 1.58 548
0 22 1.58 549
0 22 1.59 550
0 22 1.58 551
0 22 1.59 552
0 22 1.59 553
0 22 1.58 554
0 22 1.59 555
0 22 1.59 556
0 22 1.59 557
0 22 1.59 558
0 22 1.59 559
0 22 1.59 560
0 22 1.59 561
0 22 1.59 562
0 22 1.59 563
0 22 1.59 564
0 22 1.58 565
0 22 1.58 566
0 22 1.58 567
0 22 1.58 568
0 22 1.58 569
0 22 1.58 570
0 22 1.58 571
0 22 1.58 572
0 22 1.58 573
0 22 1.58 574
0 22 1.58 575
0 22 1.58 576
0 22 1.58 577
0 22 1.58 578
0 22 1.58 579
0 22 1.58 580
0 22 1.58 581
0 22 1.58 582
0 22 1.58 583
0 22 1.57 584
0 22 1.57 585
0 22 1.58 586
0 22 1.58 587
0 22 1.58 588
0 22 1.58 589
0 22 1.58 590
0 22 1.58 591
0 22 1.58 592
0 22 1.58 593
0 22 1.58 594
0 22 1.57 595
0 22 1.58 596
0 22 1.58 597
0 22 1.58 598
0 22 1.58 599
0 22 1.58 600
0 22 1.58 601
0 22 1.58 602
0 22 1.58 603
0 22 1.57 604
0 22 1.58 605
0 22 1.58 606
0 22 1.57 607
0 22 1.58 608
0 22 1.57 609
0 22 1.58 610
0 22 1.57 611
0 22 1.58 612
0 22 1.58 613
0 22 1.58 614
0 22 1.58 615
0 22 1.58 616
0 22 1.58 617
0 22 1.58 618
0 22 1.58 619
0 22 1.57 620
0 22 1.57 621
0 22 1.58 622
0 22 1.57 623
0 22 1.58 624
0 22 1.58 625
0 22 1.58 626
0 22 1.58