4 4 4.00 1
2 4 3.00 2
2 4 3.00 3
2 4 3.00 4
1 4 2.60 5
1 4 2.33 6
1 4 2.14 7
1 4 2.00 8
1 4 1.89 9
1 4 1.90 10
1 4 1.82 11
1 4 1.75 12
1 4 1.77 13
1 4 1.71 14
1 4 1.73 15
1 4 1.75 16
1 4 1.71 17
1 4 1.72 18
1 4 1.74 19
1 4 1.75 20
1 4 1.71 21
1 4 1.68 22
1 4 1.65 23
0 4 1.58 24
0 4 1.56 25
0 4 1.58 26
0 4 1.56 27
0 4 1.54 28
0 4 1.55 29
0 4 1.57 30
0 4 1.55 31
0 4 1.56 32
0 4 1.55 33
0 4 1.56 34
0 4 1.54 35
0 4 1.53 36
0 4 1.54 37
0 4 1.55 38
0 4 1.54 39
0 4 1.55 40
0 4 1.56 41
0 4 1.55 42
0 4 1.56 43
0 4 1.57 44
0 4 1.58 45
0 4 1.57 46
0 4 1.57 47
0 4 1.56 48
0 4 1.57 49
0 4 1.56 50
0 4 1.55 51
0 4 1.54 52
0 4 1.55 53
0 4 1.59 54
0 4 1.58 55
0 4 1.57 56
0 4 1.56 57
0 4 1.57 58
0 4 1.56 59
0 4 1.57 60
0 4 1.57 61
0 4 1.58 62
0 4 1.57 63
0 4 1.58 64
0 4 1.57 65
0 4 1.58 66
0 4 1.57 67
0 4 1.57 68
0 4 1.58 69
0 4 1.57 70
0 4 1.58 71
0 4 1.58 72
0 4 1.58 73
0 4 1.58 74
0 4 1.57 75
0 4 1.57 76
0 4 1.56 77
0 4 1.56 78
0 4 1.56 79
0 4 1.56 80
0 4 1.57 81
0 4 1.56 82
0 4 1.57 83
0 4 1.57 84
0 4 1.58 85
0 4 1.57 86
0 4 1.57 87
0 4 1.58 88
0 4 1.58 89
0 4 1.58 90
0 4 1.58 91
0 4 1.60 92
0 5 1.63 93
0 5 1.63 94
0 5 1.63 95
0 5 1.64 96
0 5 1.64 97
0 5 1.65 98
0 5 1.65 99
0 5 1.66 100
0 5 1.68 101
0 5 1.69 102
0 5 1.67 103
0 5 1.67 104
0 5 1.67 105
0 5 1.66 106
0 5 1.66 107
0 5 1.68 108
0 5 1.67 109
0 5 1.66 110
0 5 1.67 111
0 5 1.67 112
0 5 1.67 113
0 5 1.68 114
0 5 1.69 115
0 5 1.69 116
0 5 1.69 117
0 5 1.69 118
0 5 1.72 119
0 5 1.73 120
0 5 1.73 121
0 5 1.73 122
0 5 1.73 123
0 5 1.73 124
0 5 1.74 125
0 5 1.73 126
0 5 1.73 127
0 5 1.74 128
0 5 1.74 129
0 5 1.75 130
0 5 1.75 131
0 5 1.75 132
0 5 1.74 133
0 5 1.75 134
0 5 1.75 135
0 5 1.75 136
0 5 1.75 137
0 5 1.75 138
0 5 1.76 139
0 5 1.76 140
0 5 1.77 141
0 5 1.76 142
0 5 1.76 143
0 5 1.76 144
0 5 1.77 145
0 5 1.78 146
0 5 1.78 147
0 5 1.78 148
0 5 1.77 149
0 5 1.78 150
0 5 1.77 151
0 5 1.78 152
0 5 1.78 153
0 5 1.78 154
0 5 1.78 155
0 5 1.78 156
0 5 1.78 157
0 5 1.78 158
0 5 1.79 159
0 5 1.79 160
0 5 1.79 161
0 5 1.79 162
0 5 1.79 163
0 5 1.79 164
0 5 1.81 165
0 5 1.81 166
0 5 1.81 167
0 5 1.81 168
0 5 1.81 169
0 5 1.81 170
0 5 1.80 171
0 5 1.79 172
0 5 1.80 173
0 5 1.82 174
0 5 1.82 175
0 5 1.82 176
0 5 1.82 177
0 5 1.82 178
0 5 1.82 179
0 5 1.82 180
0 5 1.82 181
0 5 1.82 182
0 5 1.83 183
0 5 1.83 184
0 5 1.82 185
0 5 1.82 186
0 5 1.82 187
0 5 1.82 188
0 5 1.83 189
0 5 1.82 190
0 5 1.82 191
0 5 1.82 192
0 5 1.82 193
0 5 1.82 194
0 5 1.82 195
0 5 1.81 196
0 5 1.82 197
0 5 1.82 198
0 5 1.81 199
0 5 1.81 200
0 5 1.82 201
0 5 1.82 202
0 5 1.81 203
0 5 1.81 204
0 5 1.81 205
0 5 1.81 206
0 5 1.81 207
0 5 1.81 208
0 5 1.81 209
0 5 1.81 210
0 5 1.81 211
0 5 1.80 212
0 5 1.80 213
0 5 1.80 214
0 5 1.80 215
0 5 1.80 216
0 5 1.80 217
0 5 1.80 218
0 5 1.80 219
0 5 1.80 220
0 5 1.80 221
0 5 1.80 222
0 5 1.80 223
0 5 1.79 224
0 5 1.79 225
0 5 1.78 226
0 5 1.78 227
0 5 1.79 228
0 5 1.78 229
0 5 1.78 230
0 5 1.78 231
0 5 1.78 232
0 5 1.78 233
0 5 1.78 234
0 5 1.77 235
0 5 1.77 236
0 5 1.77 237
0 5 1.77 238
0 5 1.77 239
0 5 1.76 240
0 5 1.76 241
0 5 1.76 242
0 5 1.76 243
0 5 1.76 244
0 5 1.76 245
0 5 1.76 246
0 5 1.76 247
0 5 1.76 248
0 5 1.76 249
0 5 1.76 250
0 5 1.76 251
0 5 1.76 252
0 5 1.77 253
0 5 1.77 254
0 5 1.77 255
0 5 1.77 256
0 5 1.77 257
0 5 1.77 258
0 5 1.77 259
0 5 1.77 260
0 5 1.77 261
0 5 1.77 262
0 5 1.77 263
0 5 1.77 264
0 5 1.77 265
0 5 1.76 266
0 5 1.76 267
0 5 1.76 268
0 5 1.77 269
0 5 1.77 270
0 5 1.77 271
0 5 1.77 272
0 5 1.77 273
0 5 1.77 274
0 5 1.77 275
0 5 1.78 276
0 5 1.78 277
0 5 1.78 278
0 5 1.78 279
0 5 1.77 280
0 5 1.78 281
0 5 1.78 282
0 5 1.78 283
0 5 1.78 284
0 5 1.78 285
0 5 1.78 286
0 5 1.78 287
0 5 1.77 288
0 5 1.77 289
0 5 1.77 290
0 5 1.77 291
0 5 1.77 292
0 5 1.77 293
0 5 1.77 294
0 5 1.77 295
0 5 1.77 296
0 5 1.77 297
0 5 1.78 298
0 5 1.77 299
0 5 1.78 300
0 5 1.78 301
0 5 1.77 302
0 5 1.77 303
0 5 1.77 304
0 5 1.77 305
0 5 1.76 306
0 5 1.77 307
0 5 1.77 308
0 5 1.77 309
0 5 1.77 310
0 5 1.77 311
0 5 1.77 312
0 5 1.77 313
0 5 1.77 314
0 5 1.77 315
0 5 1.78 316
0 5 1.78 317
0 5 1.78 318
0 5 1.77 319
0 5 1.77 320
0 5 1.77 321
0 5 1.77 322
0 5 1.78 323
0 5 1.77 324
0 5 1.78 325
0 5 1.77 326
0 6 1.78 327
0 6 1.78 328
0 6 1.78 329
0 6 1.78 330
0 6 1.78 331
0 6 1.78 332
0 6 1.77 333
0 6 1.78 334
0 6 1.78 335
0 6 1.78 336
0 6 1.78 337
0 6 1.78 338
0 6 1.78 339
0 6 1.78 340
0 6 1.78 341
0 6 1.77 342
0 6 1.77 343
0 6 1.77 344
0 6 1.77 345
0 6 1.77 346
0 6 1.77 347
0 6 1.78 348
0 6 1.78 349
0 6 1.78 350
0 6 1.78 351
0 6 1.78 352
0 6 1.78 353
0 6 1.78 354
0 6 1.78 355
0 6 1.78 356
0 6 1.78 357
0 6 1.78 358
0 6 1.78 359
0 6 1.78 360
0 6 1.78 361
0 6 1.78 362
0 6 1.78 363
0 6 1.78 364
0 6 1.79 365
0 6 1.79 366
0 6 1.79 367
0 6 1.79 368
0 6 1.79 369
0 6 1.79 370
0 6 1.79 371
0 6 1.79 372
0 6 1.79 373
0 6 1.79 374
0 6 1.78 375
0 6 1.78 376
0 6 1.79 377
0 6 1.79 378
0 6 1.79 379
0 6 1.78 380
0 6 1.78 381
0 6 1.79 382
0 6 1.78 383
0 6 1.78 384
0 6 1.78 385
0 6 1.78 386
0 6 1.79 387
0 6 1.79 388
0 6 1.78 389
0 6 1.78 390
0 6 1.79 391
0 6 1.78 392
0 6 1.78 393
0 6 1.78 394
0 6 1.78 395
0 6 1.79 396
0 6 1.79 397
0 6 1.78 398
0 6 1.78 399
0 6 1.78 400
0 6 1.78 401
0 6 1.78 402
0 6 1.78 403
0 6 1.78 404
0 6 1.78 405
0 6 1.78 406
0 6 1.78 407
0 6 1.78 408
0 6 1.78 409
0 6 1.79 410
0 6 1.79 411
0 6 1.79 412
0 6 1.79 413
0 6 1.79 414
0 6 1.79 415
0 6 1.79 416
0 6 1.79 417
0 6 1.79 418
0 6 1.79 419
0 6 1.79 420
0 6 1.79 421
0 6 1.79 422
0 6 1.79 423
0 6 1.79 424
0 6 1.79 425
0 6 1.79 426
0 6 1.79 427
0 6 1.79 428
0 6 1.79 429
0 6 1.79 430
0 6 1.79 431
0 6 1.79 432
0 6 1.79 433
0 6 1.79 434
0 6 1.79 435
0 6 1.79 436
0 6 1.78 437
0 6 1.78 438
0 6 1.78 439
0 6 1.78 440
0 6 1.78 441
0 6 1.78 442
0 6 1.78 443
0 6 1.77 444
0 6 1.78 445
0 6 1.77 446
0 6 1.77 447
0 6 1.77 448
0 6 1.78 449
0 6 1.77 450
0 6 1.77 451
0 6 1.77 452
0 6 1.77 453
0 6 1.77 454
0 6 1.77 455
0 6 1.77 456
0 6 1.77 457
0 6 1.77 458
0 6 1.77 459
0 6 1.77 460
0 6 1.77 461
0 6 1.77 462
0 6 1.77 463
0 6 1.77 464
0 6 1.77 465
0 6 1.77 466
0 6 1.77 467
0 6 1.77 468
0 6 1.77 469
0 6 1.77 470
0 6 1.77 471
0 6 1.77 472
0 6 1.77 473
0 6 1.77 474
0 6 1.77 475
0 6 1.77 476
0 6 1.77 477
0 6 1.77 478
0 6 1.77 479
0 6 1.77 480
0 6 1.77 481
0 6 1.77 482
0 6 1.77 483
0 6 1.77 484
0 6 1.77 485
0 6 1.77 486
0 6 1.77 487
0 6 1.77 488
0 6 1.77 489
0 6 1.77 490
0 6 1.77 491
0 6 1.77 492
0 6 1.77 493
0 6 1.77 494
0 6 1.77 495
0 6 1.77 496
0 6 1.77 497
0 6 1.77 498
0 6 1.77 499
0 6 1.77 500
0 6 1.77 501
0 6 1.77 502
0 6 1.77 503
0 6 1.78 504
0 6 1.77 505
0 6 1.77 506
0 6 1.77 507
0 6 1.77 508
0 6 1.77 509
0 6 1.77 510
0 6 1.77 511
0 6 1.77 512
0 6 1.77 513
0 6 1.77 514
0 6 1.77 515
0 6 1.78 516
0 6 1.78 517
0 6 1.78 518
0 6 1.78 519
0 6 1.78 520
0 6 1.78 521
0 6 1.78 522
0 6 1.78 523
0 6 1.78 524
0 6 1.78 525
0 6 1.78 526
0 6 1.78 527
0 6 1.78 528
0 6 1.78 529
0 6 1.78 530
0 6 1.78 531
0 6 1.78 532
0 6 1.78 533
0 6 1.78 534
0 6 1.78 535
0 6 1.78 536
0 6 1.78 537
0 6 1.78 538
0 6 1.78 539
0 6 1.78 540
0 6 1.78 541
0 6 1.78 542
0 6 1.78 543
0 6 1.78 544
0 6 1.78 545
0 6 1.78 546
0 6 1.78 547
0 6 1.78 548
0 6 1.78 549
0 6 1.78 550
0 6 1.78 551
0 6 1.78 552
0 6 1.78 553
0 6 1.78 554
0 6 1.78 555
0 6 1.78 556
0 6 1.78 557
0 6 1.78 558
0 6 1.78 559
0 6 1.78 560
0 30 1.83 561
0 30 1.83 562
0 30 1.83 563
0 30 1.83 564
0 30 1.83 565
0 30 1.83 566
0 30 1.83 567
0 30 1.83 568
0 30 1.83 569
0 30 1.83 570
0 30 1.83 571
0 30 1.83 572
0 30 1.83 573
0 30 1.83 574
0 30 1.83 575
0 30 1.83 576
0 30 1.83 577
0 30 1.83 578
0 30 1.83 579
0 30 1.83 580
0 30 1.83 581
0 30 1.83 582
0 30 1.83 583
0 30 1.83 584
0 30 1.83 585
0 30 1.83 586
0 30 1.83 587
0 30 1.83 588
0 30 1.83 589
0 30 1.83 590
0 30 1.83 591
0 30 1.83 592
0 30 1.83 593
0 30 1.83 594
0 30 1.83 595
0 30 1.83 596
0 30 1.83 597
0 30 1.83 598
0 30 1.83 599
0 30 1.83 600
0 30 1.83 601
0 30 1.84 602
0 30 1.84 603
0 30 1.84 604
0 30 1.84 605
0 30 1.83 606
0 30 1.84 607
0 30 1.84 608
0 30 1.84 609
0 30 1.83 610
0 30 1.83 611
0 30 1.83 612
0 30 1.83 613
0 30 1.83 614
0 30 1.83 615
0 30 1.83 616
0 30 1.83 617
0 30 1.83 618
0 30 1.83 619
0 30 1.83 620
0 30 1.83 621
0 30 1.83 622
0 30 1.83 623
0 30 1.83 624
0 30 1.83 625
0 30 1.83 626
0 30 1.83 627
0 30 1.83 628
0 30 1.83 629
0 30 1.83 630
0 30 1.83 631
0 30 1.83 632
0 30 1.83 63