1 1 1.00 1
1 2 1.50 2
1 2 1.67 3
1 2 1.75 4
1 2 1.80 5
1 2 1.83 6
1 2 1.71 7
1 2 1.62 8
1 2 1.67 9
1 2 1.70 10
1 2 1.64 11
1 2 1.67 12
1 2 1.62 13
1 2 1.64 14
1 2 1.60 15
1 2 1.62 16
1 2 1.65 17
1 2 1.61 18
1 2 1.58 19
1 2 1.55 20
1 2 1.57 21
1 2 1.55 22
1 2 1.52 23
1 2 1.54 24
1 2 1.52 25
1 2 1.50 26
1 2 1.52 27
1 2 1.54 28
1 3 1.59 29
1 3 1.57 30
1 3 1.61 31
1 3 1.62 32
1 3 1.61 33
1 3 1.59 34
1 3 1.57 35
1 3 1.56 36
1 3 1.54 37
1 3 1.55 38
1 3 1.56 39
1 3 1.57 40
1 3 1.56 41
1 3 1.55 42
1 3 1.53 43
1 3 1.52 44
1 3 1.53 45
1 3 1.52 46
1 3 1.51 47
0 3 1.48 48
0 3 1.47 49
0 3 1.46 50
0 3 1.45 51
0 3 1.46 52
0 3 1.45 53
0 3 1.46 54
0 3 1.45 55
0 3 1.48 56
0 3 1.49 57
0 3 1.48 58
0 3 1.49 59
0 3 1.48 60
0 3 1.49 61
0 3 1.48 62
0 3 1.48 63
0 3 1.48 64
0 3 1.48 65
0 3 1.48 66
0 3 1.48 67
0 3 1.47 68
0 3 1.46 69
0 3 1.47 70
0 3 1.48 71
0 3 1.49 72
0 3 1.48 73
0 3 1.49 74
0 3 1.48 75
0 3 1.47 76
0 3 1.45 77
0 3 1.45 78
0 3 1.44 79
0 3 1.44 80
0 3 1.42 81
0 3 1.43 82
0 3 1.42 83
0 3 1.43 84
0 3 1.42 85
0 3 1.43 86
0 3 1.41 87
0 3 1.42 88
0 3 1.42 89
0 3 1.43 90
0 3 1.44 91
0 3 1.45 92
0 3 1.44 93
0 3 1.44 94
0 3 1.44 95
0 3 1.45 96
0 3 1.44 97
0 3 1.44 98
0 3 1.43 99
0 3 1.44 100
0 3 1.43 101
0 3 1.43 102
0 3 1.43 103
0 3 1.42 104
0 3 1.42 105
0 3 1.42 106
0 3 1.42 107
0 3 1.42 108
0 3 1.42 109
0 3 1.43 110
0 3 1.42 111
0 3 1.42 112
0 3 1.42 113
0 3 1.41 114
0 3 1.41 115
0 3 1.41 116
0 3 1.41 117
0 3 1.41 118
0 3 1.41 119
0 3 1.41 120
0 3 1.40 121
0 3 1.40 122
0 3 1.40 123
0 3 1.40 124
0 3 1.40 125
0 3 1.40 126
0 3 1.40 127
0 3 1.40 128
0 3 1.40 129
0 3 1.41 130
0 3 1.40 131
0 3 1.39 132
0 3 1.39 133
0 3 1.40 134
0 3 1.39 135
0 3 1.40 136
0 3 1.40 137
0 3 1.40 138
0 3 1.40 139
0 3 1.39 140
0 3 1.38 141
0 3 1.39 142
0 3 1.38 143
0 3 1.40 144
0 3 1.39 145
0 3 1.39 146
0 3 1.39 147
0 3 1.39 148
0 3 1.38 149
0 3 1.39 150
0 3 1.38 151
0 3 1.38 152
0 3 1.38 153
0 3 1.38 154
0 3 1.37 155
0 3 1.37 156
0 3 1.37 157
0 3 1.37 158
0 3 1.37 159
0 3 1.37 160
0 3 1.36 161
0 3 1.36 162
0 3 1.37 163
0 3 1.36 164
0 3 1.36 165
0 3 1.37 166
0 3 1.37 167
0 3 1.36 168
0 3 1.37 169
0 3 1.36 170
0 3 1.36 171
0 3 1.37 172
0 3 1.36 173
0 3 1.37 174
0 3 1.37 175
0 3 1.36 176
0 4 1.38 177
0 4 1.38 178
0 4 1.38 179
0 4 1.38 180
0 4 1.39 181
0 4 1.38 182
0 4 1.38 183
0 4 1.39 184
0 4 1.38 185
0 4 1.39 186
0 4 1.39 187
0 4 1.39 188
0 4 1.39 189
0 4 1.38 190
0 4 1.38 191
0 4 1.38 192
0 4 1.37 193
0 4 1.38 194
0 4 1.37 195
0 4 1.37 196
0 4 1.37 197
0 4 1.37 198
0 4 1.37 199
0 4 1.37 200
0 4 1.37 201
0 4 1.37 202
0 4 1.37 203
0 4 1.37 204
0 4 1.37 205
0 4 1.37 206
0 4 1.37 207
0 4 1.37 208
0 4 1.36 209
0 4 1.36 210
0 4 1.36 211
0 4 1.37 212
0 4 1.37 213
0 4 1.37 214
0 4 1.37 215
0 4 1.37 216
0 4 1.37 217
0 4 1.37 218
0 4 1.37 219
0 4 1.36 220
0 4 1.36 221
0 4 1.36 222
0 4 1.36 223
0 4 1.36 224
0 4 1.36 225
0 4 1.36 226
0 4 1.36 227
0 4 1.36 228
0 4 1.36 229
0 4 1.36 230
0 4 1.36 231
0 4 1.36 232
0 4 1.36 233
0 4 1.37 234
0 4 1.37 235
0 4 1.37 236
0 4 1.37 237
0 4 1.37 238
0 4 1.36 239
0 4 1.37 240
0 4 1.37 241
0 4 1.37 242
0 4 1.37 243
0 4 1.37 244
0 4 1.37 245
0 4 1.37 246
0 4 1.38 247
0 4 1.38 248
0 4 1.37 249
0 4 1.37 250
0 4 1.38 251
0 4 1.37 252
0 4 1.37 253
0 4 1.37 254
0 4 1.37 255
0 4 1.37 256
0 4 1.37 257
0 4 1.37 258
0 4 1.37 259
0 4 1.37 260
0 4 1.37 261
0 4 1.37 262
0 4 1.37 263
0 4 1.36 264
0 4 1.36 265
0 4 1.36 266
0 4 1.36 267
0 4 1.36 268
0 4 1.36 269
0 4 1.36 270
0 4 1.36 271
0 4 1.36 272
0 4 1.36 273
0 4 1.35 274
0 4 1.35 275
0 4 1.35 276
0 4 1.35 277
0 4 1.35 278
0 4 1.35 279
0 4 1.35 280
0 4 1.35 281
0 4 1.34 282
0 4 1.34 283
0 4 1.34 284
0 4 1.34 285
0 4 1.34 286
0 4 1.34 287
0 4 1.34 288
0 4 1.35 289
0 4 1.34 290
0 4 1.34 291
0 4 1.34 292
0 4 1.34 293
0 4 1.34 294
0 4 1.35 295
0 4 1.34 296
0 4 1.34 297
0 4 1.35 298
0 4 1.34 299
0 4 1.34 300
0 4 1.34 301
0 4 1.34 302
0 4 1.34 303
0 4 1.34 304
0 4 1.34 305
0 4 1.34 306
0 4 1.34 307
0 4 1.33 308
0 4 1.33 309
0 4 1.34 310
0 4 1.33 311
0 4 1.33 312
0 4 1.33 313
0 4 1.33 314
0 4 1.33 315
0 4 1.34 316
0 4 1.33 317
0 4 1.33 318
0 4 1.33 319
0 4 1.33 320
0 4 1.33 321
0 4 1.33 322
0 4 1.33 323
0 4 1.32 324
0 4 1.33 325
0 4 1.33 326
0 4 1.33 327
0 4 1.33 328
0 4 1.33 329
0 4 1.32 330
0 4 1.32 331
0 4 1.33 332
0 4 1.33 333
0 4 1.33 334
0 4 1.33 335
0 4 1.33 336
0 4 1.33 337
0 4 1.33 338
0 4 1.33 339
0 4 1.33 340
0 4 1.33 341
0 4 1.33 342
0 4 1.33 343
0 4 1.33 344
0 4 1.33 345
0 4 1.33 346
0 4 1.33 347
0 4 1.33 348
0 4 1.33 349
0 4 1.33 350
0 4 1.33 351
0 4 1.33 352
0 4 1.33 353
0 4 1.33 354
0 4 1.33 355
0 4 1.33 356
0 4 1.33 357
0 4 1.33 358
0 4 1.33 359
0 4 1.32 360
0 4 1.32 361
0 4 1.32 362
0 4 1.32 363
0 4 1.32 364
0 4 1.32 365
0 4 1.32 366
0 4 1.32 367
0 4 1.32 368
0 4 1.33 369
0 4 1.33 370
0 4 1.33 371
0 4 1.34 372
0 4 1.34 373
0 4 1.34 374
0 4 1.34 375
0 4 1.34 376
0 4 1.33 377
0 4 1.33 378
0 4 1.33 379
0 4 1.33 380
0 4 1.33 381
0 4 1.33 382
0 4 1.33 383
0 4 1.33 384
0 4 1.33 385
0 4 1.33 386
0 4 1.33 387
0 4 1.34 388
0 4 1.34 389
0 4 1.34 390
0 4 1.34 391
0 4 1.33 392
0 4 1.33 393
0 4 1.34 394
0 4 1.33 395
0 4 1.33 396
0 4 1.33 397
0 4 1.33 398
0 4 1.33 399
0 4 1.33 400
0 4 1.33 401
0 4 1.33 402
0 4 1.33 403
0 4 1.33 404
0 4 1.33 405
0 4 1.33 406
0 4 1.33 407
0 4 1.34 408
0 4 1.33 409
0 4 1.34 410
0 4 1.34 411
0 4 1.33 412
0 4 1.33 413
0 4 1.34 414
0 4 1.33 415
0 4 1.34 416
0 4 1.34 417
0 4 1.34 418
0 4 1.34 419
0 4 1.34 420
0 4 1.34 421
0 4 1.34 422
0 4 1.34 423
0 4 1.34 424
0 17 1.38 425
0 17 1.38 426
0 17 1.38 427
0 17 1.38 428
0 17 1.38 429
0 17 1.38 430
0 17 1.38 431
0 17 1.38 432
0 17 1.38 433
0 17 1.38 434
0 17 1.38 435
0 17 1.38 436
0 17 1.38 437
0 17 1.38 438
0 17 1.38 439
0 17 1.38 440
0 17 1.37 441
0 17 1.37 442
0 17 1.37 443
0 17 1.37 444
0 17 1.37 445
0 17 1.37 446
0 17 1.38 447
0 17 1.38 448
0 17 1.38 449
0 17 1.38 450
0 17 1.38 451
0 17 1.38 452
0 17 1.38 453
0 17 1.37 454
0 17 1.38 455
0 17 1.38 456
0 17 1.38 457
0 17 1.38 458
0 17 1.38 459
0 17 1.38 460
0 17 1.38 461
0 17 1.37 462
0 17 1.38 463
0 17 1.38 464
0 17 1.37 465
0 17 1.37 466
0 17 1.37 467
0 17 1.37 468
0 17 1.37 469
0 17 1.37 470
0 17 1.37 471
0 17 1.37 472
0 17 1.37 473
0 17 1.37 474
0 17 1.37 475
0 17 1.37 476
0 17 1.38 477
0 17 1.38 478
0 17 1.38 479
0 17 1.38 480
0 17 1.38 481
0 17 1.38 482
0 17 1.38 483
0 17 1.38 484
0 17 1.38 485
0 17 1.38 486
0 17 1.38 487
0 17 1.38 488
0 17 1.38 489
0 17 1.38 490
0 17 1.39 491
0 17 1.39 492
0 17 1.39 493
0 17 1.39 494
0 17 1.39 495
0 17 1.39 496
0 17 1.39 497
0 17 1.39 498
0 17 1.39 499
0 17 1.39 500
0 17 1.39 501
0 17 1.39 502
0 17 1.39 503
0 17 1.39 504
0 17 1.39 505
0 17 1.39 506
0 17 1.39 507
0 17 1.39 508
0 17 1.39 509
0 17 1.39 510
0 17 1.39 511
0 17 1.39 512
0 17 1.39 513
0 17 1.39 514
0 17 1.40 515
0 17 1.40 516
0 17 1.40 517
0 17 1.40 518
0 17 1.40 519
0 17 1.40 520
0 17 1.40 521
0 17 1.40 522
0 17 1.40 523
0 17 1.40 524
0 17 1.40 525
0 17 1.40 526
0 17 1.40 527
0 17 1.40 528
0 17 1.40 529
0 17 1.40 530
0 17 1.40 531
0 17 1.40 532
0 17 1.40 533
0 17 1.40 534
0 17 1.40 535
0 17 1.40 536
0 17 1.40 537
0 17 1.40 538
0 17 1.40 539
0 17 1.40 540
0 17 1.40 541
0 17 1.40 542
0 17 1.40 543
0 17 1.40 544
0 17 1.40 545
0 17 1.40 546
0 17 1.40 547
0 17 1.41 548
0 17 1.40 549
0 17 1.40 550
0 17 1.40 551
0 17 1.41 552
0 17 1.41 553
0 17 1.41 554
0 17 1.41 555
0 17 1.40 556
0 17 1.40 557
0 17 1.41 558
0 17 1.40 559
0 17 1.41 560
0 17 1.40 561
0 17 1.40 562
0 17 1.40 563
0 17 1.40 564
0 17 1.40 565
0 17 1.41 566
0 17 1.41 567
0 17 1.41 568
0 17 1.41 569
0 17 1.41 570
0 17 1.41 571
0 17 1.41 572
0 17 1.42 573
0 17 1.41 574
0 17 1.42 575
0 17 1.41 576
0 17 1.42 577
0 17 1.42 578
0 17 1.42 579
0 17 1.42 580
0 17 1.42 581
0 17 1.42 582
0 17 1.42 583
0 17 1.42 584
0 17 1.42 585
0 17 1.42 586
0 17 1.42 587
0 17 1.41 588
0 17 1.41 589
0 17 1.42 590
0 17 1.42 591
0 17 1.42 592
0 17 1.42 593
0 17 1.42 594
0 17 1.42 595
0 17 1.42 596
0 17 1.42 597
0 17 1.42 598
0 17 1.42 599
0 17 1.43 600
0 17 1.43 601
0 17 1.43 602
0 17 1.43 603
0 17 1.43 604
0 17 1.43 605
0 17 1.43 606
0 17 1.43 607
0 17 1.43 608
0 17 1.43 609
0 17 1.43 610
0 17 1.43 611
0 17 1.43 612
0 17 1.43 613
0 17 1.43 614
0 17 1.43 615
0 17 1.43 616
0 17 1.43 617
0 17 1.43 618
0 17 1.43 619
0 17 1.43 620
0 17 1.43 621
0 17 1.43 622
0 17 1.43 623
0 