0 0 0.00 1
0 0 0.00 2
0 0 0.00 3
0 0 0.00 4
0 0 0.00 5
0 0 0.00 6
0 0 0.00 7
0 0 0.00 8
0 0 0.00 9
0 0 0.00 10
0 0 0.00 11
0 1 0.08 12
0 1 0.08 13
0 1 0.14 14
0 1 0.13 15
0 1 0.12 16
0 1 0.12 17
0 1 0.11 18
0 1 0.16 19
0 1 0.15 20
0 1 0.14 21
0 1 0.18 22
0 1 0.17 23
0 1 0.17 24
0 1 0.16 25
0 1 0.15 26
0 1 0.15 27
0 1 0.14 28
0 1 0.17 29
0 1 0.17 30
0 1 0.16 31
0 1 0.19 32
0 1 0.18 33
0 1 0.18 34
0 1 0.20 35
0 1 0.19 36
0 1 0.19 37
0 1 0.21 38
0 1 0.21 39
0 1 0.20 40
0 1 0.22 41
0 1 0.21 42
0 1 0.21 43
0 1 0.20 44
0 1 0.20 45
0 1 0.20 46
0 1 0.19 47
0 1 0.19 48
0 1 0.18 49
0 1 0.18 50
0 1 0.18 51
0 1 0.19 52
0 1 0.19 53
0 1 0.19 54
0 1 0.18 55
0 1 0.20 56
0 1 0.19 57
0 1 0.19 58
0 1 0.20 59
0 1 0.20 60
0 1 0.20 61
0 1 0.19 62
0 1 0.19 63
0 1 0.20 64
0 1 0.20 65
0 1 0.20 66
0 1 0.19 67
0 1 0.21 68
0 1 0.20 69
0 1 0.20 70
0 1 0.20 71
0 1 0.19 72
0 1 0.19 73
0 1 0.19 74
0 1 0.19 75
0 1 0.20 76
0 1 0.19 77
0 1 0.19 78
0 1 0.19 79
0 1 0.20 80
0 1 0.20 81
0 1 0.20 82
0 1 0.19 83
0 1 0.19 84
0 1 0.20 85
0 1 0.20 86
0 1 0.20 87
0 1 0.19 88
0 1 0.20 89
0 1 0.20 90
0 1 0.20 91
0 1 0.20 92
0 1 0.20 93
0 1 0.20 94
0 1 0.20 95
0 1 0.20 96
0 1 0.20 97
0 1 0.20 98
0 1 0.20 99
0 1 0.20 100
0 1 0.20 101
0 1 0.21 102
0 1 0.20 103
0 1 0.20 104
0 1 0.20 105
0 1 0.20 106
0 1 0.20 107
0 1 0.19 108
0 1 0.19 109
0 1 0.19 110
0 1 0.19 111
0 1 0.19 112
0 1 0.19 113
0 1 0.19 114
0 1 0.19 115
0 1 0.19 116
0 1 0.19 117
0 1 0.19 118
0 1 0.18 119
0 1 0.19 120
0 1 0.19 121
0 1 0.20 122
0 1 0.20 123
0 1 0.19 124
0 1 0.19 125
0 1 0.19 126
0 1 0.19 127
0 1 0.19 128
0 1 0.19 129
0 1 0.19 130
0 1 0.19 131
0 1 0.19 132
0 1 0.19 133
0 1 0.19 134
0 1 0.19 135
0 1 0.18 136
0 1 0.18 137
0 1 0.18 138
0 1 0.18 139
0 1 0.18 140
0 1 0.18 141
0 1 0.18 142
0 1 0.18 143
0 1 0.18 144
0 1 0.18 145
0 1 0.18 146
0 1 0.18 147
0 1 0.18 148
0 1 0.18 149
0 1 0.18 150
0 1 0.18 151
0 1 0.18 152
0 1 0.18 153
0 1 0.18 154
0 1 0.19 155
0 1 0.19 156
0 1 0.18 157
0 1 0.18 158
0 1 0.18 159
0 1 0.18 160
0 1 0.19 161
0 1 0.19 162
0 1 0.18 163
0 1 0.19 164
0 1 0.19 165
0 1 0.19 166
0 1 0.19 167
0 1 0.19 168
0 1 0.19 169
0 1 0.19 170
0 1 0.19 171
0 1 0.19 172
0 1 0.19 173
0 1 0.19 174
0 1 0.19 175
0 1 0.19 176
0 1 0.19 177
0 1 0.19 178
0 1 0.19 179
0 1 0.19 180
0 1 0.19 181
0 1 0.19 182
0 1 0.19 183
0 1 0.19 184
0 1 0.19 185
0 1 0.19 186
0 1 0.19 187
0 1 0.19 188
0 1 0.19 189
0 1 0.19 190
0 1 0.19 191
0 1 0.19 192
0 1 0.19 193
0 1 0.19 194
0 1 0.18 195
0 1 0.19 196
0 1 0.19 197
0 1 0.19 198
0 1 0.19 199
0 1 0.18 200
0 1 0.18 201
0 1 0.19 202
0 1 0.19 203
0 1 0.19 204
0 1 0.19 205
0 1 0.19 206
0 1 0.19 207
0 1 0.19 208
0 1 0.19 209
0 1 0.19 210
0 1 0.19 211
0 1 0.19 212
0 1 0.19 213
0 1 0.19 214
0 1 0.19 215
0 1 0.19 216
0 1 0.19 217
0 1 0.19 218
0 1 0.19 219
0 1 0.19 220
0 1 0.19 221
0 1 0.18 222
0 1 0.18 223
0 1 0.18 224
0 1 0.18 225
0 1 0.18 226
0 1 0.18 227
0 1 0.18 228
0 1 0.18 229
0 1 0.18 230
0 1 0.18 231
0 1 0.18 232
0 1 0.18 233
0 1 0.18 234
0 1 0.18 235
0 1 0.18 236
0 1 0.19 237
0 1 0.18 238
0 1 0.18 239
0 1 0.18 240
0 1 0.18 241
0 1 0.18 242
0 1 0.18 243
0 1 0.18 244
0 1 0.18 245
0 1 0.18 246
0 1 0.18 247
0 1 0.19 248
0 1 0.18 249
0 1 0.18 250
0 1 0.18 251
0 1 0.18 252
0 1 0.18 253
0 1 0.18 254
0 1 0.18 255
0 1 0.18 256
0 1 0.18 257
0 1 0.18 258
0 1 0.18 259
0 1 0.18 260
0 1 0.18 261
0 1 0.18 262
0 1 0.18 263
0 1 0.18 264
0 1 0.18 265
0 1 0.18 266
0 1 0.18 267
0 1 0.18 268
0 1 0.18 269
0 1 0.18 270
0 1 0.18 271
0 1 0.18 272
0 1 0.18 273
0 1 0.18 274
0 1 0.19 275
0 1 0.18 276
0 1 0.19 277
0 1 0.19 278
0 1 0.19 279
0 1 0.19 280
0 1 0.19 281
0 1 0.19 282
0 1 0.19 283
0 1 0.19 284
0 1 0.19 285
0 1 0.19 286
0 1 0.20 287
0 1 0.20 288
0 1 0.20 289
0 1 0.20 290
0 1 0.20 291
0 1 0.20 292
0 1 0.20 293
0 1 0.20 294
0 1 0.20 295
0 1 0.20 296
0 1 0.20 297
0 1 0.20 298
0 1 0.20 299
0 1 0.20 300
0 1 0.20 301
0 1 0.20 302
0 1 0.20 303
0 1 0.20 304
0 1 0.20 305
0 1 0.20 306
0 1 0.20 307
0 1 0.20 308
0 1 0.20 309
0 1 0.20 310
0 1 0.20 311
0 1 0.20 312
0 1 0.20 313
0 1 0.20 314
0 1 0.20 315
0 1 0.20 316
0 1 0.20 317
0 1 0.20 318
0 1 0.20 319
0 1 0.20 320
0 1 0.20 321
0 1 0.20 322
0 1 0.20 323
0 1 0.20 324
0 1 0.20 325
0 1 0.20 326
0 1 0.20 327
0 1 0.20 328
0 1 0.20 329
0 1 0.20 330
0 1 0.20 331
0 1 0.20 332
0 1 0.20 333
0 1 0.20 334
0 1 0.20 335
0 1 0.20 336
0 1 0.20 337
0 1 0.20 338
0 1 0.20 339
0 1 0.20 340
0 1 0.20 341
0 1 0.20 342
0 1 0.20 343
0 1 0.19 344
0 1 0.19 345
0 1 0.20 346
0 1 0.20 347
0 1 0.20 348
0 1 0.20 349
0 1 0.20 350
0 1 0.20 351
0 1 0.20 352
0 1 0.20 353
0 1 0.20 354
0 1 0.20 355
0 1 0.20 356
0 1 0.20 357
0 1 0.20 358
0 1 0.19 359
0 1 0.19 360
0 1 0.19 361
0 1 0.19 362
0 1 0.19 363
0 1 0.19 364
0 1 0.19 365
0 1 0.19 366
0 1 0.19 367
0 1 0.20 368
0 1 0.20 369
0 1 0.19 370
0 1 0.20 371
0 1 0.20 372
0 1 0.20 373
0 1 0.20 374
0 1 0.20 375
0 1 0.20 376
0 1 0.20 377
0 1 0.20 378
0 1 0.20 379
0 1 0.20 380
0 1 0.20 381
0 1 0.20 382
0 1 0.20 383
0 1 0.20 384
0 1 0.20 385
0 1 0.20 386
0 1 0.20 387
0 1 0.20 388
0 1 0.20 389
0 1 0.20 390
0 1 0.20 391
0 1 0.20 392
0 1 0.20 393
0 1 0.20 394
0 1 0.19 395
0 1 0.20 396
0 1 0.20 397
0 1 0.20 398
0 1 0.20 399
0 1 0.20 400
0 1 0.19 401
0 1 0.19 402
0 1 0.19 403
0 1 0.19 404
0 1 0.19 405
0 1 0.19 406
0 1 0.19 407
0 1 0.19 408
0 1 0.19 409
0 1 0.19 410
0 1 0.19 411
0 1 0.19 412
0 1 0.19 413
0 1 0.19 414
0 1 0.19 415
0 1 0.19 416
0 1 0.19 417
0 1 0.19 418
0 1 0.19 419
0 1 0.19 420
0 1 0.19 421
0 1 0.19 422
0 1 0.19 423
0 1 0.19 424
0 1 0.19 425
0 1 0.19 426
0 1 0.19 427
0 1 0.19 428
0 1 0.19 429
0 1 0.19 430
0 1 0.19 431
0 1 0.19 432
0 1 0.19 433
0 1 0.19 434
0 1 0.19 435
0 1 0.19 436
0 1 0.19 437
0 1 0.19 438
0 1 0.19 439
0 1 0.19 440
0 1 0.19 441
0 1 0.19 442
0 1 0.19 443
0 1 0.19 444
0 1 0.19 445
0 1 0.19 446
0 1 0.19 447
0 1 0.19 448
0 1 0.19 449
0 1 0.19 450
0 1 0.19 451
0 1 0.19 452
0 1 0.19 453
0 1 0.19 454
0 1 0.19 455
0 1 0.19 456
0 1 0.19 457
0 1 0.19 458
0 1 0.19 459
0 1 0.19 460
0 1 0.19 461
0 1 0.19 462
0 1 0.19 463
0 1 0.19 464
0 1 0.19 465
0 1 0.19 466
0 1 0.19 467
0 1 0.19 468
0 1 0.20 469
0 1 0.20 470
0 1 0.20 471
0 1 0.20 472
0 1 0.20 473
0 1 0.20 474
0 1 0.20 475
0 1 0.20 476
0 1 0.20 477
0 1 0.20 478
0 1 0.20 479
0 1 0.20 480
0 1 0.20 481
0 1 0.20 482
0 1 0.20 483
0 1 0.20 484
0 1 0.20 485
0 1 0.20 486
0 1 0.20 487
0 1 0.20 488
0 1 0.20 489
0 1 0.20 490
0 1 0.20 491
0 1 0.20 492
0 1 0.20 493
0 1 0.20 494
0 1 0.20 495
0 1 0.20 496
0 1 0.20 497
0 1 0.20 498
0 1 0.20 499
0 1 0.20 500
0 1 0.20 501
0 1 0.20 502
0 1 0.20 503
0 1 0.20 504
0 1 0.20 505
0 1 0.20 506
0 1 0.20 507
0 1 0.20 508
0 1 0.20 509
0 1 0.20 510
0 1 0.20 511
0 1 0.20 512
0 1 0.20 513
0 1 0.20 514
0 1 0.20 515
0 1 0.20 516
0 1 0.20 517
0 1 0.20 518
0 1 0.20 519
0 1 0.20 520
0 1 0.20 521
0 1 0.20 522
0 1 0.20 523
0 1 0.20 524
0 1 0.20 525
0 1 0.20 526
0 1 0.20 527
0 1 0.20 528
0 1 0.20 529
0 1 0.20 530
0 1 0.20 531
0 1 0.20 532
0 1 0.20 533
0 1 0.20 534
0 1 0.20 535
0 1 0.20 536
0 1 0.20 537
0 1 0.20 538
0 1 0.20 539
0 1 0.20 540
0 1 0.20 541
0 1 0.20 542
0 1 0.20 543
0 1 0.20 544
0 1 0.20 545
0 1 0.20 546
0 1 0.20 547
0 1 0.20 548
0 1 0.20 549
0 1 0.20 550
0 1 0.20 551
0 1 0.20 552
0 1 0.20 553
0 1 0.20 554
0 1 0.20 555
0 1 0.20 556
0 1 0.20 557
0 1 0.20 558
0 1 0.20 559
0 1 0.20 560
0 1 0.20 561
0 1 0.20 562
0 1 0.20 563
0 1 0.20 564
0 1 0.20 565
0 1 0.20 566
0 1 0.20 567
0 1 0.20 568
0 1 0.20 569
0 1 0.20 570
0 1 0.20 571
0 1 0.20 572
0 1 0.20 573
0 1 0.20 574
0 1 0.20 575
0 1 0.20 576
0 1 0.20 577
0 1 0.20 578
0 1 0.20 579
0 1 0.20 580
0 1 0.20 581
0 1 0.20 582
0 1 0.20 583
0 1 0.20 584
0 1 0.20 585
0 1 0.20 586
0 1 0.20 587
0 1 0.20 588
0 1 0.20 589
0 1 0.20 590
0 1 0.20 591
0 1 0.20 592
0 1 0.20 593
0 1 0.20 594
0 1 0.20 595
0 1 0.20 596
0 1 0.20 597
0 1 0.20 598
0 1 0.20 599
0 1 0.20 600
0 1 0.20 601
0 1 0.20 602
0 1 0.20 603
0 1 0.20 604
0 1 0.20 605
0 1 0.20 606
0 1 0.20 607
0 1 0.20 608
0 1 0.20 609
0 1 0.20 610
0 1 0.20 611
0 1 0.20 612
0 1 0.20 613
0 1 0.20 614
0 1 0.20 615
0 1 0.20 616
0 1 0.20 617
0 1 0.20 618
0 1 0.20 619
0 1 0.20 620
0 1 0.20 621
0 1 0.20 622
0 1 0.20 623
0 1 0.20 624
0 1 0.20 625
0 1 0.20 626
0 1 0.20 627
0 1 0.20 628
0 1 0.20 629
0 1 0.20 630
0 1 0.20 631
0 1 0.20 632
0 1 0.20 633
0 1 0.20 634
0 1 0.20 635
0 1 0.20 636
0 1 0.20 637
0 1 0.20 638
0 1 0.20 639
0 1 0.20 640
0 1 0.20 641
0 1 0.20 642
0 1 0.20 643
0 1 0.20 644
0 1 0.20 645
0 1 0.20 646
0 1 0.20 647
0 1 0.20 648
0 1 0.20 649
0 1 0.20 650
0 1 0.20 651
0 1 0.20 652
0 1 0.20 653
0 1 0.20 654
0 1 0.20 655
0 1 0.20 656
0 1 0.20 657
0 1 0.20 658
0 1 0.20 659
0 1 0.20 660
0 1 0.20 661
0 1 0.20 662
0 1 0.20 663
0 1 0.20 664
0 1 0.20 665
0 1 0.20 666
0 1 0.20 667
0 1 0.20 668
0 1 0.20 669
0 1 0.20 670
0 1 0.20 671
0 1 0.20 672
0 1 0.20 673
0 1 0.20 674
0 1 0.20 675
0 1 0.20 676
0 1 0.20 677
0 1 0.20 678
0 1 0.20 679
0 1 0.20 680
0 1 0.20 681
0 1 0.20 682
0 1 0.20 683
0 1 0.20 684
0 1 0.20 685
0 1 0.20 686
0 1 0.20 687
0 1 0.20 688
0 1 0.20 689
0 1 0.20 690
0 1 0.20 691
0 1 0.20 692
0 1 0.20 693
0 1 0.20 694
0 1 0.20 695
0 1 0.20 696
0 1 0.20 697
0 1 0.20 698
0 1 0.20 699
0 1 0.20 700
0 1 0.20 701
0 1 0.20 702
0 1 0.20 703
0 1 0.20 704
0 1 0.20 705
0 1 0.20 706
0 1 0.20 707
0 1 0.20 708
0 1 0.20 709
0 1 0.20 710
0 1 0.20 711
0 1 0.20 712
0 1 0.20 713
0 1 0.20 714
0 1 0.20 715
0 1 0.20 716
0 1 0.20 717
0 1 0.20 718
0 1 0.20 719
0 1 0.20 720
0 1 0.20 721
0 1 0.20 722
0 1 0.20 723
0 1 0.20 724
0 1 0.20 725
0 1 0.20 726
0 1 0.20 727
0 1 0.20 728
0 1 0.20 729
0 1 0.20 730
0 1 0.20 731
0 1 0.20 732
0 1 0.20 733
0 1 0.20 734
0 1 0.20 735
0 1 0.20 736
0 1 0.20 737
0 1 0.20 738
0 1 0.20 739
0 1 0.20 740
0 1 0.20 741
0 1 0.20 742
0 1 0.20 743
0 1 0.20 744
0 1 0.20 745
0 1 0.20 746
0 1 0.20 747
0 1 0.20 748
0 1 0.20 749
0 1 0.20 750
0 1 0.20 751
0 1 0.20 752
0 1 0.20 753
0 1 0.20 754
0 1 0.20 755
0 1 0.20 756
0 1 0.20 757
0 1 0.20 758
0 1 0.20 759
0 1 0.20 760
0 1 0.20 761
0 1 0.20 762
0 1 0.20 763
0 1 0.20 764
0 1 0.20 765
0 1 0.20 766
0 1 0.20 767
0 1 0.20 768
0 1 0.20 769
0 1 0.20 770
0 1 0.20 771
0 1 0.20 772
0 1 0.20 773
0 1 0.20 774
0 1 0.20 775
0 1 0.20 776
0 1 0.20 777
0 1 0.20 778
0 2 0.20 779
0 2 0.20 780
0 2 0.20 781
0 2 0.20 782
0 2 0.20 783
0 2 0.20 784
0 2 0.20 785
0 2 0.20 786
0 2 0.20 787
0 2 0.20 788
0 2 0.20 789
0 2 0.20 790
0 2 0.20 791
0 2 0.20 792
0 2 0.20 793
0 2 0.20 794
0 2 0.20 795
0 2 0.20 796
0 2 0.20 797
0 2 0.20 798
0 2 0.20 799
0 2 0.20 800
0 2 0.20 801
0 2 0.20 802
0 2 0.20 803
0 2 0.20 804
0 2 0.20 805
0 2 0.20 806
0 2 0.20 807
0 2 0.20 808
0 2 0.20 809
0 2 0.20 810
0 2 0.20 811
0 2 0.20 812
0 2 0.20 813
0 2 0.20 814
0 2 0.20 815
0 2 0.20 816
0 2 0.20 817
0 2 0.20 818
0 2 0.20 819
0 2 0.20 820
0 2 0.20 821
0 2 0.20 822
0 2 0.20 823
0 2 0.20 824
0 2 0.20 825
0 2 0.20 826
0 2 0.20 827
0 2 0.20 828
0 2 0.20 829
0 2 0.20 830
0 2 0.20 831
0 2 0.20 832
0 2 0.20 833
0 2 0.20 834
0 2 0.20 835
0 2 0.20 836
0 2 0.20 837
0 2 0.20 838
0 2 0.20 839
0 2 0.20 840
0 2 0.20 841
0 2 0.20 842
0 2 0.20 843
0 2 0.20 844
0 2 0.20 845
0 2 0.20 846
0 2 0.20 847
0 2 0.20 848
0 2 0.20 849
0 2 0.20 850
0 2 0.20 851
0 2 0.20 852
0 2 0.20 853
0 2 0.20 854
0 2 0.20 855
0 2 0.20 856
0 2 0.20 857
0 2 0.21 858
0 2 0.20 859
0 2 0.20 860
0 2 0.20 861
0 2 0.21 862
0 2 0.21 863
0 2 0.20 864
0 2 0.20 865
0 2 0.21 866
0 2 0.21 867
0 2 0.21 868
0 2 0.21 869
0 2 0.21 870
0 2 0.21 871
0 2 0.21 872
0 2 0.21 873
0 2 0.21 874
0 2 0.21 875
0 2 0.21 876
0 2 0.21 877
0 2 0.21 878
0 2 0.21 879
0 2 0.21 880
0 2 0.21 881
0 2 0.21 882
0 2 0.21 883
0 2 0.21 884
0 2 0.21 885
0 2 0.21 886
0 2 0.21 887
0 2 0.21 888
0 2 0.21 889
0 2 0.21 890
0 2 0.21 891
0 2 0.21 892
0 2 0.21 893
0 2 0.21 894
0 2 0.21 895
0 2 0.21 896
0 2 0.21 897
0 2 0.21 898
0 2 0.21 899
0 2 0.21 900
0 2 0.21 901
0 2 0.21 902
0 2 0.21 903
0 2 0.21 904
0 2 0.21 905
0 2 0.21 906
0 2 0.21 907
0 2 0.21 908
0 2 0.21 909
0 2 0.21 910
0 2 0.21 911
0 2 0.21 912
0 2 0.21 913
0 2 0.21 914
0 2 0.21 915
0 2 0.21 916
0 2 0.21 917
0 2 0.21 918
0 2 0.21 919
0 2 0.21 920
0 2 0.21 921
0 2 0.21 922
0 2 0.21 923
0 2 0.21 924
0 2 0.21 925
0 2 0.21 926
0 2 0.21 927
0 2 0.21 928
0 2 0.21 929
0 2 0.21 930
0 2 0.21 931
0 2 0.21 932
0 2 0.21 933
0 2 0.21 934
0 2 0.21 935
0 2 0.21 936
0 2 0.21 937
0 2 0.21 938
0 2 0.21 939
0 2 0.21 940
0 2 0.21 941
0 2 0.21 942
0 2 0.21 943
0 2 0.21 944
0 2 0.21 945
0 2 0.21 946
0 2 0.21 947
0 2 0.21 948
0 2 0.21 949
0 2 0.21 950
0 2 0.21 951
0 2 0.21 952
0 2 0.21 953
0 2 0.2