4 4 4.00 1
2 4 3.00 2
2 4 3.00 3
2 4 3.00 4
2 4 2.80 5
2 4 2.67 6
2 4 2.57 7
2 4 2.62 8
2 4 2.56 9
1 4 2.40 10
1 4 2.36 11
1 4 2.50 12
1 4 2.46 13
1 4 2.50 14
1 4 2.53 15
1 4 2.56 16
1 4 2.53 17
1 4 2.44 18
1 4 2.42 19
1 4 2.45 20
1 4 2.48 21
1 4 2.41 22
1 4 2.39 23
1 4 2.38 24
1 4 2.40 25
1 4 2.42 26
1 4 2.44 27
1 4 2.43 28
1 4 2.41 29
1 4 2.37 30
1 4 2.39 31
1 4 2.38 32
1 4 2.33 33
1 4 2.32 34
1 4 2.31 35
1 4 2.33 36
1 4 2.35 37
1 4 2.34 38
1 4 2.33 39
1 4 2.33 40
1 4 2.32 41
1 4 2.33 42
1 4 2.33 43
1 4 2.34 44
1 4 2.36 45
1 4 2.37 46
1 4 2.40 47
1 4 2.40 48
1 4 2.41 49
1 4 2.40 50
1 4 2.41 51
1 4 2.42 52
1 4 2.42 53
1 4 2.41 54
1 4 2.38 55
1 4 2.39 56
1 4 2.40 57
1 4 2.38 58
1 4 2.37 59
1 4 2.37 60
1 4 2.38 61
1 4 2.35 62
1 4 2.35 63
1 4 2.36 64
1 4 2.35 65
1 4 2.36 66
1 4 2.36 67
1 4 2.35 68
1 20 2.61 69
1 20 2.60 70
1 20 2.59 71
1 20 2.58 72
1 20 2.59 73
1 20 2.58 74
1 20 2.57 75
1 20 2.58 76
1 20 2.57 77
1 20 2.56 78
1 20 2.57 79
1 20 2.56 80
1 20 2.56 81
1 20 2.55 82
1 20 2.54 83
1 20 2.55 84
1 20 2.54 85
1 20 2.53 86
1 20 2.57 87
1 20 2.57 88
1 20 2.56 89
1 20 2.57 90
1 20 2.55 91
1 20 2.54 92
1 20 2.54 93
1 20 2.52 94
1 20 2.55 95
1 20 2.54 96
1 20 2.55 97
1 20 2.54 98
1 20 2.55 99
1 20 2.54 100
1 20 2.54 101
1 20 2.54 102
1 20 2.53 103
1 20 2.54 104
1 20 2.54 105
1 20 2.53 106
1 20 2.52 107
1 20 2.52 108
1 20 2.51 109
1 20 2.51 110
1 20 2.50 111
1 20 2.50 112
1 20 2.50 113
1 20 2.49 114
1 20 2.49 115
1 20 2.49 116
1 20 2.49 117
1 20 2.49 118
1 20 2.50 119
1 20 2.50 120
1 20 2.50 121
1 20 2.50 122
1 20 2.50 123
1 20 2.51 124
1 20 2.52 125
1 20 2.52 126
1 20 2.51 127
1 20 2.51 128
1 20 2.51 129
1 20 2.52 130
1 20 2.51 131
1 20 2.52 132
1 20 2.51 133
1 20 2.51 134
1 20 2.51 135
1 20 2.51 136
1 20 2.51 137
1 20 2.51 138
1 20 2.52 139
1 20 2.52 140
1 20 2.52 141
1 20 2.51 142
1 20 2.52 143
1 20 2.52 144
1 20 2.52 145
1 20 2.53 146
1 20 2.52 147
1 20 2.53 148
1 20 2.52 149
1 20 2.52 150
1 20 2.52 151
1 20 2.51 152
1 20 2.52 153
1 20 2.51 154
1 20 2.50 155
1 20 2.49 156
1 20 2.50 157
1 20 2.50 158
1 20 2.50 159
1 20 2.49 160
1 20 2.50 161
1 20 2.50 162
1 20 2.50 163
1 20 2.49 164
1 20 2.49 165
1 20 2.49 166
1 20 2.49 167
1 20 2.49 168
1 20 2.49 169
1 20 2.49 170
1 20 2.49 171
1 20 2.48 172
1 20 2.48 173
1 20 2.48 174
1 20 2.47 175
1 20 2.48 176
1 20 2.48 177
1 20 2.48 178
1 20 2.48 179
1 20 2.48 180
1 20 2.48 181
1 20 2.48 182
1 20 2.48 183
1 20 2.48 184
1 20 2.49 185
1 20 2.48 186
1 20 2.48 187
1 20 2.48 188
1 20 2.49 189
1 20 2.48 190
1 20 2.48 191
1 20 2.48 192
1 20 2.48 193
1 20 2.47 194
1 20 2.48 195
1 20 2.48 196
1 20 2.48 197
1 20 2.48 198
1 20 2.48 199
1 20 2.48 200
1 20 2.48 201
1 20 2.48 202
1 20 2.48 203
1 20 2.48 204
1 20 2.48 205
1 20 2.48 206
1 20 2.47 207
1 20 2.48 208
1 20 2.48 209
1 20 2.49 210
1 20 2.48 211
1 20 2.48 212
1 20 2.48 213
1 20 2.49 214
1 20 2.48 215
1 20 2.49 216
1 20 2.49 217
1 20 2.49 218
1 20 2.48 219
1 20 2.48 220
1 20 2.48 221
1 20 2.48 222
1 20 2.48 223
1 20 2.48 224
1 20 2.48 225
1 20 2.48 226
1 20 2.48 227
1 20 2.48 228
1 20 2.47 229
1 20 2.47 230
1 20 2.47 231
1 20 2.47 232
1 20 2.47 233
1 20 2.47 234
1 20 2.47 235
1 20 2.47 236
1 20 2.46 237
1 20 2.47 238
1 20 2.46 239
1 20 2.47 240
1 20 2.47 241
1 20 2.47 242
1 20 2.47 243
1 20 2.48 244
1 20 2.47 245
1 20 2.48 246
1 20 2.48 247
1 20 2.48 248
1 20 2.48 249
1 20 2.48 250
1 20 2.48 251
1 20 2.47 252
1 20 2.47 253
1 20 2.47 254
1 20 2.47 255
1 20 2.46 256
1 20 2.46 257
1 20 2.46 258
1 20 2.46 259
1 20 2.46 260
1 20 2.46 261
1 20 2.46 262
1 20 2.46 263
1 20 2.47 264
1 20 2.46 265
1 20 2.47 266
1 20 2.47 267
1 20 2.47 268
1 20 2.47 269
1 20 2.47 270
1 20 2.47 271
1 20 2.47 272
1 20 2.47 273
1 20 2.48 274
1 20 2.48 275
1 20 2.48 276
1 20 2.48 277
1 20 2.47 278
1 20 2.48 279
1 20 2.48 280
1 20 2.47 281
1 20 2.47 282
1 20 2.47 283
1 20 2.47 284
1 20 2.47 285
1 20 2.47 286
1 20 2.47 287
1 20 2.47 288
1 20 2.47 289
1 20 2.47 290
1 20 2.47 291
1 20 2.47 292
1 20 2.47 293
1 20 2.47 294
1 20 2.46 295
1 20 2.46 296
1 20 2.46 297
1 20 2.46 298
1 20 2.46 299
1 20 2.46 300
1 20 2.46 301
0 20 2.45 302
0 20 2.45 303
0 20 2.45 304
0 20 2.45 305
0 20 2.45 306
0 20 2.45 307
0 20 2.46 308
0 20 2.46 309
0 20 2.46 310
0 20 2.46 311
0 20 2.45 312
0 20 2.45 313
0 20 2.45 314
0 20 2.45 315
0 20 2.45 316
0 20 2.44 317
0 20 2.44 318
0 20 2.45 319
0 20 2.45 320
0 20 2.45 321
0 20 2.44 322
0 20 2.44 323
0 20 2.44 324
0 20 2.44 325
0 20 2.44 326
0 20 2.43 327
0 20 2.43 328
0 20 2.43 329
0 20 2.43 330
0 20 2.43 331
0 20 2.42 332
0 20 2.43 333
0 20 2.43 334
0 20 2.43 335
0 20 2.43 336
0 20 2.44 337
0 20 2.43 338
0 20 2.43 339
0 20 2.43 340
0 20 2.43 341
0 20 2.43 342
0 20 2.43 343
0 20 2.43 344
0 20 2.43 345
0 20 2.43 346
0 20 2.43 347
0 20 2.43 348
0 20 2.43 349
0 20 2.43 350
0 20 2.43 351
0 20 2.43 352
0 20 2.42 353
0 20 2.42 354
0 20 2.43 355
0 20 2.42 356
0 20 2.42 357
0 20 2.42 358
0 20 2.43 359
0 20 2.43 360
0 20 2.43 361
0 20 2.43 362
0 20 2.44 363
0 20 2.44 364
0 20 2.44 365
0 20 2.45 366
0 20 2.45 367
0 20 2.45 368
0 20 2.44 369
0 20 2.44 370
0 20 2.44 371
0 20 2.44 372
0 20 2.44 373
0 20 2.44 374
0 20 2.44 375
0 20 2.44 376
0 20 2.44 377
0 20 2.44 378
0 20 2.44 379
0 20 2.44 380
0 20 2.44 381
0 20 2.43 382
0 20 2.43 383
0 20 2.44 384
0 20 2.44 385
0 20 2.44 386
0 20 2.44 387
0 20 2.44 388
0 20 2.44 389
0 20 2.44 390
0 20 2.44 391
0 20 2.44 392
0 20 2.44 393
0 20 2.44 394
0 20 2.44 395
0 20 2.44 396
0 20 2.45 397
0 20 2.45 398
0 20 2.45 399
0 20 2.44 400
0 20 2.44 401
0 20 2.44 402
0 20 2.44 403
0 20 2.44 404
0 20 2.44 405
0 20 2.44 406
0 20 2.44 407
0 20 2.44 408
0 20 2.44 409
0 20 2.44 410
0 20 2.44 411
0 20 2.44 412
0 20 2.45 413
0 20 2.44 414
0 20 2.45 415
0 20 2.44 416
0 20 2.44 417
0 20 2.44 418
0 20 2.44 419
0 20 2.44 420
0 20 2.44 421
0 20 2.44 422
0 20 2.44 423
0 20 2.45 424
0 20 2.44 425
0 20 2.44 426
0 20 2.44 427
0 20 2.44 428
0 20 2.44 429
0 20 2.44 430
0 20 2.44 431
0 20 2.44 432
0 20 2.45 433
0 20 2.44 434
0 20 2.45 435
0 20 2.44 436
0 20 2.45 437
0 20 2.45 438
0 20 2.45 439
0 20 2.45 440
0 20 2.45 441
0 20 2.45 442
0 20 2.45 443
0 20 2.45 444
0 20 2.44 445
0 20 2.44 446
0 20 2.45 447
0 20 2.45 448
0 20 2.45 449
0 20 2.45 450
0 20 2.45 451
0 20 2.44 452
0 20 2.45 453
0 20 2.44 454
0 20 2.44 455
0 20 2.45 456
0 20 2.45 457
0 20 2.45 458
0 20 2.45 459
0 20 2.45 460
0 20 2.45 461
0 20 2.45 462
0 20 2.45 463
0 20 2.45 464
0 20 2.45 465
0 20 2.44 466
0 20 2.44 467
0 20 2.44 468
0 20 2.44 469
0 20 2.44 470
0 20 2.44 471
0 20 2.44 472
0 20 2.44 473
0 20 2.44 474
0 20 2.44 475
0 20 2.44 476
0 20 2.44 477
0 20 2.44 478
0 20 2.43 479
0 20 2.43 480
0 20 2.43 481
0 20 2.43 482
0 20 2.43 483
0 20 2.43 484
0 20 2.43 485
0 20 2.43 486
0 20 2.43 487
0 20 2.43 488
0 20 2.43 489
0 20 2.43 490
0 20 2.43 491
0 20 2.43 492
0 20 2.43 493
0 20 2.43 494
0 20 2.43 495
0 20 2.43 496
0 20 2.43 497
0 20 2.44 498
0 20 2.43 499
0 20 2.44 500
0 20 2.44 501
0 20 2.44 502
0 20 2.44 503
0 20 2.44 504
0 20 2.44 505
0 20 2.44 506
0 20 2.44 507
0 20 2.44 508
0 20 2.44 509
0 20 2.44 510
0 20 2.44 511
0 20 2.44 512
0 20 2.44 513
0 20 2.45 514
0 20 2.44 515
0 20 2.44 516
0 20 2.44 517
0 20 2.44 518
0 20 2.44 519
0 20 2.44 520
0 20 2.44 521
0 20 2.43 522
0 20 2.43 523
0 20 2.43 524
0 20 2.43 525
0 20 2.43 526
0 20 2.43 527
0 20 2.43 528
0 20 2.43 529
0 20 2.43 530
0 20 2.43 531
0 20 2.43 532
0 20 2.43 533
0 20 2.43 534
0 20 2.43 535
0 20 2.43 536
0 20 2.43 537
0 20 2.43 538
0 20 2.43 539
0 20 2.43 540
0 20 2.43 541
0 20 2.43 542
0 20 2.43 543
0 20 2.43 544
0 20 2.43 545
0 20 2.43 546
0 20 2.43 547
0 20 2.43 548
0 20 2.43 549
0 20 2.43 550
0 20 2.43 551
0 20 2.43 552
0 20 2.43 553
0 20 2.43 554
0 20 2.43 555
0 20 2.43 556
0 20 2.43 557
0 20 2.43 558
0 20 2.43 559
0 20 2.43 560
0 20 2.43 561
0 20 2.43 562
0 20 2.43 563
0 20 2.43 564
0 20 2.43 565
0 20 2.43 566
0 20 2.43 567
0 20 2.43 568
0 20 2.43 569
0 20 2.43 570
0 20 2.43 571
0 20 2.43 572
0 20 2.43 573
0 20 2.43 574
0 20 2.43 575
0 20 2.43 576
0 20 2.43 577
0 20 2.43 578
0 20 2.43 579
0 20 2.43 580
0 20 2.43 581
0 20 2.43 582
0 20 2.43 583
0 20 2.43 584
0 20 2.43 585
0 20 2.44 586
0 20 2.43 587
0 20 2.44 588
0 20 2.43 589
0 20 2.43 590
0 20 2.43 591
0 20 2.43 592
0 20 2.43 593
0 20 2.43 594
0 20 2.43 595
0 20 2.43 596
0 20 2.43 597
0 20 2.43 