0 0 0.00 1
0 0 0.00 2
0 1 0.33 3
0 1 0.50 4
0 1 0.60 5
0 1 0.67 6
0 1 0.57 7
0 1 0.50 8
0 1 0.44 9
0 1 0.50 10
0 1 0.55 11
0 1 0.50 12
0 1 0.54 13
0 1 0.50 14
0 1 0.53 15
0 1 0.50 16
0 1 0.53 17
0 1 0.56 18
0 1 0.58 19
0 1 0.55 20
0 1 0.57 21
0 1 0.59 22
0 1 0.57 23
0 1 0.58 24
0 1 0.56 25
0 1 0.54 26
0 1 0.56 27
0 1 0.54 28
0 1 0.55 29
0 1 0.53 30
0 1 0.52 31
0 1 0.53 32
0 1 0.52 33
0 1 0.53 34
0 1 0.54 35
0 1 0.53 36
0 1 0.54 37
0 1 0.53 38
0 1 0.54 39
0 1 0.55 40
0 1 0.54 41
0 1 0.55 42
0 1 0.53 43
0 1 0.55 44
0 1 0.56 45
0 1 0.54 46
0 1 0.55 47
0 1 0.56 48
0 1 0.55 49
0 1 0.54 50
0 2 0.57 51
0 2 0.56 52
0 2 0.57 53
0 2 0.56 54
0 2 0.55 55
0 2 0.54 56
0 2 0.54 57
0 2 0.55 58
0 2 0.54 59
0 2 0.57 60
0 2 0.56 61
0 2 0.56 62
0 2 0.57 63
0 2 0.56 64
0 2 0.55 65
0 2 0.56 66
0 2 0.55 67
0 2 0.54 68
0 2 0.54 69
0 2 0.53 70
0 2 0.54 71
0 2 0.56 72
0 2 0.56 73
0 2 0.55 74
0 2 0.56 75
0 2 0.55 76
0 2 0.55 77
0 2 0.55 78
0 2 0.56 79
0 2 0.55 80
0 2 0.54 81
0 2 0.54 82
0 2 0.54 83
0 2 0.55 84
0 2 0.55 85
0 2 0.57 86
0 2 0.57 87
0 2 0.58 88
0 2 0.57 89
0 2 0.57 90
0 2 0.57 91
0 2 0.58 92
0 2 0.57 93
0 2 0.57 94
0 2 0.57 95
0 2 0.56 96
0 2 0.56 97
0 2 0.56 98
0 2 0.57 99
0 2 0.57 100
0 2 0.56 101
0 2 0.57 102
0 2 0.57 103
0 2 0.57 104
0 2 0.57 105
0 2 0.58 106
0 2 0.57 107
0 2 0.56 108
0 2 0.57 109
0 2 0.57 110
0 2 0.57 111
0 2 0.56 112
0 2 0.57 113
0 2 0.57 114
0 2 0.57 115
0 2 0.58 116
0 2 0.57 117
0 2 0.57 118
0 2 0.57 119
0 2 0.57 120
0 2 0.56 121
0 2 0.57 122
0 2 0.56 123
0 2 0.56 124
0 2 0.56 125
0 2 0.56 126
0 2 0.56 127
0 2 0.55 128
0 2 0.56 129
0 2 0.55 130
0 2 0.56 131
0 2 0.55 132
0 2 0.55 133
0 2 0.54 134
0 2 0.54 135
0 2 0.55 136
0 2 0.55 137
0 2 0.54 138
0 2 0.54 139
0 2 0.54 140
0 2 0.54 141
0 2 0.54 142
0 2 0.54 143
0 2 0.54 144
0 2 0.54 145
0 2 0.53 146
0 2 0.53 147
0 2 0.53 148
0 2 0.54 149
0 2 0.54 150
0 2 0.54 151
0 2 0.54 152
0 2 0.54 153
0 2 0.54 154
0 2 0.54 155
0 2 0.54 156
0 2 0.54 157
0 2 0.54 158
0 2 0.53 159
0 2 0.54 160
0 2 0.54 161
0 2 0.54 162
0 3 0.55 163
0 3 0.55 164
0 3 0.55 165
0 3 0.55 166
0 3 0.55 167
0 3 0.55 168
0 3 0.55 169
0 3 0.55 170
0 3 0.54 171
0 3 0.55 172
0 3 0.54 173
0 3 0.55 174
0 3 0.54 175
0 3 0.55 176
0 3 0.54 177
0 3 0.54 178
0 3 0.54 179
0 3 0.54 180
0 3 0.55 181
0 3 0.55 182
0 3 0.55 183
0 3 0.54 184
0 3 0.55 185
0 3 0.55 186
0 3 0.56 187
0 3 0.56 188
0 3 0.56 189
0 3 0.56 190
0 3 0.57 191
0 3 0.57 192
0 3 0.57 193
0 3 0.57 194
0 3 0.57 195
0 3 0.57 196
0 3 0.58 197
0 3 0.58 198
0 3 0.57 199
0 3 0.57 200
0 3 0.57 201
0 3 0.56 202
0 3 0.57 203
0 3 0.57 204
0 3 0.57 205
0 3 0.57 206
0 3 0.57 207
0 3 0.57 208
0 3 0.56 209
0 3 0.57 210
0 3 0.56 211
0 3 0.56 212
0 3 0.57 213
0 3 0.57 214
0 3 0.57 215
0 3 0.57 216
0 3 0.57 217
0 3 0.56 218
0 3 0.57 219
0 3 0.56 220
0 3 0.57 221
0 3 0.56 222
0 3 0.56 223
0 3 0.56 224
0 3 0.56 225
0 3 0.56 226
0 3 0.56 227
0 3 0.57 228
0 3 0.57 229
0 3 0.57 230
0 3 0.57 231
0 3 0.57 232
0 3 0.57 233
0 3 0.57 234
0 3 0.57 235
0 3 0.57 236
0 3 0.57 237
0 3 0.57 238
0 3 0.57 239
0 3 0.57 240
0 3 0.57 241
0 3 0.57 242
0 3 0.57 243
0 3 0.57 244
0 3 0.57 245
0 3 0.57 246
0 3 0.57 247
0 3 0.57 248
0 3 0.57 249
0 3 0.57 250
0 3 0.57 251
0 3 0.57 252
0 3 0.58 253
0 3 0.58 254
0 3 0.58 255
0 3 0.57 256
0 3 0.57 257
0 3 0.57 258
0 3 0.57 259
0 3 0.57 260
0 3 0.57 261
0 3 0.57 262
0 3 0.57 263
0 3 0.56 264
0 3 0.56 265
0 3 0.56 266
0 3 0.56 267
0 3 0.56 268
0 3 0.56 269
0 3 0.56 270
0 3 0.56 271
0 3 0.56 272
0 3 0.56 273
0 3 0.56 274
0 3 0.56 275
0 3 0.56 276
0 3 0.56 277
0 3 0.56 278
0 3 0.56 279
0 3 0.56 280
0 3 0.56 281
0 3 0.56 282
0 3 0.57 283
0 3 0.57 284
0 3 0.57 285
0 3 0.57 286
0 3 0.57 287
0 3 0.57 288
0 3 0.57 289
0 3 0.57 290
0 3 0.57 291
0 3 0.57 292
0 3 0.57 293
0 3 0.57 294
0 3 0.57 295
0 3 0.57 296
0 3 0.57 297
0 3 0.56 298
0 3 0.57 299
0 3 0.57 300
0 3 0.56 301
0 3 0.56 302
0 3 0.56 303
0 3 0.56 304
0 3 0.56 305
0 3 0.56 306
0 3 0.56 307
0 3 0.56 308
0 3 0.56 309
0 3 0.56 310
0 3 0.56 311
0 3 0.56 312
0 3 0.56 313
0 3 0.56 314
0 3 0.56 315
0 3 0.55 316
0 3 0.56 317
0 3 0.56 318
0 3 0.55 319
0 3 0.56 320
0 3 0.56 321
0 3 0.56 322
0 3 0.55 323
0 3 0.56 324
0 3 0.55 325
0 3 0.55 326
0 3 0.55 327
0 3 0.55 328
0 3 0.55 329
0 3 0.55 330
0 3 0.55 331
0 3 0.55 332
0 3 0.55 333
0 3 0.55 334
0 3 0.55 335
0 3 0.55 336
0 3 0.55 337
0 3 0.55 338
0 3 0.55 339
0 3 0.56 340
0 3 0.55 341
0 3 0.56 342
0 3 0.56 343
0 3 0.56 344
0 3 0.56 345
0 3 0.55 346
0 3 0.55 347
0 3 0.55 348
0 3 0.55 349
0 3 0.55 350
0 3 0.55 351
0 3 0.55 352
0 3 0.55 353
0 3 0.55 354
0 3 0.55 355
0 3 0.55 356
0 3 0.55 357
0 3 0.56 358
0 3 0.55 359
0 3 0.56 360
0 3 0.55 361
0 3 0.56 362
0 3 0.55 363
0 3 0.55 364
0 3 0.55 365
0 3 0.55 366
0 3 0.55 367
0 3 0.55 368
0 3 0.55 369
0 3 0.55 370
0 3 0.54 371
0 3 0.55 372
0 3 0.55 373
0 3 0.55 374
0 3 0.54 375
0 3 0.54 376
0 3 0.54 377
0 3 0.54 378
0 3 0.54 379
0 3 0.54 380
0 3 0.54 381
0 3 0.54 382
0 3 0.54 383
0 3 0.54 384
0 3 0.54 385
0 3 0.54 386
0 3 0.54 387
0 3 0.54 388
0 3 0.54 389
0 3 0.54 390
0 3 0.54 391
0 3 0.54 392
0 3 0.54 393
0 3 0.54 394
0 3 0.54 395
0 3 0.54 396
0 3 0.54 397
0 3 0.54 398
0 3 0.54 399
0 3 0.54 400
0 3 0.54 401
0 3 0.54 402
0 3 0.55 403
0 3 0.54 404
0 3 0.54 405
0 3 0.54 406
0 3 0.54 407
0 3 0.54 408
0 3 0.54 409
0 3 0.54 410
0 3 0.54 411
0 3 0.54 412
0 3 0.54 413
0 3 0.54 414
0 3 0.54 415
0 3 0.54 416
0 3 0.54 417
0 3 0.55 418
0 3 0.55 419
0 3 0.55 420
0 3 0.55 421
0 3 0.55 422
0 3 0.55 423
0 3 0.55 424
0 3 0.55 425
0 3 0.55 426
0 3 0.55 427
0 3 0.55 428
0 3 0.55 429
0 3 0.55 430
0 3 0.55 431
0 3 0.55 432
0 3 0.55 433
0 3 0.55 434
0 3 0.55 435
0 3 0.55 436
0 3 0.55 437
0 3 0.55 438
0 3 0.55 439
0 3 0.55 440
0 3 0.54 441
0 3 0.54 442
0 3 0.54 443
0 3 0.55 444
0 3 0.55 445
0 3 0.54 446
0 3 0.55 447
0 3 0.55 448
0 3 0.55 449
0 3 0.55 450
0 3 0.55 451
0 3 0.55 452
0 3 0.55 453
0 3 0.55 454
0 3 0.55 455
0 3 0.55 456
0 3 0.55 457
0 3 0.55 458
0 3 0.55 459
0 3 0.55 460
0 3 0.55 461
0 3 0.55 462
0 3 0.55 463
0 3 0.55 464
0 3 0.55 465
0 3 0.55 466
0 3 0.55 467
0 3 0.55 468
0 3 0.55 469
0 3 0.55 470
0 3 0.55 471
0 3 0.55 472
0 3 0.55 473
0 3 0.55 474
0 3 0.55 475
0 3 0.55 476
0 3 0.55 477
0 3 0.55 478
0 3 0.56 479
0 3 0.55 480
0 3 0.55 481
0 3 0.55 482
0 3 0.55 483
0 3 0.55 484
0 3 0.55 485
0 3 0.55 486
0 3 0.55 487
0 3 0.55 488
0 3 0.55 489
0 3 0.56 490
0 3 0.55 491
0 3 0.55 492
0 3 0.55 493
0 3 0.55 494
0 3 0.56 495
0 3 0.56 496
0 3 0.56 497
0 3 0.56 498
0 3 0.56 499
0 3 0.56 500
0 3 0.56 501
0 3 0.56 502
0 3 0.56 503
0 3 0.56 504
0 3 0.56 505
0 3 0.56 506
0 3 0.56 507
0 3 0.56 508
0 3 0.56 509
0 3 0.56 510
0 3 0.56 511
0 3 0.56 512
0 3 0.56 513
0 3 0.56 514
0 3 0.56 515
0 3 0.56 516
0 3 0.56 517
0 3 0.56 518
0 3 0.56 519
0 3 0.56 520
0 3 0.56 521
0 3 0.56 522
0 3 0.56 523
0 3 0.56 524
0 3 0.56 525
0 3 0.56 526
0 3 0.57 527
0 3 0.56 528
0 3 0.57 529
0 3 0.57 530
0 3 0.57 531
0 3 0.57 532
0 3 0.57 533
0 3 0.57 534
0 3 0.57 535
0 3 0.57 536
0 3 0.56 537
0 3 0.57 538
0 3 0.56 539
0 3 0.56 540
0 3 0.56 541
0 3 0.56 542
0 3 0.56 543
0 3 0.56 544
0 3 0.56 545
0 3 0.56 546
0 3 0.56 547
0 3 0.56 548
0 3 0.56 549
0 3 0.56 550
0 3 0.56 551
0 3 0.56 552
0 3 0.56 553
0 3 0.56 554
0 3 0.56 555
0 3 0.56 556
0 3 0.56 557
0 3 0.56 558
0 3 0.56 559
0 3 0.56 560
0 3 0.56 561
0 3 0.56 562
0 3 0.56 563
0 3 0.56 564
0 3 0.56 565
0 3 0.56 566
0 3 0.56 567
0 3 0.56 568
0 3 0.56 569
0 3 0.56 570
0 3 0.56 571
0 3 0.56 572
0 3 0.56 573
0 3 0.56 574
0 3 0.56 575
0 3 0.56 576
0 3 0.56 577
0 3 0.56 578
0 3 0.56 579
0 3 0.56 580
0 3 0.56 581
0 3 0.56 582
0 3 0.56 583
0 3 0.56 584
0 3 0.56 585
0 3 0.56 586
0 3 0.56 587
0 3 0.56 588
0 3 0.56 589
0 3 0.56 590
0 3 0.56 591
0 3 0.56 592
0 3 0.56 593
0 3 0.56 594
0 3 0.56 595
0 3 0.56 596
0 3 0.56 597
0 3 0.56 598
0 3 0.56 599
0 3 0.56 600
0 3 0.56 601
0 3 0.56 602
0 3 0.56 603
0 3 0.56 604
0 3 0.56 605
0 3 0.56 606
0 3 0.56 607
0 3 0.56 608
0 3 0.56 609
0 3 0.56 610
0 3 0.56 611
0 3 0.56 612
0 3 0.56 613
0 3 0.56 614
0 3 0.56 615
0 3 0.56 616
0 3 0.56 617
0 3 0.56 618
0 3 0.56 619
0 3 0.56 620
0 3 0.56 621
0 3 0.56 622
0 3 0.56 623
0 3 0.56 624
0 3 0.56 625
0 3 0.56 626
0 3 0.56 627
0 3 0.56 628
0 3 0.56 629
0 3 0.56 630
0 3 0.56 631
0 3 0.56 632
0 3 0.56 633
0 3 0.56 634
0 3 0.56 635
0 3 0.56 636
0 3 0.56 637
0 3 0.56 638
0 3 0.56 639
0 3 0.56 640
0 3 0.56 641
0 3 0.56 642
0 3 0.56 643
0 3 0.56 644
0 3 0.56 645
0 3 0.56 646
0 3 0.56 647
0 3 0.56 648
0 3 0.56 649
0 3 0.56 650
0 3 0.56 651
0 3 0.56 652
0 3 0.56 653
0 3 0.56 654
0 3 0.56 655
0 3 0.56 656
0 3 0.56 657
0 3 0.56 658
0 3 0.56 659
0 3 0.57 660
0 3 0.57 661
0 3 0.57 662
0 3 0.57 663
0 3 0.57 664
0 3 0.57 665
0 3 0.56 666
0 3 0.57 667
0 3 0.57 668
0 3 0.57 669
0 3 0.57 670
0 3 0.57 671
0 3 0.57 672
0 3 0.57 673
0 3 0.57 674
0 3 0.56 675
0 3 0.57 676
0 3 0.56 677
0 3 0.56 678
0 3 0.57 679
0 3 0.57 680
0 3 0.57 681
0 3 0.56 682
0 3 0.57 683
0 3 0.57 684
0 3 0.56 685
0 3 0.57 686
0 3 0.57 687
0 3 0.57 688
0 3 0.57 689
0 3 0.57 690
0 3 0.57 691
0 3 0.57 692
0 3 0.57 693
0 3 0.57 694
0 3 0.57 695
0 3 0.57 696
0 3 0.57 697
0 3 0.57 698
0 13 0.59 699
0 13 0.59 700
0 13 0.59 701
0 13 0.59 702
0 13 0.59 703
0 13 0.59 704
0 13 0.59 705
0 13 0.59 706
0 13 0.59 707
0 13 0.59 708
0 13 0.59 709
0 13 0.59 710
0 13 0.59 711
0 13 0.59 712
0 13 0.59 713
0 13 0.59 714
0 13 0.59 715
0 13 0.59 716
0 13 0.59 717
0 13 0.59 718
0 13 0.59 719
0 13 0.59 720
0 13 0.59 721
0 13 0.59 722
0 13 0.59 723
0 13 0.59 724
0 13 0.59 725
0 13 0.59 726
0 13 0.59 727
0 13 0.59 728
0 13 0.59 729
0 13 0.59 730
0 13 0.59 731
0 13 0.59 732
0 13 0.59 733
0 13 0.59 734
0 13 0.59 735
0 13 0.59 736
0 13 0.59 737
0 13 0.59 738
0 13 0.59 739
0 13 0.59 740
0 13 0.59 741
0 13 0.59 742
0 13 0.59 743
0 13 0.59 744
0 13 0.59 745
0 13 0.59 746
0 13 0.59 747
0 13 0.59 748
0 13 0.59 749
0 13 0.59 750
0 13 0.59 751
0 13 0.59 752
0 13 0.59 753
0 13 0.59 754
0 13 0.59 755
0 13 0.59 756
0 13 0.59 757
0 13 0.59 758
0 13 0.59 759
0 13 0.59 760
0 13 0.59 761
0 13 0.59 762
0 13 0.59 763
0 13 0.59 764
0 13 0.59 765
0 13 0.59 766
0 13 0.59 767
0 13 0.59 768
0 13 0.59 769
0 13 0.59 770
0 13 0.59 771
0 13 0.59 772
0 13 0.59 773
0 13 0.59 774
0 13 0.59 775
0 13 0.59 776
0 13 0.59 777
0 13 0.59 778
0 13 0.59 779
0 13 0.59 780
0 13 0.59 781
0 13 0.59 782
0 13 0.59 783
0 13 0.59 784
0 13 0.59 785
0 13 0.59 786
0 13 0.59 787
0 13 0.59 788
0 13 0.59 789
0 13 0.59 790
0 13 0.59 791
0 13 0.59 792
0 13 0.59 793
0 13 0.59 794
0 13 0.59 795
0 13 0.59 796
0 13 0.59 797
0 13 0.59 798
0 13 0.59 799
0 13 0.59 800
0 13 0.59 801
0 13 0.59 802
0 13 0.59 803
0 13 0.59 804
0 13 0.59 805
0 13 0.59 806
0 13 0.59 807
0 13 0.59 808
0 13 0.59 809
0 13 0.59 810
0 13 0.59 811
0 13 0.59 812
0 13 0.59 813
0 13 0.59 814
0 13 0.59 815
0 13 0.59 816
0 13 0.59 817
0 13 0.59 818
0 13 0.59 819
0 13 0.59 820
0 13 0.59 821
0 13 0.59 822
0 13 0.59 823
0 13 0.59 824
0 13 0.59 825
0 13 0.59 826
0 13 0.59 827
0 13 0.59 828
0 13 0.59 829
0 13 0.59 830
0 13 0.59 831
0 13 0.59 832
0 13 0.59 833
0 13 0.59 834
0 13 0.60 835
0 13 0.60 836
0 13 0.59 837
0 13 0.60 838
0 13 0.60 839
0 13 0.60 840
0 13 0.60 841
0 13 0.60 842
0 13 0.60 843
0 13 0.60 844
0 13 0.60 845
0 13 0.59 846
0 13 0.59 847
0 13 0.59 848
0 13 0.59 849
0 13 0.59 850
0 13 0.59 851
0 13 0.59 852
0 13 0.59 853
0 13 0.59 854
0 13 0.59 855
0 13 0.59 856
0 13 0.59 857
0 13 0.59 858
0 13 0.59 859
0 13 0.59 860
0 13 0.59 861
0 13 0.59 862
0 13 0.59 863
0 13 0.59 864
0 13 0.59 865
0 13 0.59 866
0 13 0.59 867
0 13 0.59 868
0 13 0.59 869
0 13 0.59 870
0 13 0.59 871
0 13 0.59 872
0 13 0.59 873
0 13 0.59 874
0 13 0.59 875
0 13 0.59 876
0 13 0.59 877
0 13 0.59 878
0 13 0.59 879
0 13 0.59 880
0 13 0.59 881
0 13 0.59 882
0 13 0.59 883
0 13 0.59 884
0 13 0.59 885
0 13 0.59 886
0 13 0.59 887
0 13 0.59 888
0 13 0.59 889
0 13 0.59 890
0 13 0.59 891
0 13 0.59 892
0 13 0.59 893
0 13 0.59 894
0 13 0.59 895
0 13 0.59 896
0 13 0.59 897
0 13 0.59 898
0 13 0.59 899
0 13 0.59 900
0 13 0.59 901
0 13 0.59 902
0 13 0.60 903
0 13 0.60 904
0 13 0.60 905
0 13 0.60 906
0 13 0.60 907
0 13 0.60 908
0 13 0.60 909
0 13 0.60 910
0 13 0.60 911
0 13 0.60 912
0 13 0.60 913
0 13 0.60 914
0 13 0.60 915
0 13 0.60 916
0 13 0.60 917
0 13 0.60 918
0 13 0.60 919
0 13 0.60 920
0 13 0.60 921
0 13 0.60 922
0 13 0.60 923
0 13 0.60 924
0 13 0.60 925
0 13 0.60 926
0 13 0.60 927
0 13 0.60 928
0 13 0.60 929
0 13 0.60 930
0 13 0.60 931
0 13 0.60 932
0 13 0.60 933
0 13 0.60 934
0 13 0.60 935
0 13