5 5 5.00 1
3 5 4.00 2
3 5 3.67 3
3 5 3.75 4
2 5 3.40 5
2 5 3.33 6
2 5 3.14 7
2 5 3.12 8
2 5 3.00 9
1 5 2.80 10
1 5 2.82 11
1 5 2.83 12
1 5 2.85 13
1 5 2.79 14
1 5 2.80 15
1 5 2.75 16
1 5 2.76 17
1 5 2.78 18
1 5 2.74 19
1 5 2.70 20
1 5 2.71 21
1 5 2.73 22
1 5 2.70 23
1 5 2.67 24
1 5 2.68 25
1 5 2.69 26
1 5 2.67 27
1 5 2.64 28
1 5 2.66 29
1 5 2.67 30
1 5 2.68 31
1 5 2.66 32
1 5 2.67 33
1 5 2.68 34
1 5 2.66 35
1 5 2.69 36
1 5 2.70 37
1 5 2.71 38
1 5 2.69 39
1 5 2.73 40
1 5 2.73 41
1 5 2.74 42
1 5 2.74 43
1 5 2.75 44
1 5 2.71 45
1 5 2.70 46
1 5 2.70 47
1 5 2.71 48
1 5 2.71 49
1 5 2.70 50
1 5 2.71 51
1 5 2.71 52
1 5 2.70 53
1 5 2.69 54
1 5 2.69 55
1 5 2.70 56
1 5 2.72 57
1 5 2.71 58
1 5 2.71 59
1 5 2.72 60
1 5 2.74 61
1 5 2.74 62
1 5 2.73 63
1 5 2.73 64
1 5 2.74 65
1 5 2.73 66
1 5 2.72 67
1 6 2.76 68
1 6 2.77 69
1 6 2.76 70
1 6 2.75 71
1 6 2.75 72
1 6 2.74 73
1 6 2.74 74
1 6 2.75 75
1 6 2.75 76
1 6 2.75 77
1 6 2.76 78
1 6 2.75 79
1 6 2.76 80
1 6 2.77 81
1 6 2.76 82
1 6 2.75 83
1 6 2.75 84
1 6 2.74 85
1 6 2.73 86
1 6 2.74 87
1 6 2.73 88
1 6 2.72 89
1 6 2.71 90
1 6 2.70 91
1 6 2.70 92
1 6 2.69 93
1 6 2.69 94
1 6 2.69 95
1 6 2.69 96
1 6 2.69 97
1 6 2.68 98
1 6 2.68 99
1 6 2.67 100
1 6 2.67 101
1 6 2.67 102
1 6 2.67 103
1 6 2.66 104
1 6 2.66 105
1 6 2.65 106
1 6 2.65 107
1 6 2.66 108
1 6 2.65 109
1 6 2.65 110
1 6 2.65 111
1 6 2.64 112
1 6 2.65 113
1 6 2.65 114
1 6 2.65 115
1 6 2.64 116
1 6 2.63 117
1 6 2.63 118
1 6 2.63 119
1 6 2.62 120
1 6 2.61 121
1 6 2.61 122
1 6 2.61 123
1 6 2.60 124
1 6 2.59 125
1 6 2.60 126
1 6 2.60 127
1 6 2.61 128
1 6 2.62 129
1 6 2.62 130
1 6 2.62 131
1 6 2.61 132
1 6 2.62 133
1 6 2.61 134
1 6 2.61 135
1 6 2.61 136
1 6 2.61 137
1 6 2.62 138
1 6 2.62 139
1 6 2.62 140
1 6 2.62 141
1 6 2.61 142
1 6 2.61 143
1 6 2.61 144
1 6 2.61 145
1 6 2.61 146
1 6 2.60 147
1 6 2.59 148
1 6 2.59 149
1 6 2.59 150
1 6 2.60 151
1 6 2.60 152
1 6 2.59 153
1 6 2.60 154
1 6 2.61 155
1 6 2.61 156
1 6 2.61 157
1 6 2.62 158
1 6 2.63 159
1 6 2.63 160
1 6 2.65 161
1 6 2.65 162
1 6 2.66 163
1 6 2.65 164
1 6 2.66 165
1 6 2.66 166
1 6 2.66 167
1 6 2.65 168
1 6 2.66 169
1 6 2.66 170
1 6 2.66 171
1 6 2.67 172
1 6 2.67 173
1 6 2.68 174
1 6 2.68 175
1 6 2.68 176
1 6 2.67 177
1 6 2.67 178
1 6 2.66 179
1 6 2.67 180
1 6 2.67 181
1 6 2.67 182
1 6 2.67 183
1 6 2.67 184
1 6 2.67 185
1 6 2.67 186
1 6 2.67 187
1 6 2.67 188
1 6 2.67 189
1 6 2.67 190
1 6 2.66 191
1 6 2.67 192
1 6 2.67 193
1 6 2.69 194
1 6 2.68 195
1 6 2.68 196
1 6 2.69 197
1 6 2.69 198
1 6 2.68 199
1 6 2.69 200
1 6 2.68 201
1 6 2.68 202
1 6 2.68 203
1 6 2.68 204
1 6 2.68 205
1 6 2.67 206
1 6 2.66 207
1 6 2.65 208
1 6 2.65 209
1 6 2.65 210
1 6 2.65 211
1 6 2.66 212
1 6 2.65 213
1 6 2.65 214
1 6 2.66 215
1 6 2.66 216
1 6 2.66 217
1 6 2.66 218
1 6 2.67 219
1 6 2.68 220
1 6 2.68 221
1 6 2.68 222
0 6 2.66 223
0 6 2.66 224
0 6 2.66 225
0 6 2.66 226
0 6 2.66 227
0 6 2.67 228
0 6 2.67 229
0 6 2.67 230
0 6 2.67 231
0 6 2.66 232
0 6 2.67 233
0 6 2.67 234
0 6 2.67 235
0 6 2.67 236
0 6 2.67 237
0 6 2.67 238
0 6 2.67 239
0 6 2.66 240
0 6 2.66 241
0 6 2.66 242
0 6 2.66 243
0 6 2.66 244
0 6 2.67 245
0 6 2.67 246
0 6 2.67 247
0 6 2.67 248
0 6 2.67 249
0 6 2.67 250
0 6 2.67 251
0 6 2.67 252
0 6 2.68 253
0 6 2.68 254
0 6 2.68 255
0 6 2.68 256
0 6 2.68 257
0 6 2.69 258
0 6 2.69 259
0 6 2.68 260
0 6 2.69 261
0 6 2.69 262
0 6 2.69 263
0 6 2.69 264
0 6 2.69 265
0 6 2.69 266
0 6 2.69 267
0 6 2.69 268
0 6 2.69 269
0 6 2.69 270
0 6 2.69 271
0 6 2.69 272
0 6 2.68 273
0 6 2.69 274
0 6 2.69 275
0 6 2.69 276
0 6 2.69 277
0 6 2.69 278
0 6 2.69 279
0 6 2.69 280
0 6 2.69 281
0 6 2.69 282
0 6 2.69 283
0 6 2.69 284
0 6 2.69 285
0 6 2.70 286
0 6 2.70 287
0 6 2.70 288
0 6 2.70 289
0 6 2.70 290
0 6 2.70 291
0 6 2.71 292
0 6 2.71 293
0 6 2.70 294
0 6 2.71 295
0 6 2.71 296
0 6 2.71 297
0 6 2.71 298
0 6 2.70 299
0 6 2.71 300
0 6 2.71 301
0 6 2.71 302
0 6 2.71 303
0 6 2.70 304
0 6 2.70 305
0 6 2.70 306
0 6 2.70 307
0 6 2.70 308
0 6 2.71 309
0 6 2.71 310
0 6 2.71 311
0 6 2.71 312
0 6 2.71 313
0 6 2.71 314
0 6 2.71 315
0 6 2.71 316
0 6 2.70 317
0 6 2.70 318
0 6 2.71 319
0 6 2.71 320
0 6 2.71 321
0 6 2.70 322
0 6 2.70 323
0 6 2.71 324
0 6 2.70 325
0 6 2.71 326
0 6 2.71 327
0 6 2.70 328
0 6 2.70 329
0 6 2.70 330
0 6 2.69 331
0 6 2.69 332
0 6 2.69 333
0 6 2.69 334
0 6 2.69 335
0 6 2.69 336
0 6 2.69 337
0 6 2.69 338
0 6 2.69 339
0 6 2.69 340
0 6 2.69 341
0 6 2.69 342
0 6 2.69 343
0 6 2.69 344
0 6 2.69 345
0 6 2.69 346
0 6 2.69 347
0 6 2.69 348
0 6 2.69 349
0 6 2.69 350
0 6 2.69 351
0 6 2.69 352
0 6 2.69 353
0 6 2.69 354
0 6 2.69 355
0 6 2.69 356
0 6 2.69 357
0 6 2.70 358
0 6 2.70 359
0 6 2.70 360
0 6 2.71 361
0 6 2.70 362
0 6 2.70 363
0 6 2.70 364
0 6 2.70 365
0 6 2.70 366
0 6 2.70 367
0 6 2.70 368
0 6 2.70 369
0 6 2.70 370
0 6 2.70 371
0 6 2.70 372
0 6 2.70 373
0 6 2.70 374
0 6 2.70 375
0 6 2.70 376
0 6 2.70 377
0 6 2.70 378
0 6 2.70 379
0 6 2.71 380
0 6 2.71 381
0 6 2.71 382
0 6 2.71 383
0 6 2.71 384
0 6 2.71 385
0 6 2.71 386
0 6 2.71 387
0 6 2.71 388
0 6 2.71 389
0 6 2.72 390
0 6 2.72 391
0 6 2.72 392
0 6 2.72 393
0 6 2.72 394
0 6 2.72 395
0 6 2.72 396
0 6 2.72 397
0 6 2.72 398
0 6 2.72 399
0 6 2.72 400
0 6 2.72 401
0 6 2.72 402
0 6 2.72 403
0 6 2.72 404
0 6 2.72 405
0 6 2.72 406
0 6 2.73 407
0 6 2.73 408
0 6 2.73 409
0 6 2.73 410
0 6 2.73 411
0 6 2.73 412
0 6 2.73 413
0 6 2.73 414
0 6 2.73 415
0 6 2.74 416
0 6 2.74 417
0 6 2.74 418
0 6 2.74 419
0 6 2.75 420
0 6 2.74 421
0 6 2.74 422
0 6 2.74 423
0 6 2.75 424
0 6 2.75 425
0 6 2.74 426
0 6 2.74 427
0 6 2.75 428
0 6 2.75 429
0 6 2.75 430
0 6 2.75 431
0 6 2.75 432
0 6 2.75 433
0 6 2.75 434
0 6 2.75 435
0 6 2.75 436
0 6 2.75 437
0 6 2.75 438
0 6 2.75 439
0 6 2.75 440
0 6 2.75 441
0 6 2.74 442
0 6 2.74 443
0 6 2.75 444
0 6 2.75 445
0 6 2.75 446
0 6 2.75 447
0 6 2.75 448
0 6 2.75 449
0 6 2.75 450
0 6 2.75 451
0 6 2.75 452
0 6 2.75 453
0 6 2.75 454
0 6 2.75 455
0 6 2.75 456
0 6 2.75 457
0 6 2.75 458
0 6 2.75 459
0 6 2.75 460
0 6 2.75 461
0 6 2.75 462
0 6 2.75 463
0 6 2.75 464
0 6 2.75 465
0 6 2.75 466
0 6 2.75 467
0 6 2.75 468
0 6 2.75 469
0 6 2.75 470
0 6 2.75 471
0 6 2.75 472
0 6 2.75 473
0 6 2.75 474
0 6 2.75 475
0 6 2.75 476
0 6 2.75 477
0 6 2.75 478
0 6 2.75 479
0 6 2.75 480
0 6 2.75 481
0 6 2.75 482
0 6 2.75 483
0 6 2.75 484
0 6 2.75 485
0 6 2.74 486
0 6 2.75 487
0 6 2.75 488
0 6 2.75 489
0 6 2.74 490
0 6 2.74 491
0 6 2.74 492
0 6 2.74 493
0 6 2.74 494
0 6 2.74 495
0 6 2.74 496
0 6 2.74 497
0 6 2.73 498
0 6 2.73 499
0 6 2.73 500
0 6 2.73 501
0 6 2.73 502
0 6 2.74 503
0 6 2.74 504
0 6 2.73 505
0 6 2.74 506
0 6 2.74 507
0 6 2.74 508
0 6 2.74 509
0 6 2.74 510
0 6 2.74 511
0 6 2.74 512
0 6 2.74 513
0 6 2.74 514
0 6 2.74 515
0 6 2.74 516
0 6 2.74 517
0 6 2.74 518
0 6 2.74 519
0 6 2.74 520
0 6 2.74 521
0 6 2.74 522
0 6 2.74 523
0 6 2.74 524
0 6 2.74 525
0 6 2.74 526
0 6 2.74 527
0 6 2.74 528
0 6 2.74 529
0 6 2.75 530
0 6 2.74 531
0 6 2.74 532
0 6 2.74 533
0 6 2.74 534
0 6 2.74 535
0 34 2.80 536
0 34 2.80 537
0 34 2.80 538
0 34 2.80 539
0 34 2.80 540
0 34 2.80 541
0 34 2.80 542
0 34 2.80 543
0 34 2.80 544
0 34 2.80 545
0 34 2.81 546
0 34 2.80 547
0 34 2.80 548
0 34 2.81 549
0 34 2.80 550
0 34 2.80 551
0 34 2.80 552
0 34 2.80 553
0 34 2.80 554
0 34 2.80 555
0 34 2.80 556
0 34 2.80 557
0 34 2.80 558
0 34 2.81 559
0 34 2.81 560
0 34 2.81 561
0 34 2.81 562
0 34 2.80 563
0 34 2.80 564
0 34 2.81 565
0 34 2.81 566
0 34 2.80 567
0 34 2.80 568
0 34 2.80 569
0 34 2.80 570
0 34 2.80 571
0 34 2.80 572
0 34 2.80 573
0 34 2.80 574
0 34 2.80 575
0 34 2.80 576
0 34 2.80 577
0 34 2.80 578
0 34 2.80 579
0 34 2.80 580
0 34 2.80 581
0 34 2.80 582
0 34 2.80 583
0 34 2.80 584
0 34 2.80 585
0 34 2.80 586
0 34 2.80 587
0 34 2.80 588
0 34 2.80 589
0 34 2.80 590
0 34 2.80 591
0 34 2.80 592
0 34 2.80 593
0 34 2.80 594
0 34 2.80 595
0 34 2.80 596
0 34 2.80 597
0 34 2.80 598
0 34 2.80 599
0 34 2.80 600
0 34 2.80 601
0 34 2.80 602
0 34 2.81 603
0 34 2.81 604
0 34 2.81 605
0 34 2.81 606
0 34 2.81 607
0 34 2.81 608
0 34 2.81 609
0 34 2.81 610
0 34 2.81 611
0 34 2.81 612
0 34 2.81 613
0 34 2.81 614
0 34 2.81 615
0 34 2.81 616
0 34 2.81 617
0 34 2.81 618
0 34 2.81 619
0 34 2.81 620
0 34 2.81 621
0 34 2.82 622
0 34 2.82 623
0 34 2.82 624
0 34 2.82 625
0 34 2.81 626
0 34 2.81 627
0 34 2.81 628
0 34 2.81 629
0 34 2.81 630
0 34 2.81 631
0