5 5 5.00 1
2 5 3.50 2
2 5 3.00 3
2 5 3.00 4
2 5 3.00 5
2 6 3.50 6
2 6 3.43 7
2 6 3.38 8
2 6 3.22 9
2 6 3.10 10
2 6 3.18 11
2 6 3.08 12
2 6 3.15 13
2 6 3.07 14
2 6 3.07 15
2 6 3.00 16
2 6 3.00 17
2 6 3.00 18
2 6 3.00 19
2 6 3.00 20
2 6 2.95 21
2 6 2.95 22
2 6 2.96 23
2 6 3.00 24
2 6 2.96 25
2 6 2.92 26
2 6 2.89 27
2 6 2.89 28
2 6 2.86 29
2 6 2.83 30
2 6 2.84 31
2 6 2.84 32
2 6 2.85 33
2 6 2.88 34
2 6 2.86 35
1 6 2.81 36
1 6 2.81 37
1 6 2.79 38
1 6 2.79 39
1 6 2.80 40
1 6 2.83 41
1 6 2.79 42
1 6 2.77 43
1 6 2.77 44
1 6 2.76 45
1 6 2.74 46
1 6 2.72 47
1 6 2.73 48
1 6 2.73 49
1 6 2.72 50
1 6 2.73 51
1 6 2.71 52
1 6 2.74 53
1 6 2.74 54
1 6 2.73 55
1 6 2.71 56
1 6 2.70 57
1 6 2.72 58
1 6 2.73 59
1 6 2.72 60
1 6 2.72 61
1 6 2.74 62
1 6 2.73 63
1 6 2.73 64
1 6 2.72 65
1 6 2.71 66
1 6 2.72 67
1 6 2.74 68
1 6 2.74 69
1 6 2.74 70
1 6 2.73 71
1 6 2.72 72
1 6 2.74 73
1 6 2.73 74
1 6 2.72 75
1 6 2.74 76
1 6 2.73 77
1 6 2.73 78
1 6 2.73 79
1 6 2.74 80
1 6 2.73 81
1 6 2.72 82
1 6 2.71 83
1 6 2.71 84
1 6 2.73 85
1 6 2.73 86
1 6 2.74 87
1 6 2.74 88
1 6 2.74 89
1 6 2.74 90
1 6 2.74 91
1 6 2.72 92
1 6 2.71 93
1 6 2.71 94
1 6 2.72 95
1 6 2.73 96
1 6 2.72 97
1 6 2.71 98
1 6 2.72 99
1 6 2.72 100
1 6 2.73 101
1 6 2.74 102
1 6 2.75 103
1 6 2.74 104
1 6 2.74 105
1 6 2.74 106
1 6 2.74 107
1 6 2.74 108
1 6 2.72 109
1 6 2.72 110
1 6 2.71 111
1 6 2.71 112
1 6 2.72 113
1 6 2.72 114
1 6 2.71 115
1 6 2.71 116
1 6 2.72 117
1 6 2.72 118
1 6 2.72 119
1 6 2.73 120
1 6 2.75 121
1 6 2.75 122
1 6 2.76 123
1 6 2.76 124
1 6 2.76 125
1 6 2.76 126
1 6 2.76 127
1 6 2.76 128
1 6 2.76 129
1 6 2.75 130
1 6 2.76 131
1 6 2.76 132
1 6 2.76 133
1 6 2.76 134
1 6 2.76 135
1 6 2.76 136
1 6 2.76 137
1 6 2.76 138
1 6 2.76 139
1 6 2.76 140
1 6 2.76 141
1 6 2.75 142
1 6 2.75 143
1 6 2.76 144
1 6 2.75 145
1 6 2.74 146
1 6 2.73 147
1 6 2.74 148
1 6 2.73 149
1 6 2.73 150
1 6 2.74 151
1 6 2.74 152
1 6 2.74 153
1 6 2.74 154
1 6 2.74 155
1 6 2.74 156
1 6 2.74 157
1 6 2.74 158
1 6 2.74 159
1 6 2.74 160
1 6 2.74 161
1 6 2.73 162
1 6 2.74 163
1 6 2.73 164
1 6 2.73 165
1 6 2.73 166
1 6 2.74 167
1 6 2.74 168
1 6 2.74 169
1 6 2.74 170
1 6 2.74 171
1 6 2.74 172
1 6 2.74 173
1 6 2.75 174
1 6 2.75 175
1 6 2.75 176
1 6 2.75 177
1 6 2.76 178
1 6 2.76 179
1 6 2.76 180
1 6 2.76 181
1 6 2.75 182
1 6 2.75 183
1 6 2.75 184
1 6 2.75 185
1 6 2.75 186
1 6 2.74 187
1 6 2.74 188
1 6 2.74 189
1 6 2.73 190
1 6 2.73 191
1 6 2.72 192
1 6 2.72 193
1 6 2.72 194
1 6 2.73 195
1 6 2.73 196
1 6 2.73 197
1 6 2.73 198
1 6 2.73 199
1 6 2.73 200
1 6 2.74 201
1 6 2.74 202
1 6 2.74 203
1 6 2.74 204
1 6 2.74 205
1 6 2.73 206
1 6 2.73 207
1 6 2.74 208
1 6 2.74 209
1 6 2.74 210
1 6 2.74 211
1 6 2.74 212
1 6 2.74 213
1 6 2.73 214
1 6 2.73 215
1 6 2.74 216
1 6 2.74 217
1 6 2.75 218
1 6 2.74 219
1 6 2.74 220
1 6 2.74 221
1 6 2.75 222
1 6 2.75 223
1 6 2.75 224
1 6 2.75 225
1 6 2.75 226
1 6 2.74 227
1 6 2.75 228
1 6 2.75 229
1 6 2.74 230
1 6 2.74 231
1 6 2.74 232
1 6 2.74 233
1 6 2.74 234
1 6 2.74 235
1 34 2.87 236
1 34 2.88 237
1 34 2.87 238
1 34 2.87 239
1 34 2.88 240
1 34 2.88 241
1 34 2.88 242
1 34 2.88 243
1 34 2.88 244
1 34 2.88 245
1 34 2.87 246
1 34 2.87 247
1 34 2.87 248
1 34 2.87 249
1 34 2.86 250
1 34 2.86 251
1 34 2.87 252
1 34 2.87 253
1 34 2.87 254
1 34 2.86 255
1 34 2.86 256
1 34 2.86 257
1 34 2.86 258
1 34 2.86 259
1 34 2.86 260
1 34 2.86 261
1 34 2.87 262
1 34 2.87 263
1 34 2.87 264
1 34 2.88 265
1 34 2.88 266
1 34 2.88 267
1 34 2.88 268
1 34 2.88 269
1 34 2.88 270
1 34 2.88 271
1 34 2.88 272
1 34 2.88 273
1 34 2.88 274
1 34 2.88 275
1 34 2.88 276
1 34 2.87 277
1 34 2.87 278
1 34 2.87 279
1 34 2.88 280
1 34 2.87 281
1 34 2.88 282
1 34 2.87 283
1 34 2.87 284
1 34 2.87 285
1 34 2.87 286
1 34 2.87 287
1 34 2.86 288
1 34 2.86 289
1 34 2.86 290
1 34 2.86 291
1 34 2.85 292
1 34 2.85 293
1 34 2.85 294
1 34 2.85 295
1 34 2.86 296
1 34 2.86 297
1 34 2.86 298
1 34 2.86 299
1 34 2.86 300
1 34 2.86 301
1 34 2.85 302
1 34 2.85 303
1 34 2.85 304
1 34 2.87 305
1 34 2.86 306
1 34 2.86 307
1 34 2.86 308
1 34 2.86 309
1 34 2.86 310
1 34 2.86 311
1 34 2.86 312
1 34 2.86 313
1 34 2.85 314
1 34 2.85 315
1 34 2.85 316
1 34 2.85 317
1 34 2.85 318
1 34 2.86 319
1 34 2.85 320
1 34 2.85 321
1 34 2.85 322
1 34 2.85 323
1 34 2.85 324
1 34 2.85 325
1 34 2.85 326
1 34 2.85 327
1 34 2.85 328
1 34 2.85 329
1 34 2.85 330
1 34 2.85 331
1 34 2.85 332
1 34 2.85 333
1 34 2.85 334
1 34 2.85 335
1 34 2.85 336
1 34 2.85 337
1 34 2.85 338
1 34 2.85 339
1 34 2.85 340
1 34 2.85 341
1 34 2.85 342
1 34 2.85 343
1 34 2.85 344
1 34 2.85 345
1 34 2.85 346
1 34 2.85 347
1 34 2.85 348
1 34 2.85 349
1 34 2.85 350
1 34 2.85 351
1 34 2.86 352
1 34 2.86 353
1 34 2.86 354
1 34 2.86 355
1 34 2.86 356
1 34 2.86 357
1 34 2.86 358
1 34 2.86 359
1 34 2.85 360
1 34 2.85 361
1 34 2.85 362
1 34 2.85 363
1 34 2.85 364
1 34 2.85 365
1 34 2.84 366
1 34 2.84 367
1 34 2.85 368
1 34 2.84 369
1 34 2.85 370
1 34 2.85 371
1 34 2.85 372
1 34 2.84 373
1 34 2.84 374
1 34 2.84 375
1 34 2.84 376
1 34 2.84 377
1 34 2.84 378
1 34 2.85 379
1 34 2.85 380
1 34 2.86 381
1 34 2.86 382
1 34 2.86 383
1 34 2.86 384
1 34 2.86 385
1 34 2.86 386
1 34 2.86 387
1 34 2.86 388
1 34 2.85 389
1 34 2.85 390
1 34 2.85 391
1 34 2.85 392
1 34 2.85 393
1 34 2.85 394
1 34 2.85 395
1 34 2.85 396
1 34 2.85 397
1 34 2.85 398
1 34 2.85 399
1 34 2.85 400
1 34 2.85 401
1 34 2.86 402
1 34 2.86 403
1 34 2.86 404
1 34 2.86 405
1 34 2.86 406
1 34 2.86 407
1 34 2.86 408
1 34 2.86 409
1 34 2.86 410
1 34 2.86 411
1 34 2.86 412
1 34 2.86 413
1 34 2.86 414
1 34 2.86 415
1 34 2.86 416
1 34 2.86 417
1 34 2.86 418
1 34 2.86 419
1 34 2.86 420
1 34 2.86 421
1 34 2.86 422
1 34 2.86 423
1 34 2.86 424
1 34 2.86 425
1 34 2.86 426
1 34 2.85 427
1 34 2.85 428
1 34 2.85 429
1 34 2.85 430
1 34 2.85 431
1 34 2.84 432
1 34 2.84 433
1 34 2.84 434
1 34 2.85 435
1 34 2.85 436
1 34 2.85 437
1 34 2.85 438
1 34 2.85 439
1 34 2.85 440
1 34 2.85 441
1 34 2.85 442
1 34 2.85 443
1 34 2.85 444
1 34 2.85 445
1 34 2.85 446
1 34 2.85 447
1 34 2.85 448
1 34 2.85 449
1 34 2.85 450
1 34 2.85 451
1 34 2.85 452
1 34 2.85 453
1 34 2.85 454
1 34 2.85 455
1 34 2.84 456
1 34 2.84 457
1 34 2.85 458
1 34 2.85 459
1 34 2.85 460
1 34 2.85 461
1 34 2.84 462
1 34 2.84 463
1 34 2.84 464
1 34 2.84 465
1 34 2.84 466
1 34 2.84 467
1 34 2.84 468
1 34 2.83 469
1 34 2.83 470
1 34 2.83 471
1 34 2.83 472
1 34 2.84 473
1 34 2.84 474
1 34 2.83 475
1 34 2.83 476
1 34 2.83 477
1 34 2.83 478
1 34 2.83 479
1 34 2.83 480
1 34 2.83 481
1 34 2.83 482
1 34 2.83 483
1 34 2.82 484
1 34 2.82 485
1 34 2.83 486
1 34 2.83 487
1 34 2.83 488
1 34 2.82 489
1 34 2.83 490
1 34 2.83 491
1 34 2.83 492
1 34 2.82 493
1 34 2.82 494
1 34 2.82 495
1 34 2.82 496
1 34 2.82 497
1 34 2.82 498
1 34 2.82 499
1 34 2.82 500
1 34 2.82 501
1 34 2.82 502
1 34 2.82 503
1 34 2.82 504
1 34 2.82 505
1 34 2.82 506
1 34 2.82 507
1 34 2.82 508
1 34 2.82 509
1 34 2.82 510
1 34 2.82 511
1 34 2.83 512
1 34 2.83 513
1 34 2.83 514
1 34 2.83 515
1 34 2.83 516
1 34 2.83 517
1 34 2.83 518
1 34 2.83 519
1 34 2.83 520
1 34 2.83 521
1 34 2.83 522
1 34 2.82 523
1 34 2.82 524
1 34 2.82 525
1 34 2.82 526
1 34 2.82 527
1 34 2.83 528
1 34 2.83 529
1 34 2.83 530
1 34 2.82 531
1 34 2.83 532
1 34 2.82 533
1 34 2.82 534
1 34 2.82 535
1 34 2.82 536
1 34 2.82 537
1 34 2.82 538
1 34 2.82 539
1 34 2.82 540
1 34 2.82 541
1 34 2.82 542
1 34 2.82 543
1 34 2.82 544
1 34 2.82 545
1 34 2.82 546
1 34 2.82 547
1 34 2.82 548
1 34 2.82 549
1 34 2.82 550
1 34 2.82 551
1 34 2.82 552
1 34 2.82 553
1 34 2.82 554
1 34 2.82 555
1 34 2.81 556
1 34 2.81 557
1 34 2.81 558
1 34 2.81 559
1 34 2.81 560
1 34 2.81 561
1 34 2.81 562
1 34 2.81 563
0 34 2.81 564
0 34 2.81 565
0 34 2.81 566
0 34 2.81 567
0 34 2.81 568
0 34 2.81 569
0 34 2.81 570
0 34 2.81 571
0 34 2.81 572
0 34 2.81 573
0 34 2.81 574
0 34 2.81 575
0 34 2.81 576
0 34 2.81 577
0 34 2.81 578
0 34 2.82 579
0 34 2.81 580
0 34 2.82 581
0 34 2.82 582
0 34 2.82 583
0 34 2.82 584
0 34 2.82 585
0 34 2.81 586
0 34 2.81 587
0 34 2.81 588
0 34 2.81 589
0 34 2.81 590
0 34 2.82 591
0 34 2.81 592
0 34 2.81 593
0 34 2.81 594
0 34 2.81 595
0 34 2.81 596
0 34 2.81 597
0 34 2.81 598
0 34 2.81 599
0 34 2.81 600
0 34 2.81 601
0 34 2.81 602
0 34 2.81 603
0 34 2.81 604
0 34 2.81 605
0 34 2.81 606
0 34 2.81 607
0 34 2.81 608
0 34 2.82 609
0 34 2.81