2 2 2.00 1
0 2 1.00 2
0 2 1.00 3
0 2 1.00 4
0 2 0.80 5
0 2 0.67 6
0 2 0.71 7
0 2 0.75 8
0 2 0.67 9
0 2 0.70 10
0 2 0.73 11
0 2 0.67 12
0 2 0.62 13
0 2 0.64 14
0 2 0.67 15
0 2 0.69 16
0 2 0.71 17
0 2 0.67 18
0 2 0.63 19
0 2 0.65 20
0 2 0.67 21
0 2 0.68 22
0 2 0.70 23
0 2 0.71 24
0 2 0.68 25
0 2 0.69 26
0 2 0.70 27
0 2 0.68 28
0 2 0.69 29
0 2 0.70 30
0 2 0.68 31
0 2 0.69 32
0 2 0.67 33
0 2 0.65 34
0 2 0.66 35
0 2 0.64 36
0 2 0.62 37
0 2 0.61 38
0 2 0.62 39
0 2 0.60 40
0 2 0.59 41
0 2 0.57 42
0 2 0.56 43
0 2 0.55 44
0 2 0.53 45
0 2 0.52 46
0 2 0.51 47
0 2 0.50 48
0 2 0.49 49
0 2 0.48 50
0 2 0.47 51
0 2 0.46 52
0 2 0.45 53
0 2 0.48 54
0 2 0.47 55
0 2 0.48 56
0 2 0.49 57
0 2 0.48 58
0 2 0.47 59
0 2 0.47 60
0 2 0.48 61
0 2 0.47 62
0 2 0.48 63
0 2 0.48 64
0 2 0.49 65
0 2 0.50 66
0 2 0.51 67
0 2 0.50 68
0 2 0.51 69
0 2 0.51 70
0 2 0.52 71
0 2 0.51 72
0 2 0.52 73
0 2 0.51 74
0 2 0.52 75
0 2 0.51 76
0 2 0.53 77
0 2 0.53 78
0 2 0.52 79
0 2 0.53 80
0 2 0.52 81
0 2 0.51 82
0 2 0.52 83
0 2 0.51 84
0 2 0.52 85
0 2 0.51 86
0 2 0.52 87
0 2 0.52 88
0 2 0.53 89
0 2 0.53 90
0 2 0.54 91
0 2 0.53 92
0 2 0.54 93
0 2 0.53 94
0 2 0.54 95
0 2 0.53 96
0 2 0.54 97
0 2 0.54 98
0 2 0.54 99
0 2 0.54 100
0 2 0.53 101
0 2 0.54 102
0 2 0.54 103
0 2 0.55 104
0 2 0.54 105
0 3 0.57 106
0 3 0.57 107
0 3 0.57 108
0 3 0.60 109
0 3 0.59 110
0 3 0.59 111
0 3 0.58 112
0 3 0.58 113
0 3 0.58 114
0 3 0.57 115
0 3 0.59 116
0 3 0.58 117
0 3 0.58 118
0 3 0.58 119
0 3 0.58 120
0 3 0.59 121
0 3 0.58 122
0 3 0.59 123
0 3 0.59 124
0 3 0.58 125
0 3 0.59 126
0 3 0.58 127
0 3 0.58 128
0 3 0.58 129
0 3 0.58 130
0 3 0.59 131
0 3 0.59 132
0 3 0.59 133
0 3 0.59 134
0 3 0.59 135
0 3 0.59 136
0 3 0.59 137
0 3 0.59 138
0 3 0.60 139
0 3 0.60 140
0 3 0.60 141
0 3 0.61 142
0 3 0.61 143
0 3 0.61 144
0 3 0.62 145
0 3 0.62 146
0 3 0.61 147
0 3 0.61 148
0 3 0.62 149
0 3 0.61 150
0 3 0.62 151
0 3 0.61 152
0 3 0.61 153
0 3 0.62 154
0 3 0.62 155
0 3 0.62 156
0 3 0.62 157
0 3 0.61 158
0 3 0.61 159
0 3 0.61 160
0 3 0.61 161
0 3 0.60 162
0 3 0.61 163
0 3 0.61 164
0 3 0.61 165
0 3 0.61 166
0 3 0.62 167
0 3 0.62 168
0 3 0.62 169
0 3 0.62 170
0 3 0.62 171
0 3 0.62 172
0 3 0.62 173
0 3 0.62 174
0 3 0.62 175
0 3 0.61 176
0 3 0.62 177
0 3 0.62 178
0 3 0.63 179
0 3 0.63 180
0 3 0.62 181
0 3 0.62 182
0 3 0.62 183
0 3 0.63 184
0 3 0.63 185
0 3 0.63 186
0 3 0.64 187
0 3 0.64 188
0 3 0.63 189
0 3 0.64 190
0 3 0.64 191
0 3 0.64 192
0 3 0.64 193
0 3 0.64 194
0 3 0.65 195
0 3 0.65 196
0 3 0.64 197
0 3 0.65 198
0 3 0.65 199
0 3 0.65 200
0 3 0.65 201
0 3 0.64 202
0 3 0.65 203
0 3 0.65 204
0 3 0.64 205
0 3 0.65 206
0 3 0.64 207
0 3 0.64 208
0 3 0.64 209
0 3 0.64 210
0 3 0.65 211
0 3 0.65 212
0 3 0.65 213
0 3 0.64 214
0 3 0.65 215
0 3 0.65 216
0 3 0.65 217
0 3 0.64 218
0 3 0.64 219
0 3 0.64 220
0 3 0.64 221
0 3 0.64 222
0 3 0.65 223
0 3 0.66 224
0 3 0.65 225
0 3 0.65 226
0 3 0.66 227
0 3 0.66 228
0 3 0.66 229
0 3 0.66 230
0 3 0.66 231
0 3 0.66 232
0 3 0.66 233
0 3 0.66 234
0 3 0.66 235
0 3 0.67 236
0 3 0.67 237
0 3 0.67 238
0 3 0.67 239
0 3 0.67 240
0 3 0.68 241
0 3 0.68 242
0 3 0.68 243
0 3 0.68 244
0 3 0.67 245
0 3 0.68 246
0 3 0.68 247
0 3 0.68 248
0 3 0.69 249
0 3 0.68 250
0 3 0.69 251
0 3 0.68 252
0 3 0.68 253
0 3 0.68 254
0 3 0.68 255
0 3 0.68 256
0 3 0.68 257
0 3 0.68 258
0 3 0.68 259
0 3 0.68 260
0 3 0.67 261
0 3 0.68 262
0 3 0.67 263
0 3 0.67 264
0 3 0.68 265
0 3 0.68 266
0 3 0.67 267
0 3 0.67 268
0 3 0.67 269
0 3 0.67 270
0 3 0.66 271
0 3 0.67 272
0 3 0.67 273
0 3 0.67 274
0 3 0.67 275
0 3 0.67 276
0 3 0.67 277
0 3 0.67 278
0 3 0.67 279
0 3 0.67 280
0 3 0.67 281
0 3 0.67 282
0 3 0.67 283
0 3 0.67 284
0 3 0.67 285
0 3 0.67 286
0 3 0.67 287
0 3 0.67 288
0 3 0.67 289
0 3 0.67 290
0 3 0.67 291
0 3 0.67 292
0 3 0.67 293
0 3 0.67 294
0 3 0.66 295
0 3 0.66 296
0 3 0.66 297
0 3 0.66 298
0 3 0.67 299
0 3 0.66 300
0 3 0.66 301
0 3 0.66 302
0 3 0.66 303
0 3 0.66 304
0 3 0.66 305
0 3 0.66 306
0 3 0.66 307
0 3 0.66 308
0 3 0.65 309
0 3 0.65 310
0 3 0.65 311
0 3 0.65 312
0 3 0.65 313
0 3 0.66 314
0 3 0.65 315
0 3 0.66 316
0 3 0.66 317
0 3 0.66 318
0 3 0.66 319
0 3 0.66 320
0 3 0.66 321
0 3 0.66 322
0 3 0.66 323
0 3 0.66 324
0 3 0.66 325
0 3 0.67 326
0 3 0.67 327
0 3 0.66 328
0 3 0.67 329
0 3 0.67 330
0 3 0.66 331
0 3 0.67 332
0 3 0.67 333
0 3 0.67 334
0 3 0.67 335
0 3 0.67 336
0 3 0.67 337
0 3 0.67 338
0 3 0.67 339
0 3 0.67 340
0 3 0.67 341
0 3 0.67 342
0 3 0.67 343
0 3 0.67 344
0 3 0.67 345
0 3 0.67 346
0 3 0.67 347
0 3 0.67 348
0 3 0.67 349
0 3 0.67 350
0 3 0.68 351
0 3 0.67 352
0 3 0.67 353
0 3 0.68 354
0 3 0.68 355
0 3 0.67 356
0 3 0.67 357
0 3 0.67 358
0 3 0.67 359
0 3 0.67 360
0 3 0.67 361
0 3 0.67 362
0 3 0.67 363
0 3 0.67 364
0 3 0.67 365
0 3 0.67 366
0 3 0.67 367
0 3 0.67 368
0 3 0.67 369
0 3 0.67 370
0 3 0.68 371
0 3 0.68 372
0 3 0.68 373
0 3 0.68 374
0 3 0.68 375
0 3 0.68 376
0 3 0.68 377
0 3 0.68 378
0 3 0.68 379
0 3 0.68 380
0 3 0.68 381
0 3 0.68 382
0 3 0.68 383
0 3 0.68 384
0 3 0.68 385
0 3 0.68 386
0 3 0.68 387
0 3 0.68 388
0 3 0.68 389
0 3 0.68 390
0 3 0.68 391
0 3 0.68 392
0 3 0.68 393
0 3 0.68 394
0 3 0.67 395
0 3 0.67 396
0 3 0.67 397
0 3 0.67 398
0 3 0.67 399
0 3 0.67 400
0 3 0.67 401
0 3 0.67 402
0 3 0.67 403
0 3 0.67 404
0 3 0.67 405
0 3 0.67 406
0 3 0.67 407
0 3 0.67 408
0 3 0.67 409
0 3 0.67 410
0 3 0.67 411
0 3 0.67 412
0 3 0.67 413
0 3 0.66 414
0 3 0.67 415
0 3 0.66 416
0 3 0.66 417
0 3 0.66 418
0 3 0.66 419
0 3 0.66 420
0 3 0.66 421
0 3 0.66 422
0 3 0.66 423
0 3 0.66 424
0 3 0.66 425
0 3 0.66 426
0 3 0.66 427
0 3 0.66 428
0 3 0.66 429
0 3 0.66 430
0 3 0.67 431
0 3 0.66 432
0 3 0.67 433
0 3 0.67 434
0 3 0.67 435
0 3 0.67 436
0 3 0.67 437
0 3 0.67 438
0 3 0.67 439
0 3 0.67 440
0 3 0.66 441
0 3 0.67 442
0 3 0.67 443
0 3 0.67 444
0 3 0.67 445
0 3 0.67 446
0 3 0.67 447
0 3 0.67 448
0 3 0.67 449
0 3 0.67 450
0 3 0.67 451
0 3 0.67 452
0 3 0.67 453
0 3 0.68 454
0 3 0.68 455
0 3 0.68 456
0 3 0.68 457
0 3 0.67 458
0 3 0.68 459
0 3 0.68 460
0 3 0.68 461
0 3 0.68 462
0 17 0.71 463
0 17 0.71 464
0 17 0.71 465
0 17 0.71 466
0 17 0.71 467
0 17 0.71 468
0 17 0.71 469
0 17 0.72 470
0 17 0.72 471
0 17 0.72 472
0 17 0.72 473
0 17 0.72 474
0 17 0.72 475
0 17 0.72 476
0 17 0.71 477
0 17 0.72 478
0 17 0.72 479
0 17 0.72 480
0 17 0.72 481
0 17 0.72 482
0 17 0.72 483
0 17 0.71 484
0 17 0.72 485
0 17 0.72 486
0 17 0.71 487
0 17 0.72 488
0 17 0.71 489
0 17 0.71 490
0 17 0.71 491
0 17 0.71 492
0 17 0.71 493
0 17 0.71 494
0 17 0.72 495
0 17 0.71 496
0 17 0.71 497
0 17 0.71 498
0 17 0.71 499
0 17 0.71 500
0 17 0.71 501
0 17 0.71 502
0 17 0.71 503
0 17 0.71 504
0 17 0.71 505
0 17 0.71 506
0 17 0.71 507
0 17 0.71 508
0 17 0.71 509
0 17 0.71 510
0 17 0.71 511
0 17 0.71 512
0 17 0.71 513
0 17 0.71 514
0 17 0.71 515
0 17 0.71 516
0 17 0.71 517
0 17 0.71 518
0 17 0.71 519
0 17 0.71 520
0 17 0.71 521
0 17 0.71 522
0 17 0.71 523
0 17 0.71 524
0 17 0.71 525
0 17 0.71 526
0 17 0.71 527
0 17 0.71 528
0 17 0.71 529
0 17 0.71 530
0 17 0.71 531
0 17 0.71 532
0 17 0.71 533
0 17 0.71 534
0 17 0.71 535
0 17 0.71 536
0 17 0.71 537
0 17 0.71 538
0 17 0.71 539
0 17 0.71 540
0 17 0.71 541
0 17 0.71 542
0 17 0.71 543
0 17 0.71 544
0 17 0.71 545
0 17 0.71 546
0 17 0.71 547
0 17 0.71 548
0 17 0.71 549
0 17 0.71 550
0 17 0.71 551
0 17 0.71 552
0 17 0.71 553
0 17 0.71 554
0 17 0.71 555
0 17 0.71 556
0 17 0.71 557
0 17 0.71 558
0 17 0.71 559
0 17 0.71 560
0 17 0.71 561
0 17 0.71 562
0 17 0.71 563
0 17 0.71 564
0 17 0.71 565
0 17 0.71 566
0 17 0.71 567
0 17 0.71 568
0 17 0.71 569
0 17 0.71 570
0 17 0.71 571
0 17 0.71 572
0 17 0.71 573
0 17 0.71 574
0 17 0.70 575
0 17 0.70 576
0 17 0.70 577
0 17 0.70 578
0 17 0.70 579
0 17 0.71 580
0 17 0.70 581
0 17 0.70 582
0 17 0.70 583
0 17 0.70 584
0 17 0.70 585
0 17 0.70 586
0 17 0.71 587
0 17 0.71 588
0 17 0.71 589
0 17 0.71 590
0 17 0.71 591
0 17 0.71 592
0 17 0.71 593
0 17 0.71 594
0 17 0.71 595
0 17 0.71 596
0 17 0.71 597
0 17 0.71 598
0 17 0.71 599
0 17 0.71 600
0 17 0.71 601
0 17 0.71 602
0 17 0.70 603
0 17 0.71 604
0 17 0.71 605
0 17 0.71 606
0 17 0.71 607
0 17 0.71 608
0 17 0.71 609
0 17 0.71 610
0 17 0.71 611
0 17 0.71 612
0 17 0.71 613
0 17 0.71 614
0 17 0.71 615
0 17 0.71 616
0 17 0.71 617
0 17 0.71 618
0 17 0.71 619
0 17 0.71 620
0 17 0.71 621
0 17 0.71 622
0 17 0.70 623
0 17 0.71 624
0 17 0.71 625
0 17 0.71 626
0 17 0.71 627
0 17 0.71 628
0 17 0.71 629
0 17 0.71 630
0 17 0.71 631
0 17 0.71 632
0 17 0.71 633
0 17 0.71 634
0 17 0.71 635
0 17 0.71 636
0 17 0.71 637
0 17 0.71 638
0 17 0.71 639
0 17 0.71 640
0 17 0.71 641
0 17 0.71 642
0 17 0.71 643
0 17 0.71 644
0 17 0.71 645
0 17 0.71 646
0 17 0.71 647
0 17 0.71 648
0 17 0.71 649
0 17 0.71 650
0 17 0.71 651
0 17 0.71 652
0 17 0.71 653
0 17 0.71 654
0 17 0.71 655
0 17 0.71 656
0 17 0.71 657
0 17 0.71 658
0 17 0.71 659
0 17 0.71 660
0 17 0.71 661
0 17 0.71 662
0 17 0.71 663
0 17 0.71 664
0 17 0.71 665
0 17 0.71 666
0 17 0.71 667
0 17 0.71 668
0 17 0.71 669
0 17 0.71 670
0 17 0.71 671
0 17 0.71 672
0 17 0.71 673
0 17 0.71 674
0 17 0.71 675
0 17 0.71 676
0 17 0.71 677
0 17 0.71 678
0 17 0.71 679
0 17 0.71 680
0 17 0.71 681
0 17 0.71 682
0 17 0.71 683
0 17 0.71 684
0 17 0.71 685
0 17 0.71 686
0 17 0.71 687
0 17 0.71 688
0 17 0.71 689
0 17 0.71 690
0 17 0.71 691
0 17 0.71 692
0 17 0.71 693
0 17 0.71 694
0 17 0.71 695
0 17 0.71 696
0 17 0.71 697
0 17 0.71 698
0 17 0.71 699
0 17 0.71 700
0 17 0.71 701
0 17 0.71 702
0 17 0.71 703
0 17 0.71 704
0 17 0.71 705
0 17 0.71 706
0 17 0.71 707
0 17 0.71 708
0 17 0.71 709
0 17 0.71 710
0 17 0.71 711
0 17 0.71 712
0 17 0.71 713
0 17 0.71 714
0 17 0.71 715
0 17 0.71 716
0 17 0.71 717
0 17 0.71 718
0 17 0.71 719
0 17 0.71 720
0 17 0.71 721
0 17 0.71 722
0 17 0.71 723
0 17 0.71 724
0 17 0.71 725
0 17 0.71 726
0 17 0.71 727
0 17 0.71 728
0 17 0.71 729
0 17 0.71 730
0 17 0.71 731
0 17 0.71 732
0 17 0.71 733
0 17 0.71 734
0 17 0.71 735
0 17 0.71 736
0 17 0.71 737
0 17 0.71 738
0 17 0.71 739
0 17 0.71 740
0 17 0.70 741
0 17 0.70 742
0 17 0.70 743
0 17 0.70 744
0 17 0.70 745
0 17 0.70 746
0 17 0.70 747
0 17 0.70 748
0 17 0.70 749
0 17 0.70 750
0 17 0.70 751
0 17 0.70 752
0 17 0.70 753
0 17 0.70 754
0 17 0.70 755
0 17 0.70 756
0 17 0.70 757
0 17 0.70 758
0 17 0.70 759
0 17 0.70 760
0 17 0.70 761
0 17 0.70 762
0 17 0.70 763
0 17 0.71 764
0 17 0.70 765
0 17 0.70 766
0 17 0.71 767
0 17 0.70 768
0 17 0.70 769
0 17 0.70 770
0 17 0.70 771
0 17 0.70 772
0 17 0.70 773
0 17 0.70 774
0 17 0.70 775
0 17 0.70 776
0 17 0.70 777
0 17 0.70 778
0 17 0.70 779
0 17 0.70 780
0 17 0.70 781
0 17 0.70 782
0 17 0.70 783
0 17 0.70 784
0 17 0.70 785
0 17 0.70 786
0 17 0.70 787
0 17 0.70 788
0 17 0.70 789
0 17 0.70 790
0 17 0.70 791
0 17 0.70 792
0 17 0.70 793
0 17 0.70 794
0 17 0.70 795
0 17 0.70 796
0 17 0.70 797
0 17 0.70 798
0 17 0.70 799
0 17 0.70 800
0 17 0.70 801
0 17 0.70 802
0 17 0.70 803
0 17 0.70 804
0 17 0.70 805
0 17 0.70 806
0 17 0.70 807
0 17 0.70 808
0 17 0.70 809
0 17 0.70 810
0 17 0.70 811
0 17 0.70 812
0 17 0.70 813
0 17 0.70 814
0 17 0.70 815
0 17 0.70 816
0 17 0.70 817
0 17 0.70 818
0 17 0.70 819
0 17 0.70 820
0 17 0.70 821
0 17 0.70 822
0 17 0.70 823
0 17 0.70 824
0 17 0.70 825
0 17 0.70 826
0 17 0.70 827
0 17 0.70 828
0 17 0.69 829
0 17 0.70 830
0 17 0.70 831
0 17 0.70 832
0 17 0.70 833
0 17 0.70 834
0 17 0.70 835
0 17 0.69 836
0 17 0.70 837
0 17 0.70 838
0 17 0.70 839
0 17 0.70 840
0 17 0.70 841
0 17 0.70 842
0 17 0.70 843
0 17 0.69 844
0 17 0.69 845
0 17 0.69 846
0 17 0.69 847
0 17 0.69 848
0 17 0.69 849
0 17 0.69 850
0 17 0.69 851
0 17 0.69 852
0 17 0.69 853
0 17 0.69 854
0 17 0.69 855
0 17 0.69 856
0 17 0.69 857
0 17 0.69 858
0 17 0.69 859
0 17 0.69 860
0 17 0.69 861
0 17 0.69 862
0 17 0.69 863
0 17 0.69 864
0 17 0.69 865
0 17 0.69 866
0 17 0.69 867
0 17 0.69 868
0 17 0.69 869
0 17 0.69 870
0 17 0.69 871
0 17 0.69 872
0 17 0.69 873
0 17 0.69 874
0 17 0.69 875
0 17 0.69 876
0 17 0.69 877
0 17 0.69 878
0 17 0.69 879
0 17 0.69 880
0 17 0.69 881
0 17 0.69 882
0 17 0.69 883
0 17 0.69 884
0 17 0.69 885
0 17 0.69 886
0 17 0.69 887
0 17 0.69 888
0 17 0.69 889
0 17 0.69 890
0 17 0.69 891
0 17 0.69 892
0 17 0.69 893
0 17 0.69 894
0 17 0.69 895
0 17 0.69 896
0 17 0.69 897
0 17 0.69 898
0 17 0.69 899
0 17 0.69 900
0 17 0.69 901
0 17 0.69 902
0 17 0.69 903
0 17 0.69 904
0 17 0.69 905
0 17 0.69 906
0 17 0.69 907
0 17 0.69 908
0 17 0.69 909
0 17 0.69 910
0 17 0.69 911
0 17 0.69 912
0 17 0.69 913
0 17 0.69 914
0 17 0.69 915
0 17 0.69 916
0 17 0.69 917
0 17 0.69 918
0 17 0