0 0 0.00 1
0 1 0.50 2
0 1 0.33 3
0 1 0.25 4
0 1 0.40 5
0 1 0.33 6
0 1 0.43 7
0 1 0.50 8
0 1 0.44 9
0 1 0.40 10
0 1 0.36 11
0 1 0.33 12
0 1 0.31 13
0 1 0.29 14
0 1 0.33 15
0 1 0.38 16
0 1 0.41 17
0 1 0.39 18
0 1 0.42 19
0 1 0.40 20
0 1 0.43 21
0 1 0.41 22
0 1 0.39 23
0 1 0.42 24
0 1 0.44 25
0 1 0.42 26
0 2 0.48 27
0 2 0.50 28
0 2 0.52 29
0 2 0.50 30
0 2 0.52 31
0 2 0.50 32
0 2 0.48 33
0 2 0.47 34
0 2 0.49 35
0 2 0.47 36
0 2 0.49 37
0 2 0.47 38
0 2 0.49 39
0 2 0.47 40
0 2 0.49 41
0 2 0.48 42
0 2 0.47 43
0 2 0.48 44
0 2 0.47 45
0 2 0.48 46
0 2 0.49 47
0 2 0.48 48
0 2 0.47 49
0 2 0.48 50
0 2 0.49 51
0 2 0.50 52
0 2 0.51 53
0 2 0.52 54
0 2 0.51 55
0 2 0.50 56
0 2 0.51 57
0 2 0.50 58
0 2 0.51 59
0 2 0.50 60
0 2 0.51 61
0 2 0.50 62
0 2 0.49 63
0 2 0.50 64
0 2 0.51 65
0 2 0.52 66
0 2 0.51 67
0 2 0.50 68
0 2 0.49 69
0 2 0.49 70
0 2 0.49 71
0 2 0.50 72
0 2 0.49 73
0 2 0.49 74
0 2 0.48 75
0 2 0.49 76
0 2 0.49 77
0 2 0.49 78
0 2 0.48 79
0 2 0.47 80
0 2 0.48 81
0 2 0.49 82
0 2 0.48 83
0 2 0.48 84
0 2 0.47 85
0 2 0.47 86
0 2 0.46 87
0 2 0.45 88
0 2 0.46 89
0 2 0.48 90
0 2 0.47 91
0 2 0.48 92
0 2 0.48 93
0 2 0.48 94
0 2 0.47 95
0 2 0.48 96
0 2 0.48 97
0 2 0.48 98
0 2 0.47 99
0 2 0.47 100
0 2 0.47 101
0 2 0.47 102
0 2 0.47 103
0 2 0.47 104
0 2 0.47 105
0 2 0.47 106
0 2 0.48 107
0 2 0.47 108
0 2 0.47 109
0 2 0.47 110
0 2 0.47 111
0 2 0.46 112
0 2 0.47 113
0 2 0.47 114
0 2 0.47 115
0 2 0.47 116
0 2 0.47 117
0 2 0.47 118
0 2 0.46 119
0 2 0.47 120
0 2 0.46 121
0 2 0.47 122
0 2 0.46 123
0 2 0.47 124
0 2 0.46 125
0 2 0.46 126
0 2 0.46 127
0 2 0.46 128
0 2 0.47 129
0 2 0.47 130
0 2 0.47 131
0 2 0.47 132
0 2 0.47 133
0 2 0.47 134
0 2 0.47 135
0 2 0.47 136
0 2 0.47 137
0 2 0.47 138
0 2 0.47 139
0 2 0.47 140
0 2 0.47 141
0 2 0.46 142
0 2 0.48 143
0 2 0.48 144
0 2 0.48 145
0 2 0.48 146
0 2 0.48 147
0 2 0.47 148
0 2 0.47 149
0 2 0.47 150
0 2 0.48 151
0 2 0.47 152
0 2 0.48 153
0 2 0.48 154
0 2 0.48 155
0 2 0.48 156
0 2 0.48 157
0 2 0.47 158
0 2 0.47 159
0 2 0.47 160
0 2 0.48 161
0 2 0.48 162
0 2 0.48 163
0 2 0.48 164
0 2 0.47 165
0 2 0.48 166
0 2 0.49 167
0 2 0.48 168
0 2 0.48 169
0 2 0.49 170
0 2 0.49 171
0 2 0.49 172
0 2 0.49 173
0 2 0.49 174
0 2 0.50 175
0 2 0.49 176
0 2 0.49 177
0 2 0.49 178
0 2 0.50 179
0 2 0.50 180
0 2 0.50 181
0 2 0.50 182
0 2 0.50 183
0 2 0.49 184
0 2 0.50 185
0 2 0.49 186
0 2 0.49 187
0 2 0.49 188
0 2 0.49 189
0 2 0.49 190
0 2 0.49 191
0 2 0.49 192
0 2 0.49 193
0 2 0.49 194
0 2 0.49 195
0 2 0.49 196
0 2 0.49 197
0 2 0.49 198
0 2 0.49 199
0 2 0.49 200
0 2 0.49 201
0 2 0.50 202
0 2 0.50 203
0 2 0.50 204
0 2 0.50 205
0 2 0.50 206
0 2 0.50 207
0 2 0.50 208
0 2 0.50 209
0 2 0.50 210
0 2 0.49 211
0 2 0.50 212
0 2 0.50 213
0 2 0.50 214
0 2 0.50 215
0 2 0.50 216
0 2 0.49 217
0 2 0.49 218
0 2 0.49 219
0 2 0.50 220
0 2 0.49 221
0 2 0.49 222
0 2 0.49 223
0 2 0.49 224
0 2 0.48 225
0 2 0.48 226
0 2 0.48 227
0 2 0.48 228
0 2 0.48 229
0 2 0.48 230
0 2 0.48 231
0 2 0.47 232
0 2 0.48 233
0 2 0.47 234
0 2 0.48 235
0 2 0.47 236
0 2 0.48 237
0 2 0.47 238
0 2 0.47 239
0 2 0.47 240
0 2 0.47 241
0 2 0.47 242
0 2 0.47 243
0 2 0.47 244
0 2 0.47 245
0 2 0.47 246
0 2 0.47 247
0 2 0.47 248
0 2 0.47 249
0 2 0.47 250
0 2 0.47 251
0 2 0.46 252
0 2 0.46 253
0 2 0.46 254
0 2 0.46 255
0 2 0.46 256
0 2 0.46 257
0 2 0.47 258
0 2 0.47 259
0 2 0.47 260
0 2 0.48 261
0 2 0.48 262
0 2 0.48 263
0 2 0.47 264
0 2 0.48 265
0 2 0.47 266
0 2 0.48 267
0 2 0.48 268
0 2 0.48 269
0 2 0.48 270
0 2 0.48 271
0 2 0.48 272
0 2 0.48 273
0 2 0.48 274
0 2 0.48 275
0 2 0.48 276
0 2 0.48 277
0 2 0.48 278
0 2 0.48 279
0 2 0.48 280
0 2 0.48 281
0 2 0.48 282
0 2 0.48 283
0 2 0.48 284
0 2 0.48 285
0 2 0.48 286
0 2 0.48 287
0 2 0.49 288
0 2 0.49 289
0 2 0.49 290
0 2 0.49 291
0 2 0.49 292
0 2 0.49 293
0 2 0.49 294
0 2 0.49 295
0 2 0.49 296
0 2 0.49 297
0 2 0.49 298
0 2 0.49 299
0 2 0.49 300
0 2 0.49 301
0 2 0.49 302
0 2 0.49 303
0 2 0.49 304
0 2 0.49 305
0 2 0.49 306
0 2 0.49 307
0 2 0.49 308
0 2 0.50 309
0 2 0.50 310
0 2 0.50 311
0 2 0.50 312
0 2 0.50 313
0 2 0.50 314
0 2 0.50 315
0 2 0.50 316
0 2 0.50 317
0 2 0.50 318
0 2 0.50 319
0 2 0.50 320
0 2 0.50 321
0 2 0.50 322
0 2 0.50 323
0 2 0.51 324
0 2 0.50 325
0 2 0.51 326
0 2 0.50 327
0 2 0.50 328
0 2 0.50 329
0 2 0.50 330
0 2 0.50 331
0 2 0.50 332
0 2 0.50 333
0 2 0.50 334
0 2 0.50 335
0 2 0.50 336
0 2 0.50 337
0 2 0.50 338
0 2 0.50 339
0 2 0.50 340
0 2 0.50 341
0 2 0.50 342
0 2 0.50 343
0 2 0.50 344
0 2 0.50 345
0 2 0.50 346
0 2 0.50 347
0 2 0.50 348
0 2 0.50 349
0 2 0.50 350
0 2 0.50 351
0 2 0.50 352
0 2 0.50 353
0 2 0.50 354
0 2 0.50 355
0 2 0.50 356
0 2 0.50 357
0 2 0.50 358
0 2 0.50 359
0 2 0.50 360
0 2 0.50 361
0 2 0.49 362
0 2 0.50 363
0 2 0.49 364
0 2 0.50 365
0 2 0.49 366
0 2 0.49 367
0 2 0.49 368
0 2 0.49 369
0 2 0.49 370
0 2 0.49 371
0 2 0.49 372
0 2 0.49 373
0 2 0.49 374
0 2 0.49 375
0 2 0.49 376
0 2 0.49 377
0 2 0.48 378
0 2 0.49 379
0 2 0.48 380
0 2 0.49 381
0 2 0.48 382
0 2 0.49 383
0 2 0.48 384
0 2 0.48 385
0 2 0.48 386
0 2 0.48 387
0 2 0.48 388
0 2 0.49 389
0 2 0.49 390
0 2 0.49 391
0 2 0.49 392
0 2 0.49 393
0 2 0.48 394
0 2 0.49 395
0 2 0.49 396
0 2 0.49 397
0 2 0.48 398
0 2 0.49 399
0 2 0.49 400
0 2 0.49 401
0 2 0.49 402
0 2 0.49 403
0 2 0.49 404
0 2 0.49 405
0 2 0.49 406
0 2 0.49 407
0 2 0.49 408
0 2 0.48 409
0 2 0.48 410
0 2 0.48 411
0 2 0.48 412
0 2 0.48 413
0 2 0.48 414
0 2 0.48 415
0 2 0.48 416
0 2 0.48 417
0 2 0.48 418
0 2 0.47 419
0 2 0.48 420
0 2 0.48 421
0 2 0.48 422
0 2 0.48 423
0 2 0.48 424
0 2 0.48 425
0 2 0.48 426
0 2 0.48 427
0 2 0.48 428
0 2 0.48 429
0 2 0.48 430
0 2 0.48 431
0 2 0.48 432
0 2 0.48 433
0 2 0.48 434
0 2 0.48 435
0 2 0.48 436
0 2 0.48 437
0 2 0.48 438
0 2 0.48 439
0 2 0.48 440
0 2 0.48 441
0 2 0.48 442
0 2 0.48 443
0 2 0.48 444
0 2 0.48 445
0 2 0.48 446
0 2 0.48 447
0 2 0.48 448
0 2 0.48 449
0 2 0.48 450
0 2 0.48 451
0 2 0.48 452
0 2 0.48 453
0 2 0.48 454
0 2 0.48 455
0 2 0.48 456
0 2 0.48 457
0 2 0.48 458
0 2 0.48 459
0 2 0.48 460
0 2 0.48 461
0 2 0.48 462
0 2 0.48 463
0 2 0.48 464
0 2 0.48 465
0 2 0.48 466
0 2 0.48 467
0 2 0.48 468
0 2 0.48 469
0 2 0.48 470
0 2 0.48 471
0 2 0.48 472
0 2 0.48 473
0 2 0.48 474
0 2 0.48 475
0 2 0.48 476
0 2 0.48 477
0 2 0.48 478
0 2 0.48 479
0 2 0.48 480
0 2 0.48 481
0 2 0.48 482
0 2 0.48 483
0 2 0.49 484
0 2 0.48 485
0 2 0.48 486
0 2 0.48 487
0 2 0.48 488
0 2 0.48 489
0 2 0.48 490
0 2 0.48 491
0 2 0.48 492
0 2 0.48 493
0 2 0.48 494
0 2 0.48 495
0 2 0.48 496
0 2 0.48 497
0 2 0.48 498
0 2 0.48 499
0 2 0.48 500
0 2 0.48 501
0 2 0.48 502
0 2 0.48 503
0 2 0.48 504
0 2 0.48 505
0 2 0.48 506
0 2 0.48 507
0 2 0.48 508
0 2 0.48 509
0 2 0.48 510
0 2 0.48 511
0 2 0.48 512
0 2 0.48 513
0 2 0.48 514
0 2 0.48 515
0 2 0.48 516
0 2 0.48 517
0 2 0.48 518
0 2 0.48 519
0 2 0.48 520
0 2 0.48 521
0 2 0.48 522
0 2 0.48 523
0 2 0.48 524
0 2 0.47 525
0 2 0.47 526
0 2 0.47 527
0 2 0.47 528
0 2 0.47 529
0 2 0.47 530
0 2 0.47 531
0 2 0.47 532
0 2 0.47 533
0 2 0.47 534
0 2 0.47 535
0 2 0.47 536
0 2 0.47 537
0 2 0.47 538
0 2 0.47 539
0 2 0.47 540
0 2 0.47 541
0 2 0.47 542
0 2 0.47 543
0 2 0.47 544
0 2 0.47 545
0 2 0.47 546
0 2 0.47 547
0 2 0.47 548
0 2 0.47 549
0 2 0.47 550
0 2 0.47 551
0 2 0.47 552
0 2 0.47 553
0 2 0.47 554
0 2 0.47 555
0 2 0.47 556
0 2 0.47 557
0 2 0.47 558
0 2 0.47 559
0 2 0.47 560
0 2 0.47 561
0 2 0.47 562
0 2 0.47 563
0 2 0.47 564
0 2 0.47 565
0 2 0.47 566
0 2 0.47 567
0 2 0.47 568
0 2 0.47 569
0 2 0.47 570
0 2 0.47 571
0 2 0.47 572
0 2 0.47 573
0 2 0.47 574
0 2 0.47 575
0 2 0.47 576
0 2 0.47 577
0 2 0.47 578
0 2 0.47 579
0 2 0.47 580
0 2 0.47 581
0 2 0.47 582
0 2 0.46 583
0 2 0.46 584
0 2 0.46 585
0 2 0.46 586
0 2 0.46 587
0 2 0.46 588
0 2 0.46 589
0 2 0.46 590
0 2 0.46 591
0 2 0.46 592
0 2 0.46 593
0 2 0.46 594
0 2 0.46 595
0 2 0.46 596
0 2 0.46 597
0 2 0.46 598
0 2 0.46 599
0 2 0.46 600
0 2 0.46 601
0 2 0.46 602
0 2 0.46 603
0 2 0.46 604
0 2 0.46 605
0 2 0.46 606
0 2 0.46 607
0 2 0.46 608
0 2 0.46 609
0 2 0.46 610
0 2 0.46 611
0 2 0.46 612
0 2 0.46 613
0 2 0.46 614
0 2 0.46 615
0 2 0.46 616
0 2 0.46 617
0 2 0.46 618
0 2 0.46 619
0 2 0.46 620
0 2 0.46 621
0 2 0.46 622
0 2 0.46 623
0 2 0.46 624
0 2 0.46 625
0 2 0.46 626
0 2 0.46 627
0 2 0.46 628
0 2 0.46 629
0 2 0.46 630
0 2 0.46 631
0 2 0.46 632
0 2 0.46 633
0 2 0.46 634
0 2 0.46 635
0 2 0.46 636
0 2 0.46 637
0 2 0.46 638
0 2 0.47 639
0 2 0.47 640
0 2 0.47 641
0 2 0.47 642
0 2 0.47 643
0 2 0.47 644
0 2 0.47 645
0 2 0.47 646
0 2 0.47 647
0 2 0.47 648
0 2 0.47 649
0 2 0.47 650
0 2 0.47 651
0 2 0.47 652
0 2 0.47 653
0 2 0.47 654
0 2 0.47 655
0 2 0.47 656
0 2 0.47 657
0 2 0.47 658
0 2 0.47 659
0 2 0.47 660
0 2 0.47 661
0 2 0.47 662
0 2 0.47 663
0 2 0.47 664
0 2 0.47 665
0 2 0.47 666
0 2 0.47 667
0 2 0.47 668
0 2 0.47 669
0 2 0.47 670
0 2 0.47 671
0 2 0.47 672
0 2 0.47 673
0 2 0.47 674
0 2 0.47 675
0 2 0.47 676
0 2 0.47 677
0 2 0.47 678
0 2 0.47 679
0 2 0.47 680
0 2 0.47 681
0 2 0.47 682
0 2 0.47 683
0 2 0.47 684
0 2 0.47 685
0 2 0.47 686
0 2 0.47 687
0 2 0.47 688
0 2 0.47 689
0 2 0.47 690
0 2 0.47 691
0 2 0.47 692
0 2 0.47 693
0 2 0.47 694
0 2 0.47 695
0 2 0.47 696
0 2 0.47 697
0 2 0.47 698
0 2 0.47 699
0 2 0.47 700
0 2 0.47 701
0 2 0.47 702
0 2 0.47 703
0 2 0.47 704
0 2 0.47 705
0 2 0.47 706
0 2 0.47 707
0 2 0.47 708
0 2 0.47 709
0 2 0.47 710
0 2 0.47 711
0 2 0.47 712
0 2 0.47 713
0 2 0.47 714
0 2 0.47 715
0 2 0.47 716
0 2 0.47 717
0 2 0.47 718
0 2 0.47 719
0 2 0.47 720
0 2 0.47 721
0 2 0.47 722
0 2 0.47 723
0 2 0.47 724
0 2 0.47 725
0 2 0.47 726
0 2 0.47 727
0 2 0.47 728
0 2 0.47 729
0 2 0.47 730
0 2 0.47 731
0 2 0.47 732
0 2 0.47 733
0 2 0.47 734
0 2 0.47 735
0 2 0.47 736
0 2 0.47 737
0 2 0.46 738
0 2 0.47 739
0 2 0.47 740
0 2 0.47 741
0 2 0.47 742
0 2 0.47 743
0 2 0.47 744
0 2 0.47 745
0 2 0.47 746
0 2 0.46 747
0 2 0.47 748
0 2 0.46 749
0 2 0.46 750
0 2 0.47 751
0 2 0.47 752
0 2 0.47 753
0 2 0.47 754
0 2 0.47 755
0 2 0.47 756
0 2 0.47 757
0 2 0.47 758
0 2 0.47 759
0 2 0.47 760
0 2 0.47 761
0 2 0.47 762
0 2 0.47 763
0 2 0.46 764
0 2 0.46 765
0 2 0.46 766
0 2 0.46 767
0 2 0.46 768
0 2 0.46 769
0 2 0.46 770
0 2 0.46 771
0 2 0.47 772
0 2 0.47 773
0 2 0.47 774
0 2 0.47 775
0 2 0.47 776
0 2 0.47 777
0 2 0.47 778
0 2 0.47 779
0 2 0.47 780
0 2 0.47 781
0 2 0.47 782
0 2 0.46 783
0 2 0.47 784
0 2 0.47 785
0 2 0.47 786
0 2 0.47 787
0 2 0.47 788
0 2 0.47 789
0 2 0.47 790
0 2 0.47 791
0 2 0.47 792
0 2 0.47 793
0 2 0.47 794
0 2 0.47 795
0 2 0.47 796
0 2 0.47 797
0 2 0.47 798
0 2 0.47 799
0 2 0.47 800
0 2 0.47 801
0 2 0.47 802
0 2 0.47 803
0 2 0.47 804
0 2 0.47 805
0 2 0.47 806
0 2 0.47 807
0 2 0.47 808
0 2 0.47 809
0 2 0.47 810
0 2 0.47 811
0 2 0.47 812
0 2 0.47 813
0 2 0.47 814
0 2 0.47 815
0 2 0.47 816
0 2 0.47 817
0 2 0.47 818
0 2 0.47 819
0 2 0.47 820
0 2 0.47 821
0 2 0.47 822
0 2 0.48 823
0 2 0.47 824
0 2 0.47 825
0 2 0.48 826
0 2 0.48 827
0 2 0.48 828
0 2 0.48 829
0 2 0.48 830
0 2 0.48 831
0 2 0.47 832
0 2 0.47 833
0 2 0.47 834
0 2 0.47 835
0 2 0.47 836
0 2 0.47 837
0 2 0.47 838
0 2 0.47 839
0 2 0.47 840
0 2 0.47 841
0 2 0.47 842
0 2 0.47 843
0 2 0.47 844
0 2 0.47 845
0 2 0.47 846
0 2 0.47 847
0 2 0.48 848
0 2 0.47 849
0 2 0.47 850
0 2 0.47 851
0 2 0.47 852
0 2 0.47 853
0 2 0.47 854
0 2 0.47 855
0 2 0.47 856
0 2 0.47 857
0 2 0.47 858
0 2 0.47 859
0 2 0.47 860
0 2 0.47 861
0 2 0.47 862
0 2 0.47 863
0 2 0.47 864
0 2 0.48 865
0 2 0.47 866
0 2 0.48 867
0 2 0.47 868
0 2 0.48 869
0 2 0.47 870
0 2 0.48 871
0 2 0.48 872
0 2 0.48 873
0 2 0.48 874
0 2 0.48 875
0 2 0.48 876
0 2 0.48 877
0 2 0.48 878
0 2 0.48 879
0 2 0.48 880
0 2 0.48 881
0 2 0.48 882
0 2 0.48 883
0 2 0.48 884
0 2 0.48 885
0 2 0.48 886
0 2 0.48 887
0 2 0.48 888
0 2 0.48 889
0 2 0.48 890
0 2 0.48 891
0 2 0.48 892
0 2 0.48 893
0 2 0.48 894
0 2 0.47 895
0 2 0.47 896
0 2 0.47 897
0 2 0.47 898
0 2 0.47 899
0 2 0.48 900
0 2 0.48 901
0 2 0.48 902
0 2 0.48 903
0 2 0.48 904
0 2 0.48 905
0 2 0.48 906
0 2 0.48 907
0 2 0.48 908
0 2 0.48 909
0 2 0.48 910
0 2 0.48 911
0 2 0.47 912
0 2 0.47 913
0 2 0.47 914
0 2 0.47 915
0 18 0.49 916
0 18 0.49 917
0 18 0.49 918
0 18 0.49 919
0 18 0.49 920
0 18 0.49 921
0 18 0.49 922
0 18 0.49 923
0 18 0.49 924
0 18 0.49 925
0 18 0.49 926
0 18 0.49 927
0 18 0.49 928
0 18 0.49 929
0 18 0.49 930
0 18 0.49 931
0 18 0.49 932
0 18 0.49 933
0 18 0.49 934
0 18 0.49 935
0 18 0.49 936
0 18 0.49 937
0 18 0.49 938
0 18 0.49 939
0 18 0.49 940
0 18 0.49 941
0 18 0.49 942
0 18 0.49 943
0 18 0.49 944
0 18 0.49 945
0 18 0.49 946
0 18 0.49 947
0 18 0.49 948
0 18 0.49 949
0 18 0.49 950
0 18 0.49 9