3 3 3.00 1
2 3 2.50 2
1 3 2.00 3
1 3 2.00 4
1 3 1.80 5
1 3 1.67 6
1 3 1.57 7
1 3 1.62 8
1 3 1.67 9
1 3 1.60 10
1 3 1.55 11
1 3 1.58 12
1 3 1.62 13
1 3 1.64 14
1 3 1.67 15
1 3 1.69 16
1 3 1.65 17
1 3 1.67 18
1 3 1.68 19
1 3 1.65 20
1 3 1.67 21
1 3 1.64 22
1 3 1.70 23
1 3 1.67 24
1 3 1.64 25
1 3 1.62 26
1 3 1.63 27
1 3 1.61 28
1 3 1.62 29
1 3 1.63 30
1 3 1.65 31
1 3 1.62 32
1 3 1.61 33
1 3 1.62 34
1 3 1.60 35
1 3 1.58 36
1 3 1.59 37
1 3 1.61 38
1 3 1.59 39
1 3 1.60 40
0 3 1.56 41
0 3 1.55 42
0 3 1.56 43
0 3 1.57 44
0 3 1.58 45
0 3 1.59 46
0 3 1.60 47
0 3 1.56 48
0 3 1.57 49
0 3 1.58 50
0 3 1.57 51
0 3 1.58 52
0 3 1.57 53
0 3 1.56 54
0 3 1.56 55
0 3 1.57 56
0 3 1.56 57
0 3 1.55 58
0 3 1.58 59
0 4 1.62 60
0 4 1.64 61
0 4 1.63 62
0 4 1.65 63
0 4 1.66 64
0 4 1.66 65
0 4 1.65 66
0 4 1.67 67
0 4 1.66 68
0 4 1.67 69
0 4 1.67 70
0 4 1.68 71
0 4 1.67 72
0 4 1.68 73
0 4 1.69 74
0 4 1.69 75
0 4 1.68 76
0 4 1.69 77
0 4 1.69 78
0 4 1.67 79
0 4 1.68 80
0 4 1.67 81
0 4 1.67 82
0 4 1.67 83
0 4 1.68 84
0 4 1.68 85
0 4 1.69 86
0 4 1.68 87
0 4 1.68 88
0 4 1.67 89
0 4 1.67 90
0 4 1.68 91
0 4 1.67 92
0 4 1.67 93
0 4 1.67 94
0 4 1.67 95
0 4 1.67 96
0 4 1.66 97
0 4 1.66 98
0 4 1.67 99
0 4 1.66 100
0 4 1.66 101
0 4 1.67 102
0 4 1.67 103
0 4 1.66 104
0 4 1.67 105
0 4 1.67 106
0 4 1.67 107
0 4 1.68 108
0 4 1.68 109
0 4 1.68 110
0 4 1.68 111
0 4 1.68 112
0 4 1.66 113
0 5 1.69 114
0 5 1.70 115
0 5 1.70 116
0 5 1.69 117
0 5 1.69 118
0 5 1.69 119
0 5 1.69 120
0 5 1.69 121
0 5 1.70 122
0 5 1.71 123
0 5 1.71 124
0 5 1.71 125
0 5 1.71 126
0 5 1.71 127
0 5 1.70 128
0 5 1.70 129
0 5 1.69 130
0 5 1.69 131
0 5 1.70 132
0 5 1.70 133
0 5 1.69 134
0 5 1.70 135
0 5 1.70 136
0 5 1.70 137
0 5 1.70 138
0 5 1.70 139
0 5 1.69 140
0 5 1.70 141
0 5 1.69 142
0 5 1.69 143
0 5 1.68 144
0 5 1.68 145
0 5 1.68 146
0 5 1.68 147
0 5 1.68 148
0 22 1.81 149
0 22 1.81 150
0 22 1.81 151
0 22 1.80 152
0 22 1.81 153
0 22 1.81 154
0 22 1.81 155
0 22 1.81 156
0 22 1.80 157
0 22 1.80 158
0 22 1.81 159
0 22 1.80 160
0 22 1.80 161
0 22 1.80 162
0 22 1.81 163
0 22 1.80 164
0 22 1.81 165
0 22 1.80 166
0 22 1.80 167
0 22 1.79 168
0 22 1.79 169
0 22 1.79 170
0 22 1.79 171
0 22 1.79 172
0 22 1.79 173
0 22 1.78 174
0 22 1.78 175
0 22 1.78 176
0 22 1.79 177
0 22 1.78 178
0 22 1.78 179
0 22 1.77 180
0 22 1.76 181
0 22 1.76 182
0 22 1.76 183
0 22 1.76 184
0 22 1.76 185
0 22 1.75 186
0 22 1.75 187
0 22 1.76 188
0 22 1.75 189
0 22 1.75 190
0 22 1.75 191
0 22 1.75 192
0 22 1.75 193
0 22 1.75 194
0 22 1.75 195
0 22 1.76 196
0 22 1.76 197
0 22 1.75 198
0 22 1.75 199
0 22 1.75 200
0 22 1.74 201
0 22 1.74 202
0 22 1.74 203
0 22 1.75 204
0 22 1.75 205
0 22 1.74 206
0 22 1.74 207
0 22 1.74 208
0 22 1.74 209
0 22 1.74 210
0 22 1.74 211
0 22 1.74 212
0 22 1.74 213
0 22 1.73 214
0 22 1.73 215
0 22 1.74 216
0 22 1.73 217
0 22 1.73 218
0 22 1.74 219
0 22 1.73 220
0 22 1.73 221
0 22 1.73 222
0 22 1.73 223
0 22 1.73 224
0 22 1.73 225
0 22 1.73 226
0 22 1.73 227
0 22 1.72 228
0 22 1.72 229
0 22 1.73 230
0 22 1.72 231
0 22 1.73 232
0 22 1.73 233
0 22 1.73 234
0 22 1.73 235
0 22 1.73 236
0 22 1.73 237
0 22 1.74 238
0 22 1.74 239
0 22 1.74 240
0 22 1.74 241
0 22 1.74 242
0 22 1.74 243
0 22 1.73 244
0 22 1.73 245
0 22 1.74 246
0 22 1.73 247
0 22 1.73 248
0 22 1.73 249
0 22 1.72 250
0 22 1.73 251
0 22 1.72 252
0 22 1.72 253
0 22 1.72 254
0 22 1.73 255
0 22 1.72 256
0 22 1.72 257
0 22 1.72 258
0 22 1.73 259
0 22 1.73 260
0 22 1.73 261
0 22 1.73 262
0 22 1.73 263
0 22 1.73 264
0 22 1.73 265
0 22 1.73 266
0 22 1.73 267
0 22 1.73 268
0 22 1.73 269
0 22 1.73 270
0 22 1.73 271
0 22 1.73 272
0 22 1.73 273
0 22 1.73 274
0 22 1.73 275
0 22 1.73 276
0 22 1.73 277
0 22 1.73 278
0 22 1.73 279
0 22 1.73 280
0 22 1.73 281
0 22 1.73 282
0 22 1.73 283
0 22 1.73 284
0 22 1.73 285
0 22 1.73 286
0 22 1.73 287
0 22 1.73 288
0 22 1.72 289
0 22 1.72 290
0 22 1.73 291
0 22 1.73 292
0 22 1.73 293
0 22 1.73 294
0 22 1.73 295
0 22 1.73 296
0 22 1.73 297
0 22 1.72 298
0 22 1.72 299
0 22 1.72 300
0 22 1.72 301
0 22 1.72 302
0 22 1.72 303
0 22 1.72 304
0 22 1.72 305
0 22 1.72 306
0 22 1.72 307
0 22 1.72 308
0 22 1.72 309
0 22 1.73 310
0 22 1.72 311
0 22 1.72 312
0 22 1.73 313
0 22 1.73 314
0 22 1.73 315
0 22 1.73 316
0 22 1.73 317
0 22 1.73 318
0 22 1.73 319
0 22 1.73 320
0 22 1.73 321
0 22 1.73 322
0 22 1.73 323
0 22 1.73 324
0 22 1.73 325
0 22 1.73 326
0 22 1.73 327
0 22 1.73 328
0 22 1.73 329
0 22 1.73 330
0 22 1.73 331
0 22 1.73 332
0 22 1.73 333
0 22 1.73 334
0 22 1.73 335
0 22 1.72 336
0 22 1.73 337
0 22 1.73 338
0 22 1.73 339
0 22 1.73 340
0 22 1.73 341
0 22 1.73 342
0 22 1.73 343
0 22 1.73 344
0 22 1.73 345
0 22 1.73 346
0 22 1.73 347
0 22 1.73 348
0 22 1.73 349
0 22 1.73 350
0 22 1.73 351
0 22 1.73 352
0 22 1.73 353
0 22 1.73 354
0 22 1.73 355
0 22 1.73 356
0 22 1.73 357
0 22 1.73 358
0 22 1.73 359
0 22 1.73 360
0 22 1.73 361
0 22 1.73 362
0 22 1.73 363
0 22 1.73 364
0 22 1.73 365
0 22 1.73 366
0 22 1.73 367
0 22 1.73 368
0 22 1.72 369
0 22 1.72 370
0 22 1.72 371
0 22 1.72 372
0 22 1.72 373
0 22 1.72 374
0 22 1.72 375
0 22 1.72 376
0 22 1.72 377
0 22 1.72 378
0 22 1.72 379
0 22 1.72 380
0 22 1.72 381
0 22 1.72 382
0 22 1.72 383
0 22 1.71 384
0 22 1.71 385
0 22 1.71 386
0 22 1.71 387
0 22 1.71 388
0 22 1.71 389
0 22 1.71 390
0 22 1.71 391
0 22 1.71 392
0 22 1.71 393
0 22 1.71 394
0 22 1.71 395
0 22 1.72 396
0 22 1.72 397
0 22 1.72 398
0 22 1.72 399
0 22 1.72 400
0 22 1.71 401
0 22 1.71 402
0 22 1.71 403
0 22 1.72 404
0 22 1.71 405
0 22 1.71 406
0 22 1.71 407
0 22 1.71 408
0 22 1.71 409
0 22 1.71 410
0 22 1.72 411
0 22 1.71 412
0 22 1.71 413
0 22 1.71 414
0 22 1.71 415
0 22 1.71 416
0 22 1.71 417
0 22 1.71 418
0 22 1.71 419
0 22 1.71 420
0 22 1.71 421
0 22 1.71 422
0 22 1.71 423
0 22 1.71 424
0 22 1.71 425
0 22 1.71 426
0 22 1.71 427
0 22 1.71 428
0 22 1.71 429
0 22 1.71 430
0 22 1.71 431
0 22 1.71 432
0 22 1.71 433
0 22 1.71 434
0 22 1.71 435
0 22 1.71 436
0 22 1.71 437
0 22 1.71 438
0 22 1.71 439
0 22 1.71 440
0 22 1.71 441
0 22 1.71 442
0 22 1.71 443
0 22 1.71 444
0 22 1.71 445
0 22 1.71 446
0 22 1.71 447
0 22 1.71 448
0 22 1.72 449
0 22 1.72 450
0 22 1.72 451
0 22 1.72 452
0 22 1.72 453
0 22 1.72 454
0 22 1.72 455
0 22 1.72 456
0 22 1.72 457
0 22 1.72 458
0 22 1.72 459
0 22 1.72 460
0 22 1.72 461
0 22 1.72 462
0 22 1.72 463
0 22 1.72 464
0 22 1.72 465
0 22 1.72 466
0 22 1.72 467
0 22 1.72 468
0 22 1.72 469
0 22 1.72 470
0 22 1.72 471
0 22 1.72 472
0 22 1.72 473
0 22 1.72 474
0 22 1.72 475
0 22 1.72 476
0 22 1.72 477
0 22 1.72 478
0 22 1.72 479
0 22 1.72 480
0 22 1.72 481
0 22 1.72 482
0 22 1.72 483
0 22 1.72 484
0 22 1.72 485
0 22 1.71 486
0 22 1.71 487
0 22 1.71 488
0 22 1.71 489
0 22 1.71 490
0 22 1.71 491
0 22 1.71 492
0 22 1.71 493
0 22 1.71 494
0 22 1.71 495
0 22 1.71 496
0 22 1.71 497
0 22 1.71 498
0 22 1.71 499
0 22 1.71 500
0 22 1.71 501
0 22 1.71 502
0 22 1.71 503
0 22 1.71 504
0 22 1.71 505
0 22 1.71 506
0 22 1.71 507
0 22 1.71 508
0 22 1.71 509
0 22 1.71 510
0 22 1.71 511
0 22 1.71 512
0 22 1.71 513
0 22 1.71 514
0 22 1.71 515
0 22 1.71 516
0 22 1.71 517
0 22 1.71 518
0 22 1.71 519
0 22 1.72 520
0 22 1.72 521
0 22 1.71 522
0 22 1.71 523
0 22 1.71 524
0 22 1.71 525
0 22 1.71 526
0 22 1.71 527
0 22 1.71 528
0 22 1.71 529
0 22 1.71 530
0 22 1.72 531
0 22 1.72 532
0 22 1.71 533
0 22 1.72 534
0 22 1.72 535
0 22 1.71 536
0 22 1.72 537
0 22 1.71 538
0 22 1.72 539
0 22 1.72 540
0 22 1.72 541
0 22 1.72 542
0 22 1.72 543
0 22 1.72 544
0 22 1.72 545
0 22 1.72 546
0 22 1.72 547
0 22 1.72 548
0 22 1.72 549
0 22 1.71 550
0 22 1.72 551
0 22 1.72 552
0 22 1.72 553
0 22 1.72 554
0 22 1.72 555
0 22 1.72 556
0 22 1.71 557
0 22 1.71 558
0 22 1.71 559
0 22 1.71 560
0 22 1.71 561
0 22 1.71 562
0 22 1.71 563
0 22 1.71 564
0 22 1.71 565
0 22 1.71 566
0 22 1.71 567
0 22 1.71 568
0 22 1.71 569
0 22 1.71 570
0 22 1.71 571
0 22 1.72 572
0 22 1.72 573
0 22 1.72 574
0 22 1.72 575
0 22 1.72 576
0 22 1.72 577
0 22 1.72 578
0 22 1.72 579
0 22 1.72 580
0 22 1.72 581
0 22 1.72 582
0 22 1.72 583
0 22 1.72 584
0 22 1.72 585
0 22 1.72 586
0 22 1.72 587
0 22 1.72 588
0 22 1.72 589
0 22 1.72 590
0 22 1.72 591
0 22 1.72 592
0 22 1.72 593
0 22 1.72 594
0 22 1.72 595
0 22 1.73 596
0 22 1.73 597
0 22 1.73 598
0 22 1.73 599
0 22 1.73 600
0 22 1.73 601
0 22 1.73 602
0 22 1.73 603
0 22 1