0 0 0.00 1
0 0 0.00 2
0 0 0.00 3
0 1 0.25 4
0 1 0.20 5
0 1 0.17 6
0 1 0.14 7
0 1 0.25 8
0 1 0.22 9
0 1 0.20 10
0 1 0.18 11
0 1 0.17 12
0 1 0.15 13
0 1 0.14 14
0 1 0.13 15
0 1 0.19 16
0 1 0.18 17
0 1 0.17 18
0 1 0.16 19
0 1 0.15 20
0 1 0.14 21
0 1 0.14 22
0 1 0.17 23
0 1 0.17 24
0 1 0.16 25
0 1 0.19 26
0 1 0.19 27
0 1 0.21 28
0 1 0.21 29
0 1 0.23 30
0 1 0.23 31
0 1 0.22 32
0 1 0.21 33
0 1 0.21 34
0 1 0.20 35
0 1 0.19 36
0 1 0.22 37
0 1 0.21 38
0 1 0.21 39
0 1 0.20 40
0 1 0.20 41
0 1 0.21 42
0 1 0.21 43
0 1 0.20 44
0 1 0.22 45
0 1 0.22 46
0 1 0.21 47
0 1 0.23 48
0 1 0.22 49
0 1 0.22 50
0 1 0.22 51
0 1 0.23 52
0 1 0.23 53
0 1 0.22 54
0 1 0.22 55
0 1 0.21 56
0 1 0.21 57
0 1 0.21 58
0 1 0.20 59
0 1 0.20 60
0 1 0.20 61
0 1 0.21 62
0 1 0.21 63
0 1 0.20 64
0 1 0.22 65
0 1 0.21 66
0 1 0.21 67
0 1 0.21 68
0 1 0.20 69
0 1 0.20 70
0 1 0.20 71
0 1 0.19 72
0 1 0.21 73
0 1 0.20 74
0 1 0.20 75
0 1 0.20 76
0 1 0.21 77
0 1 0.21 78
0 1 0.20 79
0 1 0.20 80
0 1 0.20 81
0 1 0.20 82
0 1 0.19 83
0 1 0.19 84
0 1 0.19 85
0 1 0.19 86
0 1 0.18 87
0 1 0.18 88
0 1 0.18 89
0 1 0.18 90
0 1 0.19 91
0 1 0.18 92
0 1 0.18 93
0 1 0.18 94
0 1 0.18 95
0 1 0.19 96
0 1 0.19 97
0 1 0.18 98
0 1 0.18 99
0 1 0.19 100
0 1 0.19 101
0 1 0.19 102
0 1 0.18 103
0 1 0.18 104
0 1 0.19 105
0 1 0.19 106
0 1 0.19 107
0 1 0.19 108
0 1 0.18 109
0 1 0.18 110
0 1 0.18 111
0 1 0.18 112
0 1 0.18 113
0 1 0.18 114
0 1 0.17 115
0 1 0.17 116
0 1 0.17 117
0 1 0.17 118
0 1 0.18 119
0 1 0.17 120
0 1 0.18 121
0 1 0.18 122
0 1 0.18 123
0 1 0.18 124
0 1 0.18 125
0 1 0.18 126
0 1 0.18 127
0 1 0.19 128
0 1 0.19 129
0 1 0.18 130
0 1 0.18 131
0 1 0.18 132
0 1 0.19 133
0 1 0.19 134
0 1 0.19 135
0 1 0.19 136
0 1 0.19 137
0 1 0.20 138
0 1 0.19 139
0 1 0.19 140
0 1 0.19 141
0 1 0.20 142
0 1 0.20 143
0 1 0.19 144
0 1 0.19 145
0 1 0.19 146
0 1 0.20 147
0 1 0.20 148
0 1 0.19 149
0 1 0.20 150
0 1 0.20 151
0 1 0.20 152
0 1 0.20 153
0 1 0.20 154
0 1 0.20 155
0 1 0.21 156
0 1 0.20 157
0 1 0.20 158
0 1 0.20 159
0 1 0.21 160
0 1 0.20 161
0 1 0.21 162
0 1 0.21 163
0 1 0.21 164
0 1 0.21 165
0 1 0.21 166
0 1 0.21 167
0 1 0.21 168
0 1 0.21 169
0 1 0.22 170
0 1 0.22 171
0 1 0.22 172
0 1 0.21 173
0 1 0.22 174
0 1 0.22 175
0 1 0.22 176
0 1 0.21 177
0 1 0.22 178
0 1 0.22 179
0 1 0.22 180
0 1 0.22 181
0 1 0.23 182
0 1 0.22 183
0 1 0.23 184
0 1 0.23 185
0 1 0.23 186
0 1 0.22 187
0 1 0.22 188
0 1 0.22 189
0 1 0.22 190
0 1 0.23 191
0 1 0.22 192
0 1 0.22 193
0 1 0.23 194
0 1 0.23 195
0 1 0.22 196
0 1 0.22 197
0 1 0.23 198
0 1 0.23 199
0 1 0.23 200
0 1 0.22 201
0 1 0.23 202
0 1 0.23 203
0 1 0.23 204
0 1 0.22 205
0 1 0.22 206
0 1 0.22 207
0 1 0.22 208
0 1 0.22 209
0 1 0.22 210
0 1 0.22 211
0 1 0.22 212
0 1 0.23 213
0 1 0.22 214
0 1 0.23 215
0 1 0.23 216
0 1 0.23 217
0 1 0.23 218
0 1 0.23 219
0 1 0.23 220
0 1 0.23 221
0 1 0.23 222
0 1 0.23 223
0 1 0.23 224
0 1 0.23 225
0 1 0.23 226
0 1 0.22 227
0 1 0.22 228
0 1 0.22 229
0 1 0.23 230
0 1 0.23 231
0 1 0.23 232
0 1 0.23 233
0 1 0.23 234
0 1 0.23 235
0 1 0.23 236
0 1 0.23 237
0 1 0.23 238
0 1 0.23 239
0 1 0.23 240
0 1 0.23 241
0 1 0.23 242
0 1 0.23 243
0 1 0.23 244
0 1 0.22 245
0 1 0.22 246
0 1 0.23 247
0 1 0.23 248
0 1 0.22 249
0 1 0.22 250
0 1 0.22 251
0 1 0.22 252
0 1 0.22 253
0 1 0.22 254
0 1 0.22 255
0 1 0.22 256
0 1 0.22 257
0 1 0.22 258
0 1 0.22 259
0 1 0.22 260
0 1 0.22 261
0 1 0.22 262
0 1 0.22 263
0 1 0.22 264
0 1 0.22 265
0 1 0.22 266
0 1 0.22 267
0 1 0.22 268
0 1 0.22 269
0 1 0.22 270
0 1 0.22 271
0 1 0.22 272
0 1 0.22 273
0 1 0.22 274
0 1 0.22 275
0 1 0.22 276
0 1 0.22 277
0 1 0.22 278
0 1 0.22 279
0 1 0.21 280
0 1 0.21 281
0 1 0.21 282
0 1 0.21 283
0 1 0.21 284
0 1 0.21 285
0 1 0.21 286
0 1 0.21 287
0 1 0.21 288
0 1 0.21 289
0 1 0.21 290
0 1 0.21 291
0 1 0.22 292
0 1 0.22 293
0 1 0.21 294
0 1 0.21 295
0 1 0.21 296
0 1 0.21 297
0 1 0.21 298
0 1 0.21 299
0 1 0.21 300
0 1 0.21 301
0 1 0.21 302
0 1 0.21 303
0 1 0.21 304
0 1 0.21 305
0 1 0.21 306
0 1 0.21 307
0 1 0.21 308
0 1 0.21 309
0 1 0.21 310
0 1 0.21 311
0 1 0.21 312
0 1 0.21 313
0 1 0.21 314
0 1 0.22 315
0 1 0.22 316
0 1 0.21 317
0 1 0.21 318
0 1 0.22 319
0 1 0.22 320
0 1 0.21 321
0 1 0.21 322
0 1 0.21 323
0 1 0.21 324
0 1 0.22 325
0 1 0.21 326
0 1 0.22 327
0 1 0.22 328
0 1 0.22 329
0 1 0.22 330
0 1 0.22 331
0 1 0.22 332
0 1 0.22 333
0 1 0.22 334
0 1 0.22 335
0 1 0.22 336
0 1 0.22 337
0 1 0.22 338
0 1 0.22 339
0 1 0.22 340
0 1 0.22 341
0 1 0.22 342
0 1 0.22 343
0 1 0.22 344
0 1 0.22 345
0 1 0.22 346
0 1 0.22 347
0 1 0.22 348
0 1 0.22 349
0 1 0.22 350
0 1 0.23 351
0 1 0.22 352
0 1 0.22 353
0 1 0.23 354
0 1 0.23 355
0 1 0.23 356
0 1 0.23 357
0 1 0.23 358
0 1 0.23 359
0 1 0.23 360
0 1 0.22 361
0 1 0.23 362
0 1 0.23 363
0 1 0.23 364
0 1 0.22 365
0 1 0.22 366
0 1 0.22 367
0 1 0.22 368
0 1 0.22 369
0 1 0.22 370
0 1 0.23 371
0 1 0.23 372
0 1 0.23 373
0 1 0.23 374
0 1 0.23 375
0 1 0.23 376
0 1 0.23 377
0 1 0.23 378
0 1 0.23 379
0 1 0.23 380
0 1 0.23 381
0 1 0.23 382
0 1 0.23 383
0 1 0.23 384
0 1 0.23 385
0 1 0.23 386
0 1 0.23 387
0 1 0.23 388
0 1 0.23 389
0 1 0.23 390
0 1 0.23 391
0 1 0.23 392
0 1 0.23 393
0 1 0.23 394
0 1 0.23 395
0 1 0.23 396
0 1 0.23 397
0 1 0.23 398
0 1 0.23 399
0 1 0.23 400
0 1 0.23 401
0 1 0.23 402
0 1 0.23 403
0 1 0.23 404
0 1 0.23 405
0 1 0.23 406
0 1 0.23 407
0 1 0.23 408
0 1 0.23 409
0 1 0.23 410
0 1 0.23 411
0 1 0.23 412
0 1 0.23 413
0 1 0.23 414
0 1 0.23 415
0 1 0.23 416
0 1 0.23 417
0 1 0.23 418
0 1 0.23 419
0 1 0.23 420
0 1 0.23 421
0 1 0.23 422
0 1 0.23 423
0 1 0.23 424
0 1 0.23 425
0 1 0.23 426
0 1 0.23 427
0 1 0.23 428
0 1 0.23 429
0 1 0.23 430
0 1 0.23 431
0 1 0.23 432
0 1 0.23 433
0 1 0.23 434
0 1 0.23 435
0 1 0.23 436
0 1 0.23 437
0 1 0.23 438
0 1 0.23 439
0 1 0.23 440
0 1 0.23 441
0 1 0.23 442
0 1 0.23 443
0 1 0.23 444
0 1 0.23 445
0 1 0.23 446
0 1 0.23 447
0 1 0.23 448
0 1 0.23 449
0 1 0.23 450
0 1 0.23 451
0 1 0.23 452
0 1 0.23 453
0 1 0.23 454
0 1 0.23 455
0 1 0.23 456
0 1 0.23 457
0 1 0.23 458
0 1 0.23 459
0 1 0.23 460
0 1 0.23 461
0 1 0.23 462
0 1 0.22 463
0 1 0.23 464
0 1 0.23 465
0 1 0.23 466
0 1 0.23 467
0 1 0.23 468
0 1 0.23 469
0 1 0.23 470
0 1 0.23 471
0 1 0.23 472
0 1 0.23 473
0 1 0.23 474
0 1 0.23 475
0 1 0.23 476
0 1 0.23 477
0 1 0.23 478
0 1 0.23 479
0 1 0.23 480
0 1 0.23 481
0 1 0.23 482
0 1 0.23 483
0 1 0.23 484
0 1 0.23 485
0 1 0.23 486
0 1 0.23 487
0 1 0.23 488
0 1 0.23 489
0 1 0.23 490
0 1 0.23 491
0 1 0.23 492
0 1 0.23 493
0 1 0.23 494
0 1 0.23 495
0 1 0.23 496
0 1 0.23 497
0 1 0.23 498
0 1 0.23 499
0 1 0.23 500
0 1 0.23 501
0 1 0.23 502
0 1 0.23 503
0 1 0.23 504
0 1 0.23 505
0 1 0.23 506
0 1 0.23 507
0 1 0.23 508
0 1 0.23 509
0 1 0.23 510
0 1 0.23 511
0 1 0.23 512
0 1 0.23 513
0 1 0.23 514
0 1 0.23 515
0 1 0.23 516
0 1 0.23 517
0 1 0.23 518
0 1 0.23 519
0 1 0.23 520
0 1 0.23 521
0 1 0.23 522
0 1 0.23 523
0 1 0.23 524
0 1 0.23 525
0 1 0.23 526
0 1 0.24 527
0 1 0.23 528
0 1 0.23 529
0 1 0.23 530
0 1 0.24 531
0 1 0.23 532
0 1 0.23 533
0 1 0.24 534
0 1 0.24 535
0 1 0.24 536
0 1 0.23 537
0 1 0.23 538
0 1 0.24 539
0 1 0.24 540
0 1 0.23 541
0 1 0.23 542
0 1 0.24 543
0 1 0.24 544
0 1 0.23 545
0 1 0.24 546
0 1 0.24 547
0 1 0.24 548
0 1 0.23 549
0 1 0.24 550
0 1 0.24 551
0 1 0.24 552
0 1 0.24 553
0 1 0.24 554
0 1 0.24 555
0 1 0.24 556
0 1 0.24 557
0 1 0.24 558
0 1 0.24 559
0 1 0.24 560
0 1 0.24 561
0 1 0.24 562
0 1 0.24 563
0 1 0.24 564
0 1 0.24 565
0 1 0.24 566
0 1 0.24 567
0 1 0.24 568
0 1 0.24 569
0 1 0.24 570
0 1 0.24 571
0 1 0.24 572
0 1 0.24 573
0 1 0.24 574
0 1 0.24 575
0 1 0.24 576
0 1 0.24 577
0 1 0.24 578
0 1 0.24 579
0 1 0.24 580
0 1 0.24 581
0 1 0.24 582
0 1 0.24 583
0 1 0.24 584
0 1 0.24 585
0 1 0.24 586
0 1 0.24 587
0 1 0.24 588
0 1 0.24 589
0 1 0.24 590
0 1 0.24 591
0 1 0.24 592
0 1 0.24 593
0 1 0.24 594
0 1 0.24 595
0 1 0.24 596
0 1 0.24 597
0 1 0.24 598
0 1 0.24 599
0 1 0.24 600
0 1 0.24 601
0 1 0.24 602
0 1 0.24 603
0 1 0.24 604
0 1 0.24 605
0 1 0.24 606
0 1 0.24 607
0 1 0.24 608
0 1 0.24 609
0 1 0.24 610
0 1 0.24 611
0 1 0.24 612
0 1 0.24 613
0 1 0.24 614
0 1 0.24 615
0 1 0.24 616
0 1 0.24 617
0 1 0.24 618
0 1 0.24 619
0 1 0.24 620
0 1 0.24 621
0 1 0.24 622
0 1 0.24 623
0 1 0.24 624
0 1 0.24 625
0 1 0.24 626
0 1 0.24 627
0 1 0.24 628
0 1 0.24 629
0 1 0.24 630
0 1 0.24 631
0 1 0.24 632
0 1 0.24 633
0 1 0.24 634
0 1 0.24 635
0 1 0.24 636
0 1 0.24 637
0 1 0.24 638
0 1 0.24 639
0 1 0.24 640
0 1 0.24 641
0 1 0.24 642
0 1 0.24 643
0 1 0.24 644
0 1 0.24 645
0 1 0.24 646
0 1 0.24 647
0 1 0.24 648
0 1 0.24 649
0 1 0.24 650
0 1 0.24 651
0 1 0.24 652
0 1 0.24 653
0 1 0.24 654
0 1 0.24 655
0 1 0.23 656
0 1 0.24 657
0 1 0.24 658
0 1 0.24 659
0 1 0.23 660
0 1 0.23 661
0 1 0.24 662
0 1 0.24 663
0 1 0.23 664
0 1 0.23 665
0 1 0.23 666
0 1 0.23 667
0 1 0.24 668
0 1 0.23 669
0 1 0.24 670
0 1 0.24 671
0 1 0.24 672
0 1 0.24 673
0 1 0.24 674
0 1 0.24 675
0 1 0.24 676
0 1 0.24 677
0 1 0.24 678
0 1 0.24 679
0 1 0.24 680
0 1 0.24 681
0 1 0.24 682
0 1 0.24 683
0 1 0.24 684
0 1 0.24 685
0 1 0.24 686
0 1 0.24 687
0 1 0.24 688
0 1 0.24 689
0 1 0.24 690
0 1 0.24 691
0 1 0.24 692
0 1 0.24 693
0 1 0.24 694
0 1 0.24 695
0 1 0.24 696
0 1 0.24 697
0 1 0.24 698
0 1 0.24 699
0 1 0.24 700
0 1 0.24 701
0 1 0.24 702
0 1 0.24 703
0 1 0.24 704
0 1 0.24 705
0 1 0.24 706
0 1 0.24 707
0 1 0.24 708
0 1 0.24 709
0 1 0.24 710
0 1 0.24 711
0 1 0.24 712
0 1 0.24 713
0 1 0.24 714
0 1 0.24 715
0 1 0.24 716
0 1 0.24 717
0 1 0.24 718
0 1 0.24 719
0 1 0.24 720
0 1 0.24 721
0 1 0.24 722
0 1 0.24 723
0 1 0.24 724
0 1 0.24 725
0 1 0.24 726
0 1 0.24 727
0 1 0.24 728
0 1 0.24 729
0 1 0.24 730
0 1 0.24 731
0 1 0.24 732
0 1 0.24 733
0 1 0.24 734
0 1 0.24 735
0 1 0.24 736
0 1 0.24 737
0 1 0.24 738
0 1 0.24 739
0 1 0.24 740
0 1 0.24 741
0 1 0.24 742
0 1 0.24 743
0 1 0.24 744
0 1 0.24 745
0 1 0.24 746
0 1 0.24 747
0 1 0.24 748
0 1 0.24 749
0 1 0.24 750
0 1 0.24 751
0 1 0.24 752
0 1 0.24 753
0 1 0.24 754
0 1 0.24 755
0 1 0.24 756
0 1 0.24 757
0 1 0.23 758
0 5 0.24 759
0 5 0.24 760
0 5 0.24 761
0 5 0.24 762
0 5 0.24 763
0 5 0.24 764
0 5 0.24 765
0 5 0.24 766
0 5 0.24 767
0 5 0.24 768
0 5 0.24 769
0 5 0.24 770
0 5 0.24 771
0 5 0.24 772
0 5 0.24 773
0 5 0.24 774
0 5 0.24 775
0 5 0.24 776
0 5 0.24 777
0 5 0.24 778
0 5 0.24 779
0 5 0.24 780
0 5 0.24 781
0 5 0.24 782
0 5 0.24 783
0 5 0.24 784
0 5 0.24 785
0 5 0.24 786
0 5 0.24 787
0 5 0.24 788
0 5 0.24 789
0 5 0.24 790
0 5 0.24 791
0 5 0.24 792
0 5 0.24 793
0 5 0.24 794
0 5 0.24 795
0 5 0.24 796
0 5 0.24 797
0 5 0.24 798
0 5 0.24 799
0 5 0.24 800
0 5 0.24 801
0 5 0.24 802
0 5 0.24 803
0 5 0.24 804
0 5 0.24 805
0 5 0.24 806
0 5 0.24 807
0 5 0.24 808
0 5 0.24 809
0 5 0.24 810
0 5 0.24 811
0 5 0.24 812
0 5 0.24 813
0 5 0.24 814
0 5 0.24 815
0 5 0.24 816
0 5 0.24 817
0 5 0.24 818
0 5 0.24 819
0 5 0.24 820
0 5 0.24 821
0 5 0.24 822
0 5 0.24 823
0 5 0.24 824
0 5 0.24 825
0 5 0.24 826
0 5 0.24 827
0 5 0.24 828
0 5 0.24 829
0 5 0.24 830
0 5 0.24 831
0 5 0.24 832
0 5 0.24 833
0 5 0.24 834
0 5 0.24 835
0 5 0.24 836
0 5 0.24 837
0 5 0.24 838
0 5 0.24 839
0 5 0.24 840
0 5 0.24 841
0 5 0.24 842
0 5 0.24 843
0 5 0.24 844
0 5 0.24 845
0 5 0.24 846
0 5 0.24 847
0 5 0.24 848
0 5 0.24 849
0 5 0.24 850
0 5 0.24 851
0 5 0.24 852
0 5 0.24 853
0 5 0.24 854
0 5 0.24 855
0 5 0.24 856
0 5 0.24 857
0 5 0.24 858
0 5 0.24 859
0 5 0.24 860
0 5 0.24 861
0 5 0.24 862
0 5 0.24 863
0 5 0.24 864
0 5 0.24 865
0 5 0.24 866
0 5 0.24 867
0 5 0.24 868
0 5 0.24 869
0 5 0.24 870
0 5 0.24 871
0 5 0.24 872
0 5 0.24 873
0 5 0.24 874
0 5 0.24 875
0 5 0.24 876
0 5 0.24 877
0 5 0.24 878
0 5 0.24 879
0 5 0.24 880
0 5 0.24 881
0 5 0.24 882
0 5 0.24 883
0 5 0.24 884
0 5 0.24 885
0 5 0.24 886
0 5 0.24 887
0 5 0.24 888
0 5 0.24 889
0 5 0.24 890
0 5 0.24 891
0 5 0.24 892
0 5 0.24 893
0 5 0.24 894
0 5 0.24 895
0 5 0.24 896
0 5 0.24 897
0 5 0.24 898
0 5 0.24 899
0 5 0.24 900
0 5 0.24 901
0 5 0.24 902
0 5 0.24 903
0 5 0.24 904
0 5 0.24 905
0 5 0.24 906
0 5 0.24 907
0 5 0.24 908
0 5 0.24 909
0 5 0.24 910
0 5 0.24 911
0 5 0.24 912
0 5 0.24 913
0 5 0.24 914
0 5 0.24 915
0 5 0.24 916
0 5 0.24 917
0 5 0.24 918
0 5 0.24 919
0 5 0.24 920
0 5 0.24 921
0 5 0.24 922
0 5 0.24 923
0 5 0.24 924
0 5 0.24 925
0 5 0.24 926
0 5 0.24 927
0 5 0.24 928
0 5 0.24 929
0 5 0.24 930
0 5 0.24 931
0 5 0.24 932
0 5 0.24 933
0 5 0.24 934
0 5 0.24 935
0 5 0.24 936
0 5 0.24 937
0 5 0.24 938
0 5 0.24 939
0 5 0.24 940
0 5 0.24 941
0 5 0.24 942
0 5 0.24 943
0 5 0.24 944
0 5 0.24 945
0 5 0.24 946
0 5 0.24 947
0 5 0.24 948
0 5 0.24 949
0 5 0.24 950
0 5 0.24 951
0 5 0.24 952
0 5 0.24 953
0 5 0.2