4 4 4.00 1
2 4 3.00 2
1 4 2.33 3
1 4 2.25 4
1 4 2.00 5
1 4 1.83 6
1 4 1.86 7
1 4 1.88 8
1 4 1.78 9
1 4 1.80 10
1 4 1.82 11
1 4 1.75 12
1 4 1.77 13
1 4 1.71 14
1 4 1.73 15
1 4 1.75 16
1 4 1.82 17
1 4 1.83 18
1 4 1.84 19
1 4 1.85 20
1 4 1.81 21
1 4 1.82 22
1 4 1.83 23
1 4 1.83 24
1 4 1.80 25
1 4 1.81 26
1 4 1.78 27
1 4 1.75 28
1 4 1.72 29
1 4 1.70 30
1 4 1.68 31
1 4 1.69 32
1 4 1.70 33
1 4 1.68 34
1 4 1.69 35
1 4 1.67 36
1 4 1.65 37
1 4 1.66 38
1 4 1.64 39
1 4 1.62 40
1 4 1.63 41
0 4 1.60 42
0 4 1.60 43
0 4 1.59 44
0 4 1.60 45
0 4 1.61 46
0 4 1.60 47
0 4 1.60 48
0 4 1.59 49
0 4 1.60 50
0 4 1.61 51
0 4 1.60 52
0 4 1.58 53
0 4 1.57 54
0 4 1.56 55
0 4 1.54 56
0 4 1.56 57
0 4 1.57 58
0 4 1.58 59
0 4 1.60 60
0 4 1.59 61
0 4 1.58 62
0 4 1.59 63
0 4 1.59 64
0 4 1.58 65
0 4 1.58 66
0 4 1.57 67
0 4 1.56 68
0 4 1.55 69
0 4 1.53 70
0 4 1.52 71
0 4 1.53 72
0 4 1.52 73
0 4 1.53 74
0 4 1.53 75
0 4 1.53 76
0 4 1.53 77
0 4 1.54 78
0 4 1.53 79
0 4 1.54 80
0 4 1.53 81
0 4 1.54 82
0 4 1.53 83
0 4 1.54 84
0 4 1.55 85
0 4 1.55 86
0 4 1.54 87
0 4 1.53 88
0 4 1.53 89
0 4 1.52 90
0 4 1.53 91
0 4 1.53 92
0 4 1.53 93
0 4 1.53 94
0 4 1.53 95
0 4 1.52 96
0 4 1.52 97
0 4 1.51 98
0 4 1.51 99
0 4 1.51 100
0 4 1.50 101
0 4 1.50 102
0 4 1.50 103
0 4 1.51 104
0 4 1.50 105
0 4 1.50 106
0 4 1.50 107
0 4 1.51 108
0 4 1.50 109
0 4 1.50 110
0 4 1.50 111
0 4 1.51 112
0 4 1.50 113
0 4 1.50 114
0 4 1.50 115
0 4 1.50 116
0 4 1.50 117
0 4 1.50 118
0 4 1.50 119
0 4 1.50 120
0 4 1.50 121
0 4 1.50 122
0 4 1.50 123
0 4 1.50 124
0 4 1.50 125
0 4 1.50 126
0 4 1.50 127
0 4 1.51 128
0 4 1.50 129
0 4 1.51 130
0 4 1.51 131
0 4 1.52 132
0 4 1.51 133
0 4 1.51 134
0 4 1.52 135
0 4 1.51 136
0 4 1.51 137
0 4 1.51 138
0 4 1.51 139
0 4 1.51 140
0 4 1.51 141
0 4 1.51 142
0 4 1.51 143
0 4 1.51 144
0 4 1.50 145
0 4 1.50 146
0 4 1.50 147
0 4 1.51 148
0 4 1.50 149
0 4 1.49 150
0 4 1.50 151
0 4 1.49 152
0 4 1.50 153
0 4 1.50 154
0 4 1.50 155
0 4 1.50 156
0 4 1.50 157
0 4 1.49 158
0 4 1.49 159
0 4 1.49 160
0 4 1.49 161
0 4 1.49 162
0 4 1.49 163
0 4 1.49 164
0 4 1.50 165
0 4 1.51 166
0 4 1.50 167
0 4 1.51 168
0 4 1.50 169
0 4 1.51 170
0 4 1.51 171
0 4 1.51 172
0 4 1.50 173
0 4 1.50 174
0 4 1.50 175
0 4 1.51 176
0 4 1.51 177
0 4 1.51 178
0 4 1.51 179
0 4 1.51 180
0 4 1.51 181
0 4 1.52 182
0 4 1.51 183
0 4 1.52 184
0 4 1.51 185
0 4 1.51 186
0 4 1.51 187
0 4 1.52 188
0 4 1.52 189
0 4 1.52 190
0 4 1.52 191
0 4 1.52 192
0 4 1.52 193
0 4 1.52 194
0 4 1.51 195
0 4 1.51 196
0 4 1.51 197
0 4 1.52 198
0 4 1.51 199
0 4 1.51 200
0 4 1.51 201
0 4 1.51 202
0 4 1.51 203
0 4 1.51 204
0 4 1.51 205
0 4 1.51 206
0 4 1.51 207
0 4 1.51 208
0 4 1.51 209
0 4 1.50 210
0 4 1.50 211
0 4 1.50 212
0 4 1.51 213
0 4 1.51 214
0 4 1.51 215
0 4 1.51 216
0 4 1.51 217
0 4 1.52 218
0 4 1.52 219
0 4 1.52 220
0 4 1.52 221
0 4 1.52 222
0 4 1.52 223
0 4 1.53 224
0 4 1.53 225
0 4 1.53 226
0 4 1.53 227
0 4 1.53 228
0 4 1.52 229
0 4 1.53 230
0 4 1.53 231
0 4 1.53 232
0 4 1.54 233
0 4 1.53 234
0 4 1.54 235
0 4 1.53 236
0 4 1.54 237
0 4 1.54 238
0 4 1.54 239
0 4 1.54 240
0 4 1.54 241
0 4 1.54 242
0 4 1.54 243
0 4 1.54 244
0 4 1.54 245
0 4 1.54 246
0 4 1.54 247
0 4 1.54 248
0 4 1.55 249
0 4 1.54 250
0 4 1.55 251
0 4 1.54 252
0 4 1.55 253
0 4 1.55 254
0 4 1.55 255
0 4 1.54 256
0 4 1.54 257
0 4 1.54 258
0 4 1.55 259
0 4 1.55 260
0 4 1.55 261
0 4 1.55 262
0 4 1.54 263
0 4 1.55 264
0 4 1.54 265
0 4 1.55 266
0 4 1.55 267
0 4 1.54 268
0 4 1.54 269
0 4 1.54 270
0 4 1.54 271
0 4 1.55 272
0 4 1.55 273
0 4 1.55 274
0 4 1.55 275
0 4 1.55 276
0 4 1.55 277
0 4 1.55 278
0 4 1.54 279
0 4 1.54 280
0 4 1.54 281
0 4 1.54 282
0 4 1.54 283
0 4 1.54 284
0 4 1.55 285
0 4 1.55 286
0 4 1.54 287
0 4 1.54 288
0 4 1.54 289
0 4 1.54 290
0 4 1.55 291
0 4 1.55 292
0 4 1.55 293
0 4 1.55 294
0 4 1.55 295
0 4 1.55 296
0 4 1.55 297
0 4 1.55 298
0 4 1.55 299
0 4 1.55 300
0 4 1.55 301
0 4 1.55 302
0 4 1.55 303
0 4 1.55 304
0 4 1.55 305
0 4 1.55 306
0 4 1.55 307
0 4 1.55 308
0 4 1.54 309
0 4 1.54 310
0 4 1.54 311
0 4 1.54 312
0 4 1.54 313
0 4 1.54 314
0 4 1.54 315
0 4 1.54 316
0 4 1.54 317
0 4 1.54 318
0 4 1.54 319
0 4 1.54 320
0 4 1.54 321
0 4 1.54 322
0 4 1.54 323
0 4 1