1 1 1.00 1
0 1 0.50 2
0 1 0.33 3
0 1 0.25 4
0 1 0.40 5
0 1 0.33 6
0 1 0.29 7
0 1 0.25 8
0 1 0.22 9
0 1 0.30 10
0 1 0.27 11
0 1 0.25 12
0 1 0.31 13
0 1 0.29 14
0 1 0.27 15
0 1 0.25 16
0 1 0.29 17
0 1 0.28 18
0 1 0.26 19
0 1 0.25 20
0 1 0.24 21
0 1 0.23 22
0 1 0.22 23
0 1 0.21 24
0 1 0.24 25
0 1 0.23 26
0 1 0.22 27
0 1 0.21 28
0 1 0.21 29
0 1 0.23 30
0 1 0.23 31
0 1 0.22 32
0 1 0.21 33
0 1 0.24 34
0 1 0.23 35
0 1 0.22 36
0 1 0.22 37
0 1 0.21 38
0 1 0.21 39
0 1 0.20 40
0 1 0.22 41
0 1 0.21 42
0 1 0.21 43
0 1 0.23 44
0 1 0.22 45
0 1 0.22 46
0 1 0.23 47
0 1 0.23 48
0 1 0.22 49
0 1 0.22 50
0 1 0.24 51
0 1 0.23 52
0 1 0.23 53
0 1 0.22 54
0 1 0.24 55
0 1 0.23 56
0 1 0.23 57
0 1 0.22 58
0 1 0.24 59
0 1 0.23 60
0 1 0.23 61
0 1 0.23 62
0 1 0.24 63
0 1 0.23 64
0 1 0.23 65
0 1 0.24 66
0 1 0.24 67
0 1 0.24 68
0 1 0.23 69
0 1 0.24 70
0 1 0.24 71
0 1 0.24 72
0 1 0.23 73
0 1 0.24 74
0 1 0.24 75
0 1 0.24 76
0 1 0.23 77
0 1 0.24 78
0 1 0.24 79
0 1 0.24 80
0 1 0.25 81
0 1 0.24 82
0 1 0.24 83
0 1 0.24 84
0 1 0.24 85
0 1 0.23 86
0 1 0.23 87
0 1 0.23 88
0 1 0.22 89
0 1 0.22 90
0 1 0.22 91
0 1 0.23 92
0 1 0.23 93
0 1 0.22 94
0 1 0.23 95
0 1 0.23 96
0 1 0.23 97
0 1 0.22 98
0 1 0.23 99
0 1 0.23 100
0 1 0.23 101
0 1 0.24 102
0 1 0.23 103
0 1 0.23 104
0 1 0.24 105
0 1 0.24 106
0 1 0.23 107
0 1 0.24 108
0 1 0.24 109
0 1 0.24 110
0 1 0.24 111
0 1 0.24 112
0 1 0.24 113
0 1 0.24 114
0 1 0.23 115
0 1 0.23 116
0 1 0.23 117
0 1 0.23 118
0 1 0.23 119
0 1 0.23 120
0 1 0.22 121
0 1 0.22 122
0 1 0.23 123
0 1 0.23 124
0 1 0.22 125
0 1 0.22 126
0 1 0.23 127
0 1 0.23 128
0 1 0.22 129
0 1 0.22 130
0 1 0.22 131
0 1 0.22 132
0 1 0.22 133
0 1 0.22 134
0 1 0.21 135
0 1 0.22 136
0 1 0.22 137
0 1 0.22 138
0 1 0.22 139
0 1 0.21 140
0 1 0.22 141
0 1 0.22 142
0 1 0.22 143
0 1 0.22 144
0 1 0.21 145
0 1 0.21 146
0 1 0.21 147
0 1 0.21 148
0 1 0.21 149
0 1 0.21 150
0 1 0.21 151
0 1 0.21 152
0 1 0.21 153
0 1 0.21 154
0 1 0.21 155
0 1 0.21 156
0 1 0.21 157
0 1 0.22 158
0 1 0.21 159
0 1 0.21 160
0 1 0.21 161
0 1 0.21 162
0 1 0.21 163
0 1 0.21 164
0 1 0.21 165
0 1 0.21 166
0 1 0.21 167
0 1 0.21 168
0 1 0.21 169
0 1 0.21 170
0 1 0.21 171
0 1 0.22 172
0 1 0.21 173
0 1 0.21 174
0 1 0.21 175
0 1 0.21 176
0 1 0.21 177
0 1 0.21 178
0 1 0.21 179
0 1 0.21 180
0 1 0.22 181
0 1 0.21 182
0 1 0.21 183
0 1 0.22 184
0 1 0.22 185
0 1 0.22 186
0 1 0.21 187
0 1 0.21 188
0 1 0.21 189
0 1 0.21 190
0 1 0.21 191
0 1 0.21 192
0 1 0.21 193
0 1 0.21 194
0 1 0.22 195
0 1 0.21 196
0 1 0.21 197
0 1 0.21 198
0 1 0.21 199
0 1 0.21 200
0 1 0.21 201
0 1 0.21 202
0 1 0.21 203
0 1 0.21 204
0 1 0.21 205
0 1 0.21 206
0 1 0.21 207
0 1 0.21 208
0 1 0.21 209
0 1 0.21 210
0 1 0.21 211
0 1 0.21 212
0 1 0.21 213
0 1 0.21 214
0 1 0.20 215
0 1 0.21 216
0 1 0.21 217
0 1 0.21 218
0 1 0.21 219
0 1 0.21 220
0 1 0.21 221
0 1 0.21 222
0 1 0.21 223
0 1 0.21 224
0 1 0.20 225
0 1 0.20 226
0 1 0.20 227
0 1 0.21 228
0 1 0.21 229
0 1 0.20 230
0 1 0.20 231
0 1 0.20 232
0 1 0.20 233
0 1 0.20 234
0 1 0.20 235
0 1 0.20 236
0 1 0.20 237
0 1 0.20 238
0 1 0.20 239
0 1 0.20 240
0 1 0.20 241
0 1 0.20 242
0 1 0.20 243
0 1 0.20 244
0 1 0.20 245
0 1 0.20 246
0 1 0.20 247
0 1 0.20 248
0 1 0.20 249
0 1 0.20 250
0 1 0.20 251
0 1 0.20 252
0 1 0.20 253
0 1 0.20 254
0 1 0.20 255
0 1 0.20 256
0 1 0.20 257
0 1 0.20 258
0 1 0.20 259
0 1 0.20 260
0 1 0.20 261
0 1 0.20 262
0 1 0.20 263
0 1 0.20 264
0 1 0.20 265
0 1 0.20 266
0 1 0.20 267
0 1 0.20 268
0 1 0.20 269
0 1 0.20 270
0 1 0.20 271
0 1 0.19 272
0 1 0.19 273
0 1 0.19 274
0 1 0.19 275
0 1 0.20 276
0 1 0.19 277
0 1 0.19 278
0 1 0.19 279
0 1 0.19 280
0 1 0.19 281
0 1 0.19 282
0 1 0.19 283
0 1 0.19 284
0 1 0.19 285
0 1 0.19 286
0 1 0.19 287
0 1 0.19 288
0 1 0.19 289
0 1 0.19 290
0 1 0.19 291
0 1 0.19 292
0 1 0.19 293
0 1 0.19 294
0 1 0.19 295
0 1 0.19 296
0 1 0.19 297
0 1 0.19 298
0 1 0.19 299
0 1 0.19 300
0 1 0.19 301
0 1 0.19 302
0 1 0.19 303
0 1 0.19 304
0 1 0.19 305
0 1 0.19 306
0 1 0.19 307
0 1 0.19 308
0 1 0.19 309
0 1 0.19 310
0 1 0.19 311
0 1 0.19 312
0 1 0.19 313
0 1 0.19 314
0 1 0.19 315
0 1 0.19 316
0 1 0.19 317
0 1 0.19 318
0 1 0.18 319
0 1 0.18 320
0 1 0.18 321
0 1 0.18 322
0 1 0.18 323
0 1 0.18 324
0 1 0.18 325
0 1 0.18 326
0 1 0.18 327
0 1 0.18 328
0 1 0.18 329
0 1 0.18 330
0 1 0.18 331
0 1 0.18 332
0 1 0.18 333
0 1 0.18 334
0 1 0.18 335
0 1 0.18 336
0 1 0.18 337
0 1 0.18 338
0 1 0.18 339
0 1 0.18 340
0 1 0.18 341
0 1 0.18 342
0 1 0.18 343
0 1 0.18 344
0 1 0.18 345
0 1 0.18 346
0 1 0.18 347
0 1 0.18 348
0 1 0.18 349
0 1 0.18 350
0 1 0.18 351
0 1 0.18 352
0 1 0.18 353
0 1 0.18 354
0 1 0.18 355
0 1 0.18 356
0 1 0.18 357
0 1 0.18 358
0 1 0.18 359
0 1 0.18 360
0 1 0.18 361
0 1 0.18 362
0 1 0.18 363
0 1 0.18 364
0 1 0.18 365
0 1 0.18 366
0 1 0.18 367
0 1 0.18 368
0 1 0.18 369
0 1 0.18 370
0 1 0.18 371
0 1 0.18 372
0 1 0.18 373
0 1 0.18 374
0 1 0.18 375
0 1 0.18 376
0 1 0.18 377
0 1 0.18 378
0 1 0.18 379
0 1 0.18 380
0 1 0.18 381
0 1 0.18 382
0 1 0.17 383
0 1 0.17 384
0 1 0.17 385
0 1 0.18 386
0 1 0.18 387
0 1 0.18 388
0 1 0.18 389
0 1 0.18 390
0 1 0.18 391
0 1 0.18 392
0 1 0.18 393
0 1 0.18 394
0 1 0.18 395
0 1 0.18 396
0 1 0.18 397
0 1 0.18 398
0 1 0.18 399
0 1 0.17 400
0 1 0.17 401
0 1 0.17 402
0 1 0.17 403
0 1 0.17 404
0 1 0.18 405
0 1 0.17 406
0 1 0.17 407
0 1 0.17 408
0 1 0.18 409
0 1 0.18 410
0 1 0.18 411
0 1 0.18 412
0 1 0.18 413
0 1 0.18 414
0 1 0.18 415
0 1 0.18 416
0 1 0.18 417
0 1 0.18 418
0 1 0.18 419
0 1 0.18 420
0 1 0.18 421
0 1 0.18 422
0 1 0.18 423
0 1 0.18 424
0 1 0.18 425
0 1 0.18 426
0 1 0.18 427
0 1 0.18 428
0 1 0.18 429
0 1 0.18 430
0 1 0.18 431
0 1 0.18 432
0 1 0.18 433
0 1 0.18 434
0 1 0.18 435
0 1 0.18 436
0 1 0.18 437
0 1 0.18 438
0 1 0.18 439
0 1 0.18 440
0 1 0.18 441
0 1 0.18 442
0 1 0.18 443
0 1 0.18 444
0 1 0.18 445
0 1 0.18 446
0 1 0.18 447
0 1 0.18 448
0 1 0.18 449
0 1 0.18 450
0 1 0.18 451
0 1 0.18 452
0 1 0.18 453
0 1 0.18 454
0 1 0.18 455
0 1 0.18 456
0 1 0.18 457
0 1 0.18 458
0 1 0.18 459
0 1 0.18 460
0 1 0.18 461
0 1 0.18 462
0 1 0.18 463
0 1 0.18 464
0 1 0.18 465
0 1 0.18 466
0 1 0.18 467
0 1 0.18 468
0 1 0.18 469
0 1 0.18 470
0 1 0.18 471
0 1 0.18 472
0 1 0.18 473
0 1 0.18 474
0 1 0.18 475
0 1 0.18 476
0 1 0.18 477
0 1 0.18 478
0 1 0.18 479
0 1 0.18 480
0 1 0.18 481
0 1 0.18 482
0 1 0.18 483
0 1 0.18 484
0 1 0.18 485
0 1 0.18 486
0 1 0.18 487
0 1 0.18 488
0 1 0.18 489
0 1 0.18 490
0 1 0.18 491
0 1 0.18 492
0 1 0.18 493
0 1 0.18 494
0 1 0.18 495
0 1 0.18 496
0 1 0.18 497
0 1 0.18 498
0 1 0.18 499
0 1 0.18 500
0 1 0.18 501
0 1 0.18 502
0 1 0.18 503
0 1 0.18 504
0 1 0.18 505
0 1 0.19 506
0 1 0.19 507
0 1 0.19 508
0 1 0.18 509
0 1 0.18 510
0 1 0.18 511
0 1 0.18 512
0 1 0.19 513
0 1 0.18 514
0 1 0.18 515
0 1 0.18 516
0 1 0.19 517
0 1 0.19 518
0 1 0.18 519
0 1 0.19 520
0 1 0.19 521
0 1 0.19 522
0 1 0.19 523
0 1 0.19 524
0 1 0.19 525
0 1 0.19 526
0 1 0.19 527
0 1 0.19 528
0 1 0.19 529
0 1 0.19 530
0 1 0.19 531
0 1 0.19 532
0 1 0.19 533
0 1 0.19 534
0 1 0.19 535
0 1 0.18 536
0 1 0.18 537
0 1 0.18 538
0 1 0.18 539
0 1 0.18 540
0 1 0.18 541
0 1 0.18 542
0 1 0.18 543
0 1 0.18 544
0 1 0.18 545
0 1 0.18 546
0 1 0.18 547
0 1 0.18 548
0 1 0.18 549
0 1 0.18 550
0 1 0.18 551
0 1 0.18 552
0 1 0.18 553
0 1 0.18 554
0 1 0.18 555
0 1 0.18 556
0 1 0.18 557
0 1 0.18 558
0 1 0.18 559
0 1 0.18 560
0 1 0.18 561
0 1 0.18 562
0 1 0.18 563
0 1 0.18 564
0 1 0.18 565
0 1 0.18 566
0 1 0.18 567
0 1 0.18 568
0 1 0.18 569
0 1 0.18 570
0 1 0.18 571
0 1 0.19 572
0 1 0.18 573
0 1 0.18 574
0 1 0.18 575
0 1 0.18 576
0 1 0.18 577
0 1 0.18 578
0 2 0.19 579
0 2 0.19 580
0 2 0.19 581
0 2 0.19 582
0 2 0.19 583
0 2 0.18 584
0 2 0.19 585
0 2 0.19 586
0 2 0.19 587
0 2 0.19 588
0 2 0.19 589
0 2 0.19 590
0 2 0.19 591
0 2 0.19 592
0 2 0.19 593
0 2 0.19 594
0 2 0.19 595
0 2 0.19 596
0 2 0.19 597
0 2 0.19 598
0 2 0.19 599
0 2 0.19 600
0 2 0.19 601
0 2 0.19 602
0 2 0.19 603
0 2 0.19 604
0 2 0.19 605
0 2 0.19 606
0 2 0.19 607
0 2 0.19 608
0 2 0.19 609
0 2 0.19 610
0 2 0.19 611
0 2 0.19 612
0 2 0.19 613
0 2 0.19 614
0 2 0.19 615
0 2 0.19 616
0 2 0.18 617
0 2 0.18 618
0 2 0.19 619
0 2 0.19 620
0 2 0.19 621
0 2 0.18 622
0 2 0.18 623
0 2 0.19 624
0 2 0.19 625
0 2 0.19 626
0 2 0.19 627
0 2 0.18 628
0 2 0.18 629
0 2 0.19 630
0 2 0.19 631
0 2 0.19 632
0 2 0.18 633
0 2 0.18 634
0 2 0.18 635
0 2 0.18 636
0 2 0.18 637
0 2 0.18 638
0 2 0.18 639
0 2 0.18 640
0 2 0.18 641
0 2 0.18 642
0 2 0.18 643
0 2 0.18 644
0 2 0.18 645
0 2 0.18 646
0 2 0.18 647
0 2 0.18 648
0 2 0.18 649
0 2 0.18 650
0 2 0.18 651
0 2 0.18 652
0 2 0.18 653
0 2 0.18 654
0 2 0.18 655
0 2 0.18 656
0 2 0.18 657
0 2 0.18 658
0 2 0.18 659
0 2 0.18 660
0 2 0.18 661
0 2 0.18 662
0 2 0.18 663
0 2 0.18 664
0 2 0.18 665
0 2 0.18 666
0 2 0.18 667
0 2 0.18 668
0 2 0.18 669
0 2 0.18 670
0 2 0.18 671
0 2 0.18 672
0 2 0.18 673
0 2 0.18 674
0 2 0.18 675
0 2 0.18 676
0 2 0.18 677
0 2 0.18 678
0 2 0.18 679
0 2 0.18 680
0 2 0.18 681
0 2 0.18 682
0 2 0.18 683
0 2 0.18 684
0 2 0.18 685
0 2 0.18 686
0 2 0.18 687
0 2 0.18 688
0 2 0.18 689
0 2 0.18 690
0 2 0.18 691
0 2 0.18 692
0 2 0.18 693
0 2 0.18 694
0 2 0.18 695
0 2 0.18 696
0 2 0.18 697
0 2 0.18 698
0 2 0.18 699
0 2 0.18 700
0 2 0.18 701
0 2 0.18 702
0 2 0.18 703
0 2 0.18 704
0 2 0.18 705
0 2 0.18 706
0 2 0.18 707
0 2 0.18 708
0 2 0.18 709
0 2 0.18 710
0 2 0.18 711
0 2 0.18 712
0 2 0.18 713
0 2 0.18 714
0 2 0.18 715
0 2 0.18 716
0 2 0.18 717
0 2 0.18 718
0 2 0.18 719
0 2 0.18 720
0 2 0.18 721
0 2 0.18 722
0 2 0.18 723
0 2 0.18 724
0 2 0.18 725
0 2 0.18 726
0 2 0.18 727
0 2 0.18 728
0 2 0.18 729
0 2 0.18 730
0 2 0.18 731
0 2 0.18 732
0 2 0.18 733
0 2 0.18 734
0 2 0.18 735
0 2 0.18 736
0 2 0.18 737
0 2 0.18 738
0 2 0.18 739
0 2 0.18 740
0 2 0.18 741
0 2 0.18 742
0 2 0.18 743
0 2 0.18 744
0 2 0.18 745
0 2 0.18 746
0 2 0.18 747
0 2 0.18 748
0 2 0.18 749
0 2 0.18 750
0 2 0.18 751
0 2 0.18 752
0 2 0.18 753
0 2 0.18 754
0 2 0.18 755
0 2 0.18 756
0 2 0.18 757
0 2 0.18 758
0 2 0.18 759
0 2 0.18 760
0 2 0.18 761
0 2 0.18 762
0 2 0.18 763
0 2 0.18 764
0 2 0.18 765
0 2 0.18 766
0 2 0.18 767
0 2 0.18 768
0 2 0.18 769
0 2 0.18 770
0 2 0.18 771
0 2 0.18 772
0 2 0.18 773
0 2 0.18 774
0 2 0.18 775
0 2 0.18 776
0 2 0.18 777
0 2 0.18 778
0 2 0.18 779
0 2 0.18 780
0 2 0.18 781
0 2 0.18 782
0 2 0.18 783
0 2 0.18 784
0 2 0.18 785
0 2 0.18 786
0 2 0.18 787
0 2 0.18 788
0 2 0.18 789
0 2 0.18 790
0 2 0.18 791
0 2 0.18 792
0 2 0.18 793
0 2 0.18 794
0 2 0.18 795
0 2 0.18 796
0 2 0.18 797
0 2 0.18 798
0 2 0.18 799
0 2 0.18 800
0 2 0.18 801
0 2 0.18 802
0 2 0.18 803
0 2 0.18 804
0 2 0.18 805
0 2 0.18 806
0 2 0.18 807
0 2 0.18 808
0 2 0.18 809
0 2 0.18 810
0 2 0.18 811
0 2 0.18 812
0 2 0.18 813
0 2 0.18 814
0 2 0.18 815
0 2 0.18 816
0 2 0.18 817
0 2 0.18 818
0 2 0.18 819
0 2 0.18 820
0 2 0.18 821
0 2 0.18 822
0 2 0.18 823
0 2 0.18 824
0 2 0.18 825
0 2 0.18 826
0 2 0.18 827
0 2 0.18 828
0 2 0.18 829
0 2 0.18 830
0 2 0.18 831
0 2 0.18 832
0 2 0.18 833
0 2 0.18 834
0 2 0.18 835
0 2 0.18 836
0 2 0.18 837
0 2 0.18 838
0 2 0.18 839
0 2 0.18 840
0 2 0.18 841
0 2 0.18 842
0 2 0.18 843
0 2 0.18 844
0 2 0.18 845
0 2 0.18 846
0 2 0.18 847
0 2 0.18 848
0 2 0.18 849
0 2 0.18 850
0 2 0.18 851
0 2 0.18 852
0 2 0.18 853
0 2 0.18 854
0 2 0.18 855
0 2 0.18 856
0 2 0.18 857
0 2 0.18 858
0 2 0.18 859
0 2 0.18 860
0 2 0.18 861
0 2 0.18 862
0 2 0.18 863
0 2 0.18 864
0 2 0.18 865
0 2 0.18 866
0 2 0.18 867
0 2 0.18 868
0 2 0.18 869
0 2 0.18 870
0 2 0.18 871
0 2 0.18 872
0 2 0.18 873
0 2 0.18 874
0 2 0.18 875
0 2 0.18 876
0 2 0.18 877
0 2 0.18 878
0 2 0.18 879
0 2 0.18 880
0 2 0.18 881
0 2 0.18 882
0 2 0.18 883
0 2 0.18 884
0 2 0.18 885
0 2 0.18 886
0 2 0.18 887
0 2 0.18 888
0 2 0.18 889
0 2 0.18 890
0 2 0.18 891
0 2 0.18 892
0 2 0.18 893
0 2 0.18 894
0 2 0.18 895
0 2 0.18 896
0 2 0.18 897
0 2 0.18 898
0 2 0.18 899
0 2 0.18 900
0 2 0.18 901
0 2 0.18 902
0 2 0.18 903
0 2 0.18 904
0 2 0.18 905
0 2 0.18 906
0 2 0.18 907
0 2 0.18 908
0 2 0.18 909
0 2 0.18 910
0 2 0.18 911
0 2 0.18 912
0 2 0.18 913
0 2 0.18 914
0 2 0.18 915
0 2 0.18 916
0 2 0.18 917
0 2 0.18 918
0 2 0.18 919
0 2 0.18 920
0 2 0.18 921
0 2 0.18 922
0 2 0.18 923
0 2 0.18 924
0 2 0.18 925
0 2 0.18 926
0 2 0.18 927
0 2 0.18 928
0 2 0.18 929
0 2 0.18 930
0 2 0.18 931
0 2 0.18 932
0 2 0.18 933
0 2 0.18 934
0 2 0.18 935
0 2 0.18 936
0 2 0.18 937
0 2 0.18 938
0 2 0.18 939
0 2 0.18 940
0 2 0.18 941
0 2 0.18 942
0 2 0.18 943
0 2 0.18 944
0 2 0.18 945
0 2 0.18 946
0 2 0.18 947
0 2 0.18 948
0 2 0.18 949
0 2 0.18 950
0 2 0.18 951
0 2 0.18 952
0 2 0.18 953
0 2 0.1