0 0 0.00 1
0 1 0.50 2
0 1 0.33 3
0 1 0.25 4
0 1 0.20 5
0 1 0.33 6
0 1 0.29 7
0 1 0.25 8
0 1 0.33 9
0 1 0.30 10
0 1 0.27 11
0 1 0.25 12
0 1 0.23 13
0 1 0.29 14
0 1 0.27 15
0 1 0.25 16
0 1 0.29 17
0 1 0.28 18
0 1 0.26 19
0 1 0.30 20
0 1 0.29 21
0 1 0.27 22
0 1 0.30 23
0 1 0.29 24
0 1 0.28 25
0 1 0.31 26
0 1 0.33 27
0 1 0.36 28
0 1 0.34 29
0 1 0.33 30
0 1 0.35 31
0 1 0.38 32
0 1 0.36 33
0 1 0.35 34
0 1 0.34 35
0 1 0.33 36
0 1 0.32 37
0 1 0.34 38
0 1 0.36 39
0 1 0.35 40
0 1 0.34 41
0 1 0.36 42
0 1 0.35 43
0 1 0.36 44
0 1 0.36 45
0 1 0.35 46
0 1 0.36 47
0 1 0.38 48
0 1 0.37 49
0 1 0.38 50
0 1 0.39 51
0 1 0.40 52
0 1 0.40 53
0 1 0.39 54
0 1 0.38 55
0 1 0.38 56
0 1 0.37 57
0 1 0.36 58
0 1 0.36 59
0 1 0.37 60
0 1 0.36 61
0 1 0.35 62
0 1 0.35 63
0 1 0.34 64
0 1 0.34 65
0 2 0.36 66
0 2 0.36 67
0 2 0.35 68
0 2 0.36 69
0 2 0.36 70
0 2 0.35 71
0 2 0.36 72
0 2 0.36 73
0 2 0.35 74
0 2 0.36 75
0 2 0.36 76
0 2 0.35 77
0 2 0.36 78
0 2 0.35 79
0 2 0.35 80
0 2 0.35 81
0 2 0.35 82
0 2 0.35 83
0 2 0.35 84
0 2 0.35 85
0 2 0.35 86
0 2 0.36 87
0 2 0.35 88
0 2 0.35 89
0 2 0.36 90
0 2 0.36 91
0 2 0.36 92
0 2 0.35 93
0 2 0.36 94
0 2 0.37 95
0 2 0.38 96
0 2 0.37 97
0 2 0.38 98
0 2 0.37 99
0 2 0.37 100
0 2 0.37 101
0 2 0.36 102
0 2 0.36 103
0 2 0.36 104
0 2 0.35 105
0 2 0.35 106
0 2 0.35 107
0 2 0.36 108
0 2 0.36 109
0 2 0.35 110
0 2 0.36 111
0 2 0.36 112
0 2 0.35 113
0 2 0.36 114
0 2 0.36 115
0 2 0.35 116
0 2 0.35 117
0 2 0.35 118
0 2 0.34 119
0 2 0.34 120
0 2 0.34 121
0 2 0.34 122
0 2 0.34 123
0 2 0.34 124
0 2 0.34 125
0 2 0.33 126
0 2 0.33 127
0 2 0.34 128
0 2 0.33 129
0 2 0.33 130
0 2 0.34 131
0 2 0.34 132
0 2 0.34 133
0 2 0.34 134
0 2 0.34 135
0 2 0.34 136
0 2 0.34 137
0 2 0.34 138
0 2 0.34 139
0 2 0.34 140
0 2 0.34 141
0 2 0.34 142
0 2 0.34 143
0 2 0.34 144
0 2 0.34 145
0 2 0.34 146
0 2 0.34 147
0 2 0.34 148
0 2 0.34 149
0 2 0.34 150
0 2 0.34 151
0 2 0.34 152
0 2 0.35 153
0 2 0.34 154
0 2 0.35 155
0 2 0.35 156
0 2 0.34 157
0 2 0.34 158
0 2 0.35 159
0 2 0.35 160
0 2 0.35 161
0 2 0.35 162
0 2 0.34 163
0 2 0.34 164
0 2 0.35 165
0 2 0.34 166
0 2 0.34 167
0 2 0.34 168
0 2 0.34 169
0 2 0.34 170
0 2 0.33 171
0 2 0.33 172
0 2 0.33 173
0 2 0.33 174
0 2 0.33 175
0 2 0.33 176
0 2 0.33 177
0 2 0.33 178
0 2 0.33 179
0 2 0.33 180
0 2 0.33 181
0 2 0.33 182
0 2 0.33 183
0 2 0.33 184
0 2 0.33 185
0 2 0.33 186
0 2 0.34 187
0 2 0.34 188
0 2 0.33 189
0 2 0.33 190
0 2 0.33 191
0 2 0.33 192
0 2 0.33 193
0 2 0.34 194
0 2 0.33 195
0 2 0.34 196
0 2 0.34 197
0 2 0.34 198
0 2 0.34 199
0 2 0.34 200
0 2 0.34 201
0 2 0.34 202
0 2 0.34 203
0 2 0.34 204
0 2 0.34 205
0 2 0.34 206
0 2 0.34 207
0 2 0.34 208
0 2 0.34 209
0 2 0.34 210
0 2 0.34 211
0 2 0.34 212
0 2 0.34 213
0 2 0.34 214
0 2 0.34 215
0 2 0.34 216
0 2 0.34 217
0 2 0.34 218
0 2 0.35 219
0 2 0.35 220
0 2 0.35 221
0 2 0.35 222
0 2 0.35 223
0 2 0.35 224
0 2 0.35 225
0 2 0.35 226
0 2 0.35 227
0 2 0.35 228
0 2 0.35 229
0 2 0.35 230
0 2 0.35 231
0 2 0.34 232
0 2 0.34 233
0 2 0.34 234
0 2 0.34 235
0 2 0.34 236
0 2 0.34 237
0 2 0.34 238
0 2 0.34 239
0 2 0.34 240
0 2 0.34 241
0 2 0.34 242
0 2 0.35 243
0 2 0.34 244
0 2 0.34 245
0 2 0.35 246
0 2 0.34 247
0 2 0.35 248
0 2 0.35 249
0 2 0.34 250
0 2 0.35 251
0 2 0.35 252
0 2 0.34 253
0 2 0.35 254
0 2 0.35 255
0 2 0.35 256
0 2 0.35 257
0 2 0.34 258
0 2 0.34 259
0 2 0.34 260
0 2 0.34 261
0 2 0.34 262
0 2 0.35 263
0 2 0.34 264
0 2 0.34 265
0 2 0.34 266
0 2 0.34 267
0 2 0.34 268
0 2 0.34 269
0 2 0.34 270
0 2 0.34 271
0 2 0.34 272
0 2 0.34 273
0 2 0.34 274
0 2 0.34 275
0 2 0.34 276
0 2 0.34 277
0 2 0.33 278
0 2 0.33 279
0 2 0.33 280
0 2 0.33 281
0 2 0.33 282
0 2 0.34 283
0 2 0.34 284
0 2 0.34 285
0 2 0.34 286
0 2 0.34 287
0 2 0.34 288
0 2 0.34 289
0 2 0.34 290
0 2 0.34 291
0 2 0.34 292
0 2 0.34 293
0 2 0.34 294
0 2 0.34 295
0 2 0.34 296
0 2 0.34 297
0 2 0.34 298
0 2 0.34 299
0 2 0.34 300
0 2 0.34 301
0 2 0.34 302
0 2 0.34 303
0 2 0.34 304
0 2 0.34 305
0 2 0.34 306
0 2 0.34 307
0 2 0.34 308
0 2 0.34 309
0 2 0.34 310
0 2 0.34 311
0 2 0.34 312
0 2 0.34 313
0 2 0.34 314
0 2 0.34 315
0 2 0.34 316
0 2 0.34 317
0 2 0.34 318
0 2 0.34 319
0 2 0.34 320
0 2 0.34 321
0 2 0.34 322
0 2 0.34 323
0 2 0.34 324
0 2 0.34 325
0 2 0.34 326
0 2 0.34 327
0 2 0.34 328
0 2 0.34 329
0 2 0.34 330
0 2 0.34 331
0 2 0.34 332
0 2 0.34 333
0 2 0.34 334
0 2 0.34 335
0 2 0.34 336
0 2 0.34 337
0 2 0.34 338
0 2 0.34 339
0 2 0.34 340
0 2 0.34 341
0 2 0.34 342
0 2 0.34 343
0 2 0.34 344
0 2 0.34 345
0 2 0.34 346
0 2 0.34 347
0 2 0.34 348
0 2 0.34 349
0 2 0.34 350
0 2 0.34 351
0 2 0.34 352
0 2 0.34 353
0 2 0.34 354
0 2 0.34 355
0 2 0.34 356
0 2 0.34 357
0 2 0.34 358
0 2 0.33 359
0 2 0.33 360
0 2 0.34 361
0 2 0.33 362
0 2 0.33 363
0 2 0.34 364
0 2 0.34 365
0 2 0.34 366
0 2 0.34 367
0 2 0.34 368
0 2 0.34 369
0 2 0.34 370
0 2 0.33 371
0 2 0.34 372
0 2 0.34 373
0 2 0.33 374
0 2 0.33 375
0 2 0.33 376
0 2 0.33 377
0 2 0.33 378
0 2 0.33 379
0 2 0.33 380
0 2 0.33 381
0 2 0.33 382
0 2 0.33 383
0 2 0.33 384
0 2 0.33 385
0 2 0.33 386
0 2 0.33 387
0 2 0.33 388
0 2 0.33 389
0 2 0.33 390
0 2 0.33 391
0 2 0.33 392
0 2 0.33 393
0 2 0.33 394
0 2 0.33 395
0 2 0.33 396
0 2 0.33 397
0 2 0.33 398
0 2 0.33 399
0 2 0.33 400
0 2 0.32 401
0 2 0.32 402
0 2 0.33 403
0 2 0.32 404
0 2 0.32 405
0 2 0.32 406
0 2 0.32 407
0 2 0.32 408
0 2 0.32 409
0 2 0.32 410
0 2 0.32 411
0 2 0.32 412
0 2 0.32 413
0 2 0.32 414
0 2 0.33 415
0 2 0.32 416
0 2 0.32 417
0 2 0.32 418
0 2 0.32 419
0 2 0.32 420
0 2 0.32 421
0 2 0.32 422
0 2 0.32 423
0 2 0.32 424
0 2 0.32 425
0 2 0.32 426
0 2 0.32 427
0 2 0.32 428
0 2 0.32 429
0 2 0.32 430
0 2 0.32 431
0 2 0.32 432
0 2 0.32 433
0 2 0.32 434
0 2 0.32 435
0 2 0.32 436
0 2 0.32 437
0 2 0.32 438
0 2 0.32 439
0 2 0.32 440
0 2 0.32 441
0 2 0.32 442
0 2 0.32 443
0 2 0.32 444
0 2 0.32 445
0 2 0.32 446
0 2 0.32 447
0 2 0.32 448
0 2 0.32 449
0 2 0.32 450
0 2 0.31 451
0 2 0.31 452
0 2 0.31 453
0 2 0.31 454
0 2 0.32 455
0 2 0.32 456
0 2 0.32 457
0 2 0.32 458
0 2 0.32 459
0 2 0.32 460
0 2 0.32 461
0 2 0.32 462
0 2 0.32 463
0 2 0.32 464
0 2 0.32 465
0 2 0.32 466
0 2 0.32 467
0 2 0.32 468
0 2 0.32 469
0 2 0.32 470
0 2 0.32 471
0 2 0.32 472
0 2 0.32 473
0 2 0.32 474
0 2 0.32 475
0 2 0.32 476
0 2 0.32 477
0 2 0.32 478
0 2 0.32 479
0 2 0.32 480
0 2 0.32 481
0 2 0.32 482
0 2 0.32 483
0 2 0.32 484
0 2 0.32 485
0 2 0.32 486
0 2 0.32 487
0 2 0.32 488
0 2 0.33 489
0 2 0.32 490
0 2 0.32 491
0 2 0.33 492
0 2 0.32 493
0 2 0.32 494
0 2 0.32 495
0 2 0.32 496
0 2 0.32 497
0 2 0.32 498
0 2 0.32 499
0 2 0.32 500
0 2 0.32 501
0 2 0.32 502
0 2 0.32 503
0 2 0.32 504
0 2 0.32 505
0 2 0.32 506
0 2 0.32 507
0 2 0.32 508
0 2 0.32 509
0 2 0.32 510
0 2 0.32 511
0 2 0.33 512
0 2 0.33 513
0 2 0.33 514
0 2 0.33 515
0 2 0.33 516
0 2 0.33 517
0 2 0.33 518
0 2 0.33 519
0 2 0.33 520
0 2 0.33 521
0 2 0.33 522
0 2 0.33 523
0 2 0.33 524
0 2 0.33 525
0 2 0.33 526
0 2 0.33 527
0 2 0.33 528
0 2 0.33 529
0 2 0.33 530
0 2 0.33 531
0 2 0.33 532
0 2 0.33 533
0 2 0.33 534
0 2 0.33 535
0 2 0.33 536
0 2 0.33 537
0 2 0.33 538
0 2 0.33 539
0 2 0.33 540
0 2 0.33 541
0 2 0.33 542
0 2 0.34 543
0 2 0.33 544
0 2 0.34 545
0 2 0.34 546
0 2 0.34 547
0 2 0.34 548
0 2 0.34 549
0 2 0.34 550
0 2 0.34 551
0 2 0.34 552
0 2 0.33 553
0 2 0.33 554
0 2 0.33 555
0 2 0.33 556
0 2 0.33 557
0 2 0.33 558
0 2 0.33 559
0 2 0.33 560
0 2 0.33 561
0 2 0.33 562
0 2 0.33 563
0 2 0.33 564
0 2 0.33 565
0 2 0.33 566
0 2 0.33 567
0 2 0.33 568
0 2 0.33 569
0 2 0.33 570
0 2 0.33 571
0 2 0.33 572
0 2 0.33 573
0 2 0.33 574
0 2 0.33 575
0 2 0.33 576
0 2 0.33 577
0 2 0.33 578
0 2 0.33 579
0 2 0.33 580
0 2 0.33 581
0 2 0.33 582
0 2 0.33 583
0 2 0.33 584
0 2 0.33 585
0 2 0.33 586
0 2 0.33 587
0 2 0.33 588
0 2 0.33 589
0 2 0.33 590
0 2 0.33 591
0 2 0.33 592
0 2 0.33 593
0 2 0.32 594
0 2 0.33 595
0 2 0.33 596
0 2 0.33 597
0 2 0.33 598
0 2 0.33 599
0 2 0.33 600
0 2 0.33 601
0 2 0.33 602
0 2 0.33 603
0 2 0.33 604
0 2 0.33 605
0 2 0.33 606
0 2 0.33 607
0 2 0.33 608
0 2 0.33 609
0 2 0.33 610
0 2 0.33 611
0 2 0.33 612
0 2 0.33 613
0 2 0.33 614
0 2 0.33 615
0 2 0.33 616
0 2 0.33 617
0 2 0.33 618
0 2 0.33 619
0 2 0.33 620
0 2 0.33 621
0 2 0.33 622
0 2 0.33 623
0 2 0.33 624
0 2 0.33 625
0 2 0.33 626
0 2 0.33 627
0 2 0.33 628
0 2 0.33 629
0 2 0.33 630
0 2 0.33 631
0 2 0.33 632
0 2 0.33 633
0 2 0.33 634
0 2 0.33 635
0 2 0.33 636
0 2 0.33 637
0 2 0.33 638
0 2 0.33 639
0 2 0.33 640
0 2 0.33 641
0 2 0.33 642
0 2 0.33 643
0 2 0.33 644
0 2 0.33 645
0 2 0.33 646
0 2 0.33 647
0 2 0.33 648
0 2 0.33 649
0 2 0.33 650
0 2 0.33 651
0 2 0.33 652
0 2 0.32 653
0 2 0.32 654
0 2 0.32 655
0 2 0.32 656
0 2 0.32 657
0 2 0.32 658
0 2 0.32 659
0 2 0.32 660
0 2 0.32 661
0 2 0.32 662
0 2 0.32 663
0 2 0.32 664
0 2 0.32 665
0 2 0.32 666
0 2 0.32 667
0 2 0.32 668
0 2 0.32 669
0 2 0.32 670
0 2 0.32 671
0 2 0.32 672
0 2 0.33 673
0 2 0.32 674
0 2 0.32 675
0 2 0.33 676
0 2 0.32 677
0 2 0.32 678
0 2 0.33 679
0 2 0.33 680
0 2 0.33 681
0 2 0.33 682
0 2 0.33 683
0 2 0.33 684
0 2 0.33 685
0 2 0.33 686
0 2 0.32 687
0 2 0.33 688
0 2 0.33 689
0 2 0.32 690
0 2 0.32 691
0 2 0.32 692
0 2 0.32 693
0 2 0.32 694
0 2 0.33 695
0 2 0.32 696
0 2 0.32 697
0 2 0.32 698
0 2 0.32 699
0 2 0.32 700
0 2 0.33 701
0 2 0.32 702
0 2 0.32 703
0 2 0.32 704
0 2 0.32 705
0 2 0.32 706
0 2 0.32 707
0 2 0.32 708
0 2 0.32 709
0 2 0.32 710
0 2 0.32 711
0 2 0.32 712
0 2 0.32 713
0 2 0.32 714
0 2 0.32 715
0 2 0.32 716
0 2 0.32 717
0 2 0.32 718
0 2 0.32 719
0 2 0.32 720
0 2 0.32 721
0 2 0.32 722
0 2 0.32 723
0 2 0.32 724
0 2 0.32 725
0 2 0.32 726
0 2 0.32 727
0 2 0.32 728
0 2 0.32 729
0 2 0.32 730
0 2 0.32 731
0 2 0.32 732
0 2 0.32 733
0 2 0.32 734
0 2 0.32 735
0 2 0.32 736
0 2 0.32 737
0 2 0.32 738
0 2 0.32 739
0 2 0.32 740
0 2 0.32 741
0 2 0.32 742
0 2 0.32 743
0 2 0.32 744
0 2 0.32 745
0 2 0.32 746
0 2 0.32 747
0 2 0.32 748
0 2 0.32 749
0 2 0.32 750
0 2 0.32 751
0 2 0.32 752
0 2 0.32 753
0 2 0.32 754
0 2 0.33 755
0 2 0.33 756
0 2 0.33 757
0 2 0.33 758
0 2 0.33 759
0 2 0.33 760
0 2 0.33 761
0 2 0.33 762
0 2 0.33 763
0 2 0.32 764
0 2 0.32 765
0 2 0.33 766
0 2 0.33 767
0 2 0.33 768
0 2 0.33 769
0 2 0.32 770
0 2 0.32 771
0 2 0.33 772
0 2 0.32 773
0 2 0.32 774
0 2 0.33 775
0 2 0.32 776
0 2 0.32 777
0 2 0.32 778
0 2 0.32 779
0 2 0.32 780
0 2 0.32 781
0 2 0.32 782
0 2 0.32 783
0 2 0.32 784
0 2 0.32 785
0 2 0.32 786
0 2 0.32 787
0 2 0.32 788
0 2 0.32 789
0 2 0.32 790
0 2 0.32 791
0 2 0.32 792
0 2 0.32 793
0 2 0.32 794
0 2 0.32 795
0 2 0.32 796
0 2 0.32 797
0 2 0.32 798
0 2 0.32 799
0 2 0.32 800
0 2 0.32 801
0 2 0.33 802
0 2 0.33 803
0 2 0.33 804
0 2 0.33 805
0 2 0.33 806
0 2 0.33 807
0 2 0.33 808
0 2 0.33 809
0 2 0.33 810
0 2 0.33 811
0 2 0.33 812
0 2 0.33 813
0 2 0.33 814
0 2 0.33 815
0 2 0.33 816
0 2 0.33 817
0 2 0.33 818
0 2 0.33 819
0 2 0.33 820
0 2 0.33 821
0 2 0.33 822
0 2 0.33 823
0 2 0.33 824
0 2 0.33 825
0 2 0.33 826
0 2 0.33 827
0 2 0.33 828
0 2 0.33 829
0 2 0.33 830
0 2 0.33 831
0 2 0.33 832
0 2 0.33 833
0 2 0.33 834
0 2 0.33 835
0 2 0.33 836
0 2 0.33 837
0 2 0.33 838
0 2 0.33 839
0 2 0.33 840
0 2 0.33 841
0 2 0.33 842
0 2 0.33 843
0 2 0.33 844
0 2 0.33 845
0 2 0.33 846
0 2 0.33 847
0 2 0.33 848
0 2 0.33 849
0 2 0.33 850
0 2 0.33 851
0 2 0.33 852
0 2 0.33 853
0 2 0.33 854
0 2 0.33 855
0 2 0.33 856
0 2 0.33 857
0 2 0.33 858
0 2 0.33 859
0 2 0.33 860
0 2 0.33 861
0 2 0.33 862
0 2 0.33 863
0 2 0.33 864
0 2 0.33 865
0 2 0.33 866
0 2 0.33 867
0 2 0.33 868
0 2 0.33 869
0 2 0.33 870
0 2 0.33 871
0 2 0.33 872
0 2 0.33 873
0 2 0.33 874
0 2 0.33 875
0 2 0.33 876
0 2 0.33 877
0 2 0.33 878
0 2 0.33 879
0 2 0.33 880
0 2 0.33 881
0 2 0.33 882
0 2 0.33 883
0 2 0.33 884
0 2 0.33 885
0 2 0.33 886
0 2 0.33 887
0 2 0.33 888
0 2 0.33 889
0 2 0.33 890
0 2 0.33 891
0 2 0.33 892
0 2 0.33 893
0 2 0.33 894
0 2 0.33 895
0 2 0.33 896
0 2 0.33 897
0 2 0.33 898
0 2 0.33 899
0 2 0.33 900
0 2 0.33 901
0 2 0.33 902
0 2 0.33 903
0 2 0.33 904
0 2 0.33 905
0 2 0.33 906
0 2 0.33 907
0 2 0.33 908
0 2 0.33 909
0 2 0.33 910
0 2 0.33 911
0 2 0.34 912
0 2 0.34 913
0 2 0.34 914
0 2 0.34 915
0 2 0.34 916
0 2 0.33 917
0 2 0.34 918
0 2 0.34 919
0 2 0.33 920
0 2 0.34 921
0 2 0.34 922
0 2 0.34 923
0 2 0.34 924
0 2 0.34 925
0 2 0.34 926
0 2 0.34 927
0 2 0.34 928
0 2 0.34 929
0 2 0.34 930
0 2 0.34 931
0 2 0.34 932
0 2 0.34 933
0 2 0.34 934
0 2 0.34 935
0 2 0.34 936
0 2 0.34 937
0 2 0.34 938
0 2 0.34 939
0 2 0.34 940
0 2 0.34 941
0 2 0.34 942
0 2 0.34 943
0 2 0.34 944
0 2 0.34 945
0 2 0.34 946
0 2 0.34 947
0 2 0.34 948
0 2 0.34 949
0 2 0.34 950
0 2 0.34 951
0 2 0.34 952
0 2 0.34 953
0 2 0.3