2 2 2.00 1
1 2 1.50 2
1 2 1.33 3
0 2 1.00 4
0 2 1.00 5
0 2 0.83 6
0 2 0.86 7
0 2 0.88 8
0 2 0.89 9
0 2 0.90 10
0 2 1.00 11
0 2 1.00 12
0 2 1.00 13
0 2 1.07 14
0 2 1.07 15
0 2 1.06 16
0 2 1.06 17
0 2 1.00 18
0 2 0.95 19
0 2 0.95 20
0 2 0.90 21
0 2 0.86 22
0 2 0.87 23
0 2 0.88 24
0 2 0.84 25
0 2 0.88 26
0 2 0.89 27
0 2 0.86 28
0 2 0.86 29
0 2 0.87 30
0 2 0.84 31
0 2 0.84 32
0 2 0.85 33
0 2 0.88 34
0 2 0.89 35
0 2 0.86 36
0 2 0.84 37
0 2 0.84 38
0 2 0.82 39
0 3 0.88 40
0 3 0.85 41
0 3 0.88 42
0 3 0.88 43
0 3 0.89 44
0 3 0.91 45
0 3 0.91 46
0 3 0.91 47
0 3 0.94 48
0 3 0.94 49
0 3 0.92 50
0 3 0.90 51
0 3 0.92 52
0 3 0.92 53
0 3 0.93 54
0 3 0.93 55
0 3 0.93 56
0 3 0.93 57
0 3 0.93 58
0 3 0.93 59
0 3 0.95 60
0 3 0.95 61
0 3 0.95 62
0 3 0.95 63
0 3 0.97 64
0 3 0.97 65
0 3 0.95 66
0 3 0.97 67
0 3 0.97 68
0 3 0.97 69
0 3 0.97 70
0 3 0.97 71
0 3 0.96 72
0 3 0.96 73
0 3 0.96 74
0 3 0.96 75
0 3 0.95 76
0 3 0.95 77
0 3 0.96 78
0 3 0.96 79
0 3 0.96 80
0 3 0.96 81
0 3 0.98 82
0 3 0.98 83
0 3 0.98 84
0 3 0.98 85
0 3 0.98 86
0 3 0.98 87
0 3 0.98 88
0 3 0.97 89
0 3 0.98 90
0 3 0.98 91
0 3 0.98 92
0 3 0.97 93
0 3 0.97 94
0 3 0.97 95
0 3 0.96 96
0 3 0.96 97
0 3 0.96 98
0 3 0.97 99
0 3 0.96 100
0 3 0.98 101
0 3 0.97 102
0 3 0.98 103
0 3 0.98 104
0 3 0.98 105
0 3 0.98 106
0 3 0.97 107
0 3 0.97 108
0 3 0.97 109
0 3 0.98 110
0 3 0.98 111
0 3 0.99 112
0 3 0.99 113
0 3 0.98 114
0 3 0.98 115
0 3 0.98 116
0 3 0.98 117
0 3 0.98 118
0 3 0.98 119
0 3 0.97 120
0 3 0.98 121
0 3 0.98 122
0 3 0.98 123
0 3 0.98 124
0 3 0.98 125
0 3 0.98 126
0 3 0.98 127
0 3 0.98 128
0 3 0.98 129
0 3 0.98 130
0 3 0.98 131
0 3 0.98 132
0 3 0.98 133
0 3 0.99 134
0 3 0.99 135
0 3 0.99 136
0 3 0.99 137
0 3 0.99 138
0 3 1.00 139
0 3 1.00 140
0 3 0.99 141
0 3 0.99 142
0 3 0.99 143
0 3 0.98 144
0 3 0.99 145
0 3 0.99 146
0 3 1.00 147
0 3 1.00 148
0 3 1.01 149
0 3 1.01 150
0 3 1.01 151
0 3 1.01 152
0 3 1.01 153
0 3 1.01 154
0 3 1.01 155
0 3 1.01 156
0 3 1.01 157
0 3 1.01 158
0 3 1.02 159
0 3 1.02 160
0 3 1.02 161
0 3 1.02 162
0 3 1.02 163
0 3 1.02 164
0 3 1.02 165
0 3 1.02 166
0 3 1.03 167
0 3 1.03 168
0 3 1.02 169
0 3 1.03 170
0 3 1.04 171
0 3 1.03 172
0 3 1.03 173
0 3 1.03 174
0 3 1.03 175
0 3 1.03 176
0 3 1.03 177
0 3 1.03 178
0 3 1.03 179
0 3 1.02 180
0 3 1.02 181
0 3 1.02 182
0 3 1.02 183
0 3 1.01 184
0 3 1.01 185
0 3 1.01 186
0 3 1.01 187
0 3 1.02 188
0 3 1.01 189
0 3 1.01 190
0 3 1.01 191
0 3 1.01 192
0 3 1.01 193
0 3 1.01 194
0 3 1.01 195
0 3 1.01 196
0 3 1.01 197
0 3 1.01 198
0 3 1.01 199
0 3 1.00 200
0 3 1.00 201
0 3 1.00 202
0 3 1.00 203
0 3 1.01 204
0 3 1.01 205
0 3 1.01 206
0 3 1.02 207
0 3 1.02 208
0 3 1.02 209
0 3 1.02 210
0 3 1.02 211
0 3 1.01 212
0 3 1.01 213
0 3 1.00 214
0 3 1.00 215
0 3 1.01 216
0 3 1.01 217
0 3 1.01 218
0 3 1.02 219
0 3 1.03 220
0 3 1.03 221
0 3 1.03 222
0 3 1.03 223
0 3 1.03 224
0 3 1.04 225
0 3 1.03 226
0 3 1.03 227
0 3 1.03 228
0 3 1.03 229
0 3 1.03 230
0 3 1.03 231
0 3 1.03 232
0 3 1.02 233
0 3 1.03 234
0 3 1.03 235
0 3 1.03 236
0 3 1.03 237
0 3 1.03 238
0 3 1.03 239
0 3 1.03 240
0 3 1.03 241
0 3 1.04 242
0 3 1.03 243
0 3 1.03 244
0 3 1.04 245
0 3 1.04 246
0 3 1.04 247
0 3 1.04 248
0 3 1.03 249
0 3 1.03 250
0 3 1.02 251
0 3 1.02 252
0 3 1.02 253
0 3 1.02 254
0 3 1.02 255
0 3 1.01 256
0 3 1.01 257
0 3 1.00 258
0 3 1.00 259
0 3 1.00 260
0 3 1.00 261
0 3 1.00 262
0 3 1.00 263
0 3 1.00 264
0 3 1.00 265
0 3 1.00 266
0 3 1.00 267
0 3 1.00 268
0 3 1.00 269
0 3 1.00 270
0 3 1.00 271
0 3 1.00 272
0 3 1.00 273
0 3 1.00 274
0 3 1.00 275
0 3 1.00 276
0 3 1.00 277
0 3 1.00 278
0 3 0.99 279
0 3 0.99 280
0 3 0.99 281
0 3 0.99 282
0 3 0.99 283
0 3 0.99 284
0 3 0.99 285
0 3 0.98 286
0 3 0.98 287
0 3 0.98 288
0 3 0.98 289
0 3 0.98 290
0 3 0.98 291
0 3 0.98 292
0 3 0.98 293
0 3 0.98 294
0 3 0.98 295
0 3 0.98 296
0 3 0.98 297
0 3 0.98 298
0 3 0.98 299
0 3 0.98 300
0 3 0.98 301
0 3 0.98 302
0 3 0.98 303
0 3 0.98 304
0 3 0.98 305
0 3 0.98 306
0 21 1.04 307
0 21 1.04 308
0 21 1.04 309
0 21 1.04 310
0 21 1.04 311
0 21 1.04 312
0 21 1.04 313
0 21 1.04 314
0 21 1.03 315
0 21 1.03 316
0 21 1.03 317
0 21 1.03 318
0 21 1.03 319
0 21 1.03 320
0 21 1.03 321
0 21 1.03 322
0 21 1.03 323
0 21 1.03 324
0 21 1.02 325
0 21 1.03 326
0 21 1.03 327
0 21 1.03 328
0 21 1.03 329
0 21 1.03 330
0 21 1.03 331
0 21 1.02 332
0 21 1.02 333
0 21 1.02 334
0 21 1.02 335
0 21 1.02 336
0 21 1.02 337
0 21 1.02 338
0 21 1.02 339
0 21 1.02 340
0 21 1.02 341
0 21 1.02 342
0 21 1.03 343
0 21 1.02 344
0 21 1.02 345
0 21 1.02 346
0 21 1.03 347
0 21 1.03 348
0 21 1.03 349
0 21 1.03 350
0 21 1.03 351
0 21 1.03 352
0 21 1.03 353
0 21 1.03 354
0 21 1.03 355
0 21 1.03 356
0 21 1.03 357
0 21 1.03 358
0 21 1.03 359
0 21 1.03 360
0 21 1.03 361
0 21 1.04 362
0 21 1.04 363
0 21 1.04 364
0 21 1.04 365
0 21 1.04 366
0 21 1.04 367
0 21 1.04 368
0 21 1.04 369
0 21 1.04 370
0 21 1.04 371
0 21 1.04 372
0 21 1.04 373
0 21 1.04 374
0 21 1.04 375
0 21 1.04 376
0 21 1.03 377
0 21 1.03 378
0 21 1.03 379
0 21 1.03 380
0 21 1.03 381
0 21 1.03 382
0 21 1.04 383
0 21 1.04 384
0 21 1.04 385
0 21 1.04 386
0 21 1.04 387
0 21 1.05 388
0 21 1.05 389
0 21 1.05 390
0 21 1.05 391
0 21 1.05 392
0 21 1.05 393
0 21 1.05 394
0 21 1.05 395
0 21 1.05 396
0 21 1.05 397
0 21 1.05 398
0 21 1.05 399
0 21 1.04 400
0 21 1.05 401
0 21 1.05 402
0 21 1.05 403
0 21 1.05 404
0 21 1.05 405
0 21 1.05 406
0 21 1.04 407
0 21 1.05 408
0 21 1.05 409
0 21 1.05 410
0 21 1.04 411
0 21 1.04 412
0 21 1.04 413
0 21 1.04 414
0 21 1.04 415
0 21 1.04 416
0 21 1.04 417
0 21 1.04 418
0 21 1.04 419
0 21 1.04 420
0 21 1.03 421
0 21 1.03 422
0 21 1.03 423
0 21 1.03 424
0 21 1.03 425
0 21 1.03 426
0 21 1.03 427
0 21 1.03 428
0 21 1.03 429
0 21 1.03 430
0 21 1.03 431
0 21 1.03 432
0 21 1.03 433
0 21 1.03 434
0 21 1.04 435
0 21 1.03 436
0 21 1.03 437
0 21 1.03 438
0 21 1.03 439
0 21 1.03 440
0 21 1.03 441
0 21 1.03 442
0 21 1.04 443
0 21 1.04 444
0 21 1.04 445
0 21 1.04 446
0 21 1.03 447
0 21 1.03 448
0 21 1.03 449
0 21 1.03 450
0 21 1.03 451
0 21 1.03 452
0 21 1.03 453
0 21 1.04 454
0 21 1.03 455
0 21 1.03 456
0 21 1.03 457
0 21 1.03 458
0 21 1.03 459
0 21 1.04 460
0 21 1.04 461
0 21 1.04 462
0 21 1.04 463
0 21 1.04 464
0 21 1.04 465
0 21 1.04 466
0 21 1.04 467
0 21 1.04 468
0 21 1.04 469
0 21 1.04 470
0 21 1.04 471
0 21 1.04 472
0 21 1.04 473
0 21 1.04 474
0 21 1.04 475
0 21 1.04 476
0 21 1.04 477
0 21 1.03 478
0 21 1.03 479
0 21 1.03 480
0 21 1.03 481
0 21 1.03 482
0 21 1.03 483
0 21 1.03 484
0 21 1.03 485
0 21 1.03 486
0 21 1.03 487
0 21 1.03 488
0 21 1.03 489
0 21 1.03 490
0 21 1.03 491
0 21 1.03 492
0 21 1.03 493
0 21 1.03 494
0 21 1.03 495
0 21 1.03 496
0 21 1.03 497
0 21 1.03 498
0 21 1.03 499
0 21 1.03 500
0 21 1.03 501
0 21 1.03 502
0 21 1.03 503
0 21 1.03 504
0 21 1.03 505
0 21 1.03 506
0 21 1.04 507
0 21 1.04 508
0 21 1.03 509
0 21 1.03 510
0 21 1.03 511
0 21 1.03 512
0 21 1.03 513
0 21 1.03 514
0 21 1.03 515
0 21 1.03 516
0 21 1.03 517
0 21 1.03 518
0 21 1.03 519
0 21 1.03 520
0 21 1.03 521
0 21 1.03 522
0 21 1.03 523
0 21 1.03 524
0 21 1.03 525
0 21 1.03 526
0 21 1.03 527
0 21 1.03 528
0 21 1.03 529
0 21 1.03 530
0 21 1.03 531
0 21 1.03 532
0 21 1.03 533
0 21 1.03 534
0 21 1.03 535
0 21 1.03 536
0 21 1.03 537
0 21 1.03 538
0 21 1.03 539
0 21 1.03 540
0 21 1.03 541
0 21 1.03 542
0 21 1.03 543
0 21 1.03 544
0 21 1.03 545
0 21 1.03 546
0 21 1.03 547
0 21 1.03 548
0 21 1.03 549
0 21 1.03 550
0 21 1.03 551
0 21 1.03 552
0 21 1.03 553
0 21 1.03 554
0 21 1.03 555
0 21 1.03 556
0 21 1.03 557
0 21 1.03 558
0 21 1.03 559
0 21 1.03 560
0 21 1.03 561
0 21 1.03 562
0 21 1.03 563
0 21 1.03 564
0 21 1.03 565
0 21 1.03 566
0 21 1.03 567
0 21 1.03 568
0 21 1.03 569
0 21 1.03 570
0 21 1.03 571
0 21 1.03 572
0 21 1.03 573
0 21 1.03 574
0 21 1.03 575
0 21 1.03 576
0 21 1.03 577
0 21 1.03 578
0 21 1.03 579
0 21 1.03 580
0 21 1.03 581
0 21 1.03 582
0 21 1.03 583
0 21 1.03 584
0 21 1.03 585
0 21 1.03 586
0 21 1.03 587
0 21 1.03 588
0 21 1.03 589
0 21 1.03 590
0 21 1.03 591
0 21 1.03 592
0 21 1.03 593
0 21 1.03 594
0 21 1.02 595
0 21 1.02 596
0 21 1.02 597
0 21 1.02 598
0 21 1.02 599
0 21 1.02 600
0 21 1.02 601
0 21 1.02 602
0 21 1.02 603
0 21 1.02 604
0 21 1.02 605
0 21 1.02 606
0 21 1.02 607
0 21 1.02 608
0 21 1.02 609
0 21 1.02 610
0 21 1.02 611
0 21 1.02 612
0 21 1.02 613
0 21 1.02 614
0 21 1.02 615
0 21 1.02 616
0 21 1.02 617
0 21 1.02 618
0 21 1.02 619
0 21 1.02 620
0 21 1.02 621
0 21 1.02 622
0 21 1.02 623
0 21 1.02 624
0 21 1.02 625
0 21 1.02 626
0 21 1.02 627
0 21 1.02 628
0 21 1.02 629
0 21 1.02 630
0 21 1.02 631
0 21 1.02 632
0 21 1.02 633
0 21 1.02 634
0 21 1.02 635
0 21 1.02 636
0 21 1.03 637
0 21 1.02 638
0 21 1.02 639
0 21 1.02 640
0 21 1.02 641
0 21 1.02 642
0 21 1.02 643
0 21 1.02 644
0 21 1.02 645
0 21 1.02 646
0 21 1.02 647
0 21 1.02 648
0 21 1.02 649
0 21 1.02 650
0 21 1.02 651
0 21 1.02 652
0 21 1.02 653
0 21 1.02 654
0 21 1.02 655
0 21 1.02 656
0 21 1.02 657
0 21 1.02 658
0 21 1.02 659
0 21 1.02 660
0 21 1.02 661
0 21 1.02 662
0 21 1.02 663
0 21 1.02 664
0 21 1.02 665
0 21 1.03 666
0 21 1.03 667
0 21 1.03 668
0 21 1.03 669
0 21 1.03 670
0 21 1.03 671
0 21 1.03 672
0 21 1.03 673
0 21 1.03 674
0 21 1.03 675
0 21 1.03 676
0 21 1.03 677
0 21 1.03 678
0 21 1.03 679
0 21 1.03 680
0 21 1.03 681
0 21 1.03 682
0 21 1.03 683
0 21 1.03 684
0 21 1.03 685
0 21 1.03 686
0 21 1.03 687
0 21 1.03 688
0 21 1.03 689
0 21 1.03 690
0 21 1.03 691
0 21 1.03 692
0 21 1.03 693
0 21 1.03 694
0 21 1.03 695
0 21 1.03 696
0 21 1.03 697
0 21 1.03 698
0 21 1.03 699
0 21 1.03 700
0 21 1.03 701
0 21 1.03 702
0 21 1.03 703
0 21 1.03 704
0 21 1.03 705
0 21 1.03 706
0 21 1.03 707
0 21 1.03 708
0 21 1.03 709
0 21 1.03 710
0 21 1.03 711
0 21 1.03 712
0 21 1.03 713
0 21 1.03 714
0 21 1.03 715
0 21 1.03 716
0 21 1.03 717
0 21 1.03 718
0 21 1.03 719
0 21 1.03 720
0 21 1.03 721
0 21 1.03 722
0 21 1.03 723
0 21 1.03 724
0 21 1.03 725
0 21 1.03 726
0 21 1.03 727
0 21 1.03 728
0 21 1.03 729
0 21 1.03 730
0 21 1.03 731
0 21 1.03 732
0 21 1.04 733
0 21 1.04 734
0 21 1.04 735
0 21 1.04 736
0 21 1.04 737
0 21 1.04 738
0 21 1.04 739
0 21 1.04 740
0 21 1.04 741
0 21 1.04 742
0 21 1.03 743
0 21 1.04 744
0 21 1.04 745
0 21 1.04 746
0 21 1.04 747
0 21 1.04 748
0 21 1.04 749
0 21 1.04 750
0 21 1.04 751
0 21 1.04 752
0 21 1.04 753
0 21 1.04 754
0 21 1.04 755
0 21 1.04 756
0 21 1.04 757
0 21 1.04 758
0 21 1.04 759
0 21 1.04 760
0 21 1.04 761
0 21 1.04 762
0 21 1.04 763
0 21 1.04 764
0 21 1.04 765
0 21 1.04 766
0 21 1.04 767
0 21 1.04 768
0 21 1.04 769
0 21 1.04 770
0 21 1.04 771
0 21 1.04 772
0 21 1.04 773
0 21 1.04 774
0 21 1.04 775
0 21 1.04 776
0 21 1.04 777
0 21 1.04 778
0 21 1.04 779
0 21 1.04 780
0 21 1.04 781
0 21 1.04 782
0 21 1.04 783
0 21 1.04 784
0 21 1.04 785
0 21 1.04 786
0 21 1.04 787
0 21 1.04 788
0 21 1.04 789
0 21 1.04 790
0 21 1.04 791
0 21 1.04 792
0 21 1.04 793
0 21 1.04 794
0 21 1.04 795
0 21 1.04 796
0 21 1.04 797
0 21 1.04 798
0 21 1.04 799
0 21 1.04 800
0 21 1.04 801
0 21 1.04 802
0 21 1.04 803
0 21 1.04 804
0 21 1.04 805
0 21 1.04 806
0 21 1.04 807
0 21 1.04 808
0 21 1.04 809
0 21 1.04 810
0 21 1.04 811
0 21 1.04 812
0 21 1.04 813
0 21 1.04 814
0 21 1.04 815
0 21 1.04 816
0 21 1.04 817
0 21 1.04 818
0 21 1.04 819
0 21 1.04 820
0 21 1.04 821
0 21 1.04 822
0 21 1.04 823
0 21 1.04 824
0 21 1.04 825
0 21 1.05 826
0 21 1.05 827
0 21 1.05 828
0 21 1.05 829
0 21 1.05 830
0 21 1.05 831
0 21 1.05 832
0 21 1.05 833
0 21 1.05 834
0 21 1.04 835
0 21 1.05 836
0 21 1.05 837
0 21 1.05 838
0 21 1.05 839
0 21 1.05 840
0 21 1.05 841
0 21 1.04 842
0 21 1.04 843
0 21 1.04 844
0 21 1.04 845
0 21 1.04 846
0 21 1.04 847
0 21 1.04 848
0 21 1.04 849
0 21 1.04 850
0 21 1.04 851
0 21 1.04 852
0 21 1.04 853
0 21 1.04 854
0 21 1.04 855
0 21 1.04 856
0 21 1.04 857
0 21 1.04 858
0 21 1.04 859
0 21 1.04 860
0 21 1.04 861
0 21 1.04 862
0 21 1.04 863
0 21 1.04 864
0 21 1.04 865
0 21 1.04 866
0 21 1.04 867
0 21 1.04 868
0 21 1.04 869
0 21 1.04 870
0 21 1.04 871
0 21 1.04 872
0 21 1.04 873
0 21 1.04 874
0 21 1.04 875
0 21 1.04 876
0 21 1.04 877
0 21 1.04 878
0 21 1.04 879
0 21 1.04 880
0 21 1.04 881
0 21 1.04 882
0 21 1.03 883
0 21 1.04 884
0 21 1.04 885
0 21 1.03 886
0 21 1.03 887
0 21 1.03 888
0 21 1.03 889
0 21 1.03 890
0 21 1.03 891
0 21 1.03 892
0 21 1.03 893
0 21 1.03 894
0 21 1.03 895
0 21 1.03 896
0 21 1.03 897
0 21 1.03 898
0 21 1.03 899
0 21 1.03 900
0 21 1.03 901
0 21 1.03 902
0 21 1.03 903
0 21 1.03 904
0 21 1.03 905
0 21 1.03 906
0 21 1.04 907
0 21