3 3 3.00 1
1 3 2.00 2
1 3 2.00 3
1 3 2.00 4
1 3 1.80 5
1 3 1.67 6
1 3 1.71 7
1 3 1.62 8
1 3 1.56 9
1 3 1.60 10
0 3 1.45 11
0 3 1.42 12
0 3 1.46 13
0 3 1.43 14
0 3 1.47 15
0 22 2.75 16
0 22 2.65 17
0 22 2.61 18
0 22 2.53 19
0 22 2.45 20
0 22 2.38 21
0 22 2.36 22
0 22 2.35 23
0 22 2.33 24
0 22 2.36 25
0 22 2.35 26
0 22 2.30 27
0 22 2.29 28
0 22 2.28 29
0 22 2.23 30
0 22 2.19 31
0 22 2.16 32
0 22 2.12 33
0 22 2.12 34
0 22 2.11 35
0 22 2.11 36
0 22 2.08 37
0 22 2.08 38
0 22 2.05 39
0 22 2.00 40
0 22 2.00 41
0 22 2.00 42
0 22 2.00 43
0 22 1.98 44
0 22 1.98 45
0 22 1.96 46
0 22 1.94 47
0 22 1.94 48
0 22 1.92 49
0 22 1.90 50
0 22 1.90 51
0 22 1.88 52
0 22 1.89 53
0 22 1.89 54
0 22 1.89 55
0 22 1.88 56
0 22 1.88 57
0 22 1.86 58
0 22 1.86 59
0 22 1.87 60
0 22 1.85 61
0 22 1.84 62
0 22 1.84 63
0 22 1.84 64
0 22 1.83 65
0 22 1.82 66
0 22 1.82 67
0 22 1.81 68
0 22 1.80 69
0 22 1.79 70
0 22 1.79 71
0 22 1.79 72
0 22 1.79 73
0 22 1.78 74
0 22 1.77 75
0 22 1.78 76
0 22 1.78 77
0 22 1.79 78
0 22 1.78 79
0 22 1.77 80
0 22 1.78 81
0 22 1.77 82
0 22 1.76 83
0 22 1.74 84
0 22 1.74 85
0 22 1.73 86
0 22 1.74 87
0 22 1.73 88
0 22 1.73 89
0 22 1.72 90
0 22 1.73 91
0 22 1.74 92
0 22 1.73 93
0 22 1.73 94
0 22 1.73 95
0 22 1.72 96
0 22 1.72 97
0 22 1.71 98
0 22 1.72 99
0 22 1.71 100
0 22 1.71 101
0 22 1.72 102
0 22 1.72 103
0 22 1.72 104
0 22 1.71 105
0 22 1.72 106
0 22 1.71 107
0 22 1.72 108
0 22 1.71 109
0 22 1.71 110
0 22 1.70 111
0 22 1.71 112
0 22 1.70 113
0 22 1.70 114
0 22 1.70 115
0 22 1.70 116
0 22 1.69 117
0 22 1.69 118
0 22 1.69 119
0 22 1.70 120
0 22 1.70 121
0 22 1.70 122
0 22 1.70 123
0 22 1.69 124
0 22 1.69 125
0 22 1.68 126
0 22 1.68 127
0 22 1.67 128
0 22 1.67 129
0 22 1.67 130
0 22 1.66 131
0 22 1.67 132
0 22 1.68 133
0 22 1.66 134
0 22 1.67 135
0 22 1.67 136
0 22 1.67 137
0 22 1.67 138
0 22 1.67 139
0 22 1.67 140
0 22 1.67 141
0 22 1.67 142
0 22 1.66 143
0 22 1.67 144
0 22 1.67 145
0 22 1.66 146
0 22 1.67 147
0 22 1.67 148
0 22 1.67 149
0 22 1.67 150
0 22 1.68 151
0 22 1.68 152
0 22 1.67 153
0 22 1.67 154
0 22 1.66 155
0 22 1.66 156
0 22 1.66 157
0 22 1.66 158
0 22 1.65 159
0 22 1.65 160
0 22 1.65 161
0 22 1.65 162
0 22 1.65 163
0 22 1.65 164
0 22 1.65 165
0 22 1.65 166
0 22 1.65 167
0 22 1.65 168
0 22 1.64 169
0 22 1.64 170
0 22 1.64 171
0 22 1.64 172
0 22 1.64 173
0 22 1.64 174
0 22 1.64 175
0 22 1.65 176
0 22 1.65 177
0 22 1.65 178
0 22 1.64 179
0 22 1.64 180
0 22 1.64 181
0 22 1.64 182
0 22 1.64 183
0 22 1.64 184
0 22 1.64 185
0 22 1.63 186
0 22 1.64 187
0 22 1.63 188
0 22 1.63 189
0 22 1.62 190
0 22 1.62 191
0 22 1.62 192
0 22 1.62 193
0 22 1.62 194
0 22 1.62 195
0 22 1.62 196
0 22 1.62 197
0 22 1.62 198
0 22 1.62 199
0 22 1.63 200
0 22 1.62 201
0 22 1.62 202
0 22 1.62 203
0 22 1.62 204
0 22 1.61 205
0 22 1.62 206
0 22 1.61 207
0 22 1.62 208
0 22 1.62 209
0 22 1.62 210
0 22 1.61 211
0 22 1.61 212
0 22 1.62 213
0 22 1.62 214
0 22 1.62 215
0 22 1.63 216
0 22 1.63 217
0 22 1.62 218
0 22 1.62 219
0 22 1.61 220
0 22 1.62 221
0 22 1.61 222
0 22 1.62 223
0 22 1.62 224
0 22 1.61 225
0 22 1.61 226
0 22 1.61 227
0 22 1.61 228
0 22 1.61 229
0 22 1.61 230
0 22 1.61 231
0 22 1.61 232
0 22 1.61 233
0 22 1.60 234
0 22 1.61 235
0 22 1.61 236
0 22 1.61 237
0 22 1.61 238
0 22 1.61 239
0 22 1.60 240
0 22 1.60 241
0 22 1.60 242
0 22 1.60 243
0 22 1.60 244
0 22 1.60 245
0 22 1.59 246
0 22 1.59 247
0 22 1.59 248
0 22 1.59 249
0 22 1.59 250
0 22 1.59 251
0 22 1.59 252
0 22 1.59 253
0 22 1.59 254
0 22 1.59 255
0 22 1.59 256
0 22 1.59 257
0 22 1.59 258
0 22 1.59 259
0 22 1.58 260
0 22 1.59 261
0 22 1.60 262
0 22 1.59 263
0 22 1.59 264
0 22 1.59 265
0 22 1.59 266
0 22 1.59 267
0 22 1.59 268
0 22 1.59 269
0 22 1.59 270
0 22 1.59 271
0 22 1.58 272
0 22 1.58 273
0 22 1.58 274
0 22 1.58 275
0 22 1.58 276
0 22 1.58 277
0 22 1.59 278
0 22 1.58 279
0 22 1.58 280
0 22 1.58 281
0 22 1.58 282
0 22 1.58 283
0 22 1.58 284
0 22 1.58 285
0 22 1.58 286
0 22 1.58 287
0 22 1.58 288
0 22 1.58 289
0 22 1.57 290
0 22 1.58 291
0 22 1.58 292
0 22 1.57 293
0 22 1.57 294
0 22 1.57 295
0 22 1.57 296
0 22 1.57 297
0 22 1.57 298
0 22 1.57 299
0 22 1.57 300
0 22 1.57 301
0 22 1.57 302
0 22 1.56 303
0 22 1.56 304
0 22 1.56 305
0 22 1.56 306
0 22 1.56 307
0 22 1.56 308
0 22 1.56 309
0 22 1.56 310
0 22 1.56 311
0 22 1.56 312
0 22 1.57 313
0 22 1.56 314
0 22 1.56 315
0 22 1.56 316
0 22 1.56 317
0 22 1.56 318
0 22 1.56 319
0 22 1.56 320
0 22 1.56 321
0 22 1.56 322
0 22 1.56 323
0 22 1.56 324
0 22 1.55 325
0 22 1.55 326
0 22 1.55 327
0 22 1.55 328
0 22 1.55 329
0 22 1.55 330
0 22 1.55 331
0 22 1.55 332
0 22 1.55 333
0 22 1.55 334
0 22 1.55 335
0 22 1.55 336
0 22 1.54 337
0 22 1.54 338
0 22 1.54 339
0 22 1.54 340
0 22 1.54 341
0 22 1.54 342
0 22 1.55 343
0 22 1.54 344
0 22 1.54 345
0 22 1.54 346
0 22 1.54 347
0 22 1.54 348
0 22 1.54 349
0 22 1.54 350
0 22 1.54 351
0 22 1.54 352
0 22 1.53 353
0 22 1.53 354
0 22 1.53 355
0 22 1.53 356
0 22 1.53 357
0 22 1.53 358
0 22 1.53 359
0 22 1.53 360
0 22 1.53 361
0 22 1.53 362
0 22 1.53 363
0 22 1.52 364
0 22 1.53 365
0 22 1.53 366
0 22 1.53 367
0 22 1.53 368
0 22 1.53 369
0 22 1.53 370
0 22 1.53 371
0 22 1.52 372
0 22 1.52 373
0 22 1.52 374
0 22 1.52 375
0 22 1.52 376
0 22 1.52 377
0 22 1.52 378
0 22 1.52 379
0 22 1.52 380
0 22 1.52 381
0 22 1.52 382
0 22 1.52 383
0 22 1.52 384
0 22 1.52 385
0 22 1.52 386
0 22 1.52 387
0 22 1.52 388
0 22 1.52 389
0 22 1.52 390
0 22 1.52 391
0 22 1.52 392
0 22 1.52 393
0 22 1.52 394
0 22 1.51 395
0 22 1.52 396
0 22 1.51 397
0 22 1.52 398
0 22 1.51 399
0 22 1.51 400
0 22 1.51 401
0 22 1.51 402
0 22 1.51 403
0 22 1.51 404
0 22 1.51 405
0 22 1.51 406
0 22 1.51 407
0 22 1.51 408
0 22 1.51 409
0 22 1.51 410
0 22 1.51 411
0 22 1.51 412
0 22 1.51 413
0 22 1.50 414
0 22 1.50 415
0 22 1.50 416
0 22 1.51 417
0 22 1.51 418
0 22 1.51 419
0 22 1.51 420
0 22 1.51 421
0 22 1.51 422
0 22 1.51 423
0 22 1.51 424
0 22 1.51 425
0 22 1.51 426
0 22 1.51 427
0 22 1.51 428
0 22 1.51 429
0 22 1.51 430
0 22 1.51 431
0 22 1.51 432
0 22 1.51 433
0 22 1.51 434
0 22 1.51 435
0 22 1.51 436
0 22 1.51 437
0 22 1.51 438
0 22 1.51 439
0 22 1.51 440
0 22 1.51 441
0 22 1.52 442
0 22 1.51 443
0 22 1.52 444
0 22 1.52 445
0 22 1.52 446
0 22 1.51 447
0 22 1.52 448
0 22 1.52 449
0 22 1.52 450
0 22 1.52 451
0 22 1.52 452
0 22 1.52 453
0 22 1.52 454
0 22 1.53 455
0 22 1.53 456
0 22 1.53 457
0 22 1.52 458
0 22 1.52 459
0 22 1.52 460
0 22 1.52 461
0 22 1.52 462
0 22 1.52 463
0 22 1.52 464
0 22 1.52 465
0 22 1.52 466
0 22 1.52 467
0 22 1.52 468
0 22 1.52 469
0 22 1.52 470
0 22 1.52 471
0 22 1.52 472
0 22 1.52 473
0 22 1.52 474
0 22 1.52 475
0 22 1.52 476
0 22 1.52 477
0 22 1.52 478
0 22 1.52 479
0 22 1.52 480
0 22 1.52 481
0 22 1.52 482
0 22 1.52 483
0 22 1.52 484
0 22 1.52 485
0 22 1.52 486
0 22 1.52 487
0 22 1.52 488
0 22 1.52 489
0 22 1.52 490
0 22 1.52 491
0 22 1.52 492
0 22 1.52 493
0 22 1.51 494
0 22 1.51 495
0 22 1.51 496
0 22 1.51 497
0 22 1.51 498
0 22 1.51 499
0 22 1.51 500
0 22 1.51 501
0 22 1.51 502
0 22 1.51 503
0 22 1.51 504
0 22 1.51 505
0 22 1.51 506
0 22 1.51 507
0 22 1.51 508
0 22 1.50 509
0 22 1.50 510
0 22 1.50 511
0 22 1.50 512
0 22 1.50 513
0 22 1.50 514
0 22 1.50 515
0 22 1.50 516
0 22 1.50 517
0 22 1.50 518
0 22 1.50 519
0 22 1.50 520
0 22 1.50 521
0 22 1.50 522
0 22 1.50 523
0 22 1.50 524
0 22 1.50 525
0 22 1.50 526
0 22 1.50 527
0 22 1.50 528
0 22 1.50 529
0 22 1.50 530
0 22 1.50 531
0 22 1.50 532
0 22 1.50 533
0 22 1.50 534
0 22 1.50 535
0 22 1.50 536
0 22 1.50 537
0 22 1.50 538
0 22 1.50 539
0 22 1.50 540
0 22 1.50 541
0 22 1.50 542
0 22 1.50 543
0 22 1.50 544
0 22 1.50 545
0 22 1.50 546
0 22 1.50 547
0 22 1.49 548
0 22 1.49 549
0 22 1.49 550
0 22 1.49 551
0 22 1.49 552
0 22 1.49 553
0 22 1.49 554
0 22 1.49 555
0 22 1.49 556
0 22 1.49 557
0 22 1.49 558
0 22 1.49 559
0 22 1.49 560
0 22 1.49 561
0 22 1.49 562
0 22 1.49 563
0 22 1.50 564
0 22 1.50 565
0 22 1.50 566
0 22 1.50 567
0 22 1.50 568
0 22 1.50 569
0 22 1.50 570
0 22 1.50 571
0 22 1.50 572
0 22 1.50 573
0 22 1.49 574
0 22 1.49 575
0 22 1.49 576
0 22 1.49 577
0 22 1.49 578
0 22 1.49 579
0 22 1.49 580
0 22 1.49 581
0 22 1.49 582
0 22 1.49 583
0 22 1.49 584
0 22 1.49 585
0 22 1.49 586
0 22 1.49 587
0 22 1.49 588
0 22 1.49 589
0 22 1.49 590
0 22 1.49 591
0 22 1.49 592
0 22 1.49 593
0 22 1.49 594