2 2 2.00 1
2 2 2.00 2
0 2 1.33 3
0 2 1.25 4
0 2 1.00 5
0 2 1.00 6
0 2 1.00 7
0 2 1.00 8
0 2 0.89 9
0 2 0.90 10
0 2 0.91 11
0 2 0.92 12
0 2 0.85 13
0 2 0.86 14
0 2 0.80 15
0 2 0.75 16
0 2 0.71 17
0 2 0.67 18
0 2 0.63 19
0 2 0.65 20
0 2 0.62 21
0 2 0.59 22
0 2 0.57 23
0 2 0.54 24
0 2 0.52 25
0 2 0.50 26
0 2 0.52 27
0 2 0.50 28
0 2 0.48 29
0 2 0.47 30
0 2 0.48 31
0 2 0.50 32
0 2 0.48 33
0 2 0.47 34
0 2 0.46 35
0 2 0.50 36
0 2 0.49 37
0 2 0.47 38
0 2 0.49 39
0 2 0.47 40
0 2 0.49 41
0 2 0.50 42
0 2 0.51 43
0 2 0.50 44
0 2 0.51 45
0 2 0.52 46
0 2 0.51 47
0 2 0.52 48
0 2 0.53 49
0 2 0.52 50
0 2 0.55 51
0 2 0.54 52
0 2 0.53 53
0 2 0.52 54
0 2 0.51 55
0 2 0.50 56
0 2 0.51 57
0 2 0.50 58
0 2 0.51 59
0 2 0.50 60
0 2 0.51 61
0 2 0.50 62
0 2 0.49 63
0 2 0.48 64
0 2 0.48 65
0 2 0.47 66
0 2 0.48 67
0 2 0.47 68
0 2 0.46 69
0 2 0.47 70
0 2 0.48 71
0 2 0.49 72
0 2 0.51 73
0 2 0.51 74
0 2 0.52 75
0 2 0.51 76
0 2 0.52 77
0 2 0.51 78
0 2 0.52 79
0 2 0.51 80
0 2 0.52 81
0 2 0.51 82
0 2 0.52 83
0 2 0.51 84
0 2 0.52 85
0 2 0.52 86
0 2 0.52 87
0 2 0.52 88
0 2 0.53 89
0 2 0.53 90
0 2 0.54 91
0 2 0.53 92
0 2 0.53 93
0 2 0.53 94
0 2 0.55 95
0 2 0.55 96
0 2 0.55 97
0 2 0.55 98
0 2 0.55 99
0 2 0.55 100
0 2 0.55 101
0 2 0.57 102
0 2 0.57 103
0 2 0.57 104
0 2 0.57 105
0 2 0.58 106
0 2 0.58 107
0 2 0.57 108
0 2 0.59 109
0 2 0.60 110
0 2 0.59 111
0 2 0.60 112
0 2 0.60 113
0 2 0.61 114
0 2 0.61 115
0 2 0.60 116
0 2 0.60 117
0 2 0.59 118
0 2 0.59 119
0 2 0.59 120
0 2 0.59 121
0 2 0.58 122
0 2 0.59 123
0 2 0.59 124
0 2 0.59 125
0 2 0.59 126
0 2 0.58 127
0 2 0.58 128
0 2 0.58 129
0 2 0.58 130
0 2 0.58 131
0 2 0.58 132
0 2 0.58 133
0 2 0.58 134
0 2 0.59 135
0 2 0.60 136
0 2 0.59 137
0 2 0.59 138
0 2 0.58 139
0 2 0.59 140
0 2 0.58 141
0 2 0.58 142
0 2 0.59 143
0 2 0.59 144
0 2 0.59 145
0 2 0.60 146
0 2 0.60 147
0 2 0.60 148
0 2 0.60 149
0 2 0.59 150
0 2 0.59 151
0 2 0.59 152
0 2 0.59 153
0 2 0.59 154
0 2 0.59 155
0 2 0.59 156
0 2 0.59 157
0 2 0.59 158
0 2 0.59 159
0 2 0.59 160
0 2 0.59 161
0 2 0.59 162
0 2 0.60 163
0 2 0.59 164
0 2 0.59 165
0 2 0.59 166
0 2 0.59 167
0 2 0.59 168
0 2 0.59 169
0 2 0.58 170
0 2 0.58 171
0 2 0.58 172
0 2 0.58 173
0 2 0.58 174
0 2 0.58 175
0 2 0.58 176
0 2 0.58 177
0 2 0.58 178
0 2 0.58 179
0 2 0.58 180
0 2 0.57 181
0 2 0.57 182
0 2 0.57 183
0 2 0.58 184
0 2 0.58 185
0 2 0.58 186
0 2 0.57 187
0 2 0.57 188
0 2 0.57 189
0 2 0.57 190
0 2 0.57 191
0 2 0.57 192
0 2 0.57 193
0 2 0.57 194
0 2 0.57 195
0 2 0.57 196
0 2 0.57 197
0 2 0.58 198
0 2 0.58 199
0 2 0.58 200
0 2 0.58 201
0 2 0.58 202
0 2 0.58 203
0 2 0.58 204
0 2 0.58 205
0 2 0.58 206
0 2 0.58 207
0 2 0.59 208
0 2 0.59 209
0 2 0.60 210
0 2 0.59 211
0 2 0.59 212
0 2 0.60 213
0 2 0.59 214
0 2 0.60 215
0 2 0.59 216
0 2 0.59 217
0 2 0.59 218
0 2 0.59 219
0 2 0.59 220
0 2 0.59 221
0 2 0.59 222
0 2 0.59 223
0 2 0.59 224
0 2 0.59 225
0 2 0.58 226
0 2 0.58 227
0 2 0.58 228
0 2 0.58 229
0 2 0.58 230
0 2 0.58 231
0 2 0.58 232
0 2 0.58 233
0 2 0.58 234
0 2 0.58 235
0 2 0.58 236
0 2 0.58 237
0 2 0.58 238
0 2 0.58 239
0 2 0.58 240
0 2 0.58 241
0 2 0.58 242
0 2 0.58 243
0 2 0.58 244
0 2 0.58 245
0 2 0.58 246
0 2 0.58 247
0 2 0.58 248
0 2 0.58 249
0 2 0.58 250
0 2 0.59 251
0 2 0.58 252
0 2 0.58 253
0 2 0.58 254
0 2 0.58 255
0 2 0.58 256
0 2 0.58 257
0 2 0.58 258
0 2 0.58 259
0 2 0.58 260
0 2 0.58 261
0 2 0.58 262
0 2 0.58 263
0 2 0.58 264
0 2 0.58 265
0 2 0.58 266
0 2 0.58 267
0 2 0.57 268
0 2 0.57 269
0 2 0.57 270
0 2 0.57 271
0 2 0.57 272
0 2 0.58 273
0 2 0.58 274
0 2 0.58 275
0 2 0.58 276
0 2 0.58 277
0 2 0.58 278
0 2 0.58 279
0 2 0.58 280
0 2 0.58 281
0 2 0.59 282
0 2 0.58 283
0 2 0.58 284
0 2 0.58 285
0 2 0.58 286
0 2 0.58 287
0 2 0.58 288
0 3 0.59 289
0 3 0.59 290
0 3 0.59 291
0 3 0.59 292
0 3 0.59 293
0 3 0.59 294
0 3 0.59 295
0 3 0.59 296
0 3 0.60 297
0 3 0.60 298
0 3 0.60 299
0 3 0.60 300
0 3 0.60 301
0 3 0.60 302
0 3 0.60 303
0 3 0.60 304
0 3 0.60 305
0 3 0.60 306
0 3 0.60 307
0 3 0.60 308
0 3 0.60 309
0 3 0.60 310
0 3 0.60 311
0 3 0.60 312
0 3 0.60 313
0 3 0.61 314
0 3 0.60 315
0 3 0.61 316
0 3 0.61 317
0 3 0.61 318
0 3 0.61 319
0 3 0.61 320
0 3 0.61 321
0 3 0.61 322
0 3 0.61 323
0 3 0.61 324
0 3 0.61 325
0 3 0.61 326
0 3 0.61 327
0 3 0.62 328
0 3 0.61 329
0 3 0.62 330
0 3 0.62 331
0 3 0.61 332
0 3 0.62 333
0 3 0.62 334
0 3 0.61 335
0 3 0.62 336
0 3 0.61 337
0 3 0.62 338
0 3 0.61 339
0 3 0.61 340
0 3 0.61 341
0 3 0.61 342
0 3 0.61 343
0 3 0.62 344
0 3 0.61 345
0 3 0.61 346
0 3 0.61 347
0 3 0.61 348
0 3 0.61 349
0 3 0.61 350
0 3 0.61 351
0 3 0.61 352
0 3 0.61 353
0 3 0.61 354
0 3 0.61 355
0 3 0.61 356
0 3 0.61 357
0 3 0.61 358
0 3 0.61 359
0 3 0.61 360
0 3 0.61 361
0 3 0.61 362
0 3 0.61 363
0 3 0.61 364
0 3 0.61 365
0 3 0.61 366
0 3 0.61 367
0 3 0.61 368
0 3 0.61 369
0 3 0.61 370
0 3 0.61 371
0 3 0.61 372
0 3 0.61 373
0 3 0.61 374
0 3 0.62 375
0 3 0.61 376
0 3 0.61 377
0 3 0.62 378
0 3 0.62 379
0 3 0.62 380
0 3 0.62 381
0 3 0.62 382
0 3 0.61 383
0 3 0.62 384
0 3 0.62 385
0 3 0.62 386
0 3 0.61 387
0 3 0.62 388
0 3 0.61 389
0 3 0.62 390
0 3 0.62 391
0 3 0.62 392
0 3 0.62 393
0 3 0.62 394
0 3 0.62 395
0 3 0.62 396
0 3 0.62 397
0 3 0.62 398
0 3 0.62 399
0 3 0.62 400
0 3 0.63 401
0 3 0.63 402
0 3 0.63 403
0 3 0.63 404
0 3 0.63 405
0 3 0.63 406
0 3 0.63 407
0 3 0.62 408
0 3 0.63 409
0 14 0.66 410
0 14 0.66 411
0 14 0.66 412
0 14 0.66 413
0 14 0.66 414
0 14 0.67 415
0 14 0.66 416
0 14 0.66 417
0 14 0.66 418
0 14 0.67 419
0 14 0.67 420
0 14 0.67 421
0 14 0.67 422
0 14 0.66 423
0 14 0.66 424
0 14 0.66 425
0 14 0.66 426
0 14 0.67 427
0 14 0.66 428
0 14 0.66 429
0 14 0.66 430
0 14 0.66 431
0 14 0.66 432
0 14 0.67 433
0 14 0.66 434
0 14 0.66 435
0 14 0.66 436
0 14 0.66 437
0 14 0.66 438
0 14 0.66 439
0 14 0.66 440
0 14 0.66 441
0 14 0.66 442
0 14 0.66 443
0 14 0.66 444
0 14 0.66 445
0 14 0.66 446
0 14 0.66 447
0 14 0.66 448
0 14 0.66 449
0 14 0.66 450
0 14 0.65 451
0 14 0.66 452
0 14 0.66 453
0 14 0.66 454
0 14 0.66 455
0 14 0.66 456
0 14 0.66 457
0 14 0.66 458
0 14 0.66 459
0 14 0.66 460
0 14 0.66 461
0 14 0.66 462
0 14 0.66 463
0 14 0.66 464
0 14 0.66 465
0 14 0.66 466
0 14 0.66 467
0 14 0.66 468
0 14 0.66 469
0 14 0.66 470
0 14 0.66 471
0 14 0.66 472
0 14 0.66 473
0 14 0.66 474
0 14 0.66 475
0 14 0.66 476
0 14 0.66 477
0 14 0.66 478
0 14 0.66 479
0 14 0.66 480
0 14 0.66 481
0 14 0.66 482
0 14 0.66 483
0 14 0.65 484
0 14 0.66 485
0 14 0.65 486
0 14 0.66 487
0 14 0.66 488
0 14 0.65 489
0 14 0.66 490
0 14 0.65 491
0 14 0.65 492
0 14 0.65 493
0 14 0.65 494
0 14 0.65 495
0 14 0.66 496
0 14 0.66 497
0 14 0.65 498
0 14 0.66 499
0 14 0.65 500
0 14 0.65 501
0 14 0.66 502
0 14 0.66 503
0 14 0.65 504
0 14 0.66 505
0 14 0.66 506
0 14 0.66 507
0 14 0.66 508
0 14 0.66 509
0 14 0.65 510
0 14 0.66 511
0 14 0.65 512
0 14 0.65 513
0 14 0.65 514
0 14 0.65 515
0 14 0.65 516
0 14 0.65 517
0 14 0.66 518
0 14 0.66 519
0 14 0.66 520
0 14 0.65 521
0 14 0.66 522
0 14 0.65 523
0 14 0.65 524
0 14 0.66 525
0 14 0.66 526
0 14 0.66 527
0 14 0.66 528
0 14 0.66 529
0 14 0.66 530
0 14 0.66 531
0 14 0.66 532
0 14 0.66 533
0 14 0.66 534
0 14 0.66 535
0 14 0.66 536
0 14 0.66 537
0 14 0.66 538
0 14 0.66 539
0 14 0.66 540
0 14 0.66 541
0 14 0.66 542
0 14 0.66 543
0 14 0.66 544
0 14 0.66 545
0 14 0.66 546
0 14 0.66 547
0 14 0.66 548
0 14 0.66 549
0 14 0.66 550
0 14 0.66 551
0 14 0.66 552
0 14 0.66 553
0 14 0.66 554
0 14 0.66 555
0 14 0.66 556
0 14 0.66 557
0 14 0.65 558
0 14 0.65 559
0 14 0.65 560
0 14 0.65 561
0 14 0.65 562
0 14 0.65 563
0 14 0.65 564
0 14 0.65 565
0 14 0.65 566
0 14 0.65 567
0 14 0.65 568
0 14 0.65 569
0 14 0.65 570
0 14 0.65 571
0 14 0.65 572
0 14 0.65 573
0 14 0.66 574
0 14 0.66 575
0 14 0.65 576
0 14 0.65 577
0 14 0.65 578
0 14 0.65 579
0 14 0.66 580
0 14 0.65 581
0 14 0.65 582
0 14 0.65 583
0 14 0.65 584
0 14 0.65 585
0 14 0.66 586
0 14 0.66 587
0 14 0.66 588
0 14 0.66 589
0 14 0.66 590
0 14 0.65 591
0 14 0.66 592
0 14 0.65 593
0 14 0.65 594
0 14 0.66 595
0 14 0.65 596
0 14 0.65 597
0 14 0.65 598
0 14 0.65 599
0 14 0.66 600
0 14 0.65 601
0 14 0.65 602
0 14 0.65 603
0 14 0.66 604
0 14 0.66 605
0 14 0.66 606
0 14 0.66 607
0 14 0.66 608
0 14 0.66 609
0 14 0.66 610
0 14 0.66 611
0 14 0.66 612
0 14 0.66 613
0 14 0.66 614
0 14 0.66 615
0 14 0.66 616
0 14 0.66 617
0 14 0.66 618
0 14 0.66 619
0 14 0.66 620
0 14 0.66 621
0 14 0.66 622
0 14 0.66 623
0 14 0.66 624
0 14 0.66 625
0 14 0.66 626
0 14 0.66 627
0 14 0.66 628
0 14 0.66 629
0 14 0.66 630
0 14 0.66 631
0 14 0.66 632
0 14 0.66 633
0 14 0.66 634
0 14 0.66 635
0 14 0.66 636
0 14 0.66 637
0 14 0.66 638
0 14 0.66 639
0 14 0.65 640
0 14 0.66 641
0 14 0.65 642
0 14 0.65 643
0 14 0.65 644
0 14 0.65 645
0 14 0.66 646
0 14 0.66 647
0 14 0.66 648
0 14 0.66 649
0 14 0.66 650
0 14 0.66 651
0 14 0.66 652
0 14 0.66 653
0 14 0.66 654
0 14 0.66 655
0 14 0.66 656
0 14 0.66 657
0 14 0.66 658
0 14 0.66 659
0 14 0.66 660
0 14 0.66 661
0 14 0.66 662
0 14 0.66 663
0 14 0.66 664
0 14 0.66 665
0 14 0.66 666
0 14 0.66 667
0 14 0.66 668
0 14 0.66 669
0 14 0.66 670
0 14 0.66 671
0 14 0.66 672
0 14 0.66 673
0 14 0.66 674
0 14 0.66 675
0 14 0.66 676
0 14 0.66 677
0 14 0.66 678
0 14 0.66 679
0 14 0.66 680
0 14 0.66 681
0 14 0.66 682
0 14 0.66 683
0 14 0.66 684
0 14 0.66 685
0 14 0.66 686
0 14 0.66 687
0 14 0.66 688
0 14 0.66 689
0 14 0.66 690
0 14 0.66 691
0 14 0.66 692
0 14 0.66 693
0 14 0.66 694
0 14 0.66 695
0 14 0.66 696
0 14 0.66 697
0 14 0.66 698
0 14 0.66 699
0 14 0.66 700
0 14 0.66 701
0 14 0.66 702
0 14 0.66 703
0 14 0.66 704
0 14 0.66 705
0 14 0.66 706
0 14 0.66 707
0 14 0.66 708
0 14 0.66 709
0 14 0.66 710
0 14 0.66 711
0 14 0.65 712
0 14 0.65 713
0 14 0.66 714
0 14 0.66 715
0 14 0.66 716
0 14 0.66 717
0 14 0.66 718
0 14 0.66 719
0 14 0.66 720
0 14 0.66 721
0 14 0.66 722
0 14 0.66 723
0 14 0.66 724
0 14 0.66 725
0 14 0.66 726
0 14 0.66 727
0 14 0.66 728
0 14 0.66 729
0 14 0.66 730
0 14 0.66 731
0 14 0.66 732
0 14 0.66 733
0 14 0.66 734
0 14 0.66 735
0 14 0.66 736
0 14 0.66 737
0 14 0.66 738
0 14 0.66 739
0 14 0.66 740
0 14 0.66 741
0 14 0.66 742
0 14 0.66 743
0 14 0.66 744
0 14 0.66 745
0 14 0.66 746
0 14 0.66 747
0 14 0.66 748
0 14 0.66 749
0 14 0.66 750
0 14 0.66 751
0 14 0.66 752
0 14 0.66 753
0 14 0.66 754
0 14 0.66 755
0 14 0.66 756
0 14 0.66 757
0 14 0.66 758
0 14 0.66 759
0 14 0.66 760
0 14 0.66 761
0 14 0.66 762
0 14 0.66 763
0 14 0.66 764
0 14 0.66 765
0 14 0.66 766
0 14 0.66 767
0 14 0.66 768
0 14 0.66 769
0 14 0.66 770
0 14 0.66 771
0 14 0.66 772
0 14 0.66 773
0 14 0.66 774
0 14 0.66 775
0 14 0.66 776
0 14 0.67 777
0 14 0.67 778
0 14 0.67 779
0 14 0.67 780
0 14 0.67 781
0 14 0.67 782
0 14 0.67 783
0 14 0.67 784
0 14 0.66 785
0 14 0.67 786
0 14 0.67 787
0 14 0.67 788
0 14 0.67 789
0 14 0.67 790
0 14 0.66 791
0 14 0.67 792
0 14 0.66 793
0 14 0.66 794
0 14 0.66 795
0 14 0.66 796
0 14 0.66 797
0 14 0.66 798
0 14 0.66 799
0 14 0.67 800
0 14 0.67 801
0 14 0.67 802
0 14 0.67 803
0 14 0.67 804
0 14 0.67 805
0 14 0.67 806
0 14 0.67 807
0 14 0.67 808
0 14 0.67 809
0 14 0.67 810
0 14 0.67 811
0 14 0.67 812
0 14 0.67 813
0 14 0.67 814
0 14 0.67 815
0 14 0.67 816
0 14 0.67 817
0 14 0.67 818
0 14 0.67 819
0 14 0.67 820
0 14 0.67 821
0 14 0.67 822
0 14 0.67 823
0 14 0.67 824
0 14 0.67 825
0 14 0.67 826
0 14 0.67 827
0 14 0.67 828
0 14 0.67 829
0 14 0.67 830
0 14 0.67 831
0 14 0.67 832
0 14 0.67 833
0 14 0.67 834
0 14 0.67 835
0 14 0.67 836
0 14 0.67 837
0 14 0.66 838
0 14 0.67 839
0 14 0.66 840
0 14 0.66 841
0 14 0.66 842
0 14 0.66 843
0 14 0.66 844
0 14 0.66 845
0 14 0.67 846
0 14 0.66 847
0 14 0.67 848
0 14 0.67 849
0 14 0.67 850
0 14 0.67 851
0 14 0.67 852
0 14 0.67 853
0 14 0.67 854
0 14 0.67 855
0 14 0.67 856
0 14 0.67 857
0 14 0.67 858
0 14 0.67 859
0 14 0.67 860
0 14 0.67 861
0 14 0.67 862
0 14 0.67 863
0 14 0.67 864
0 14 0.67 865
0 14 0.67 866
0 14 0.67 867
0 14 0.67 868
0 14 0.67 869
0 14 0.67 870
0 14 0.67 871
0 14 0.67 872
0 14 0.67 873
0 14 0.67 874
0 14 0.67 875
0 14 0.67 876
0 14 0.67 877
0 14 0.67 878
0 14 0.67 879
0 14 0.67 880
0 14 0.67 881
0 14 0.67 882
0 14 0.67 883
0 14 0.67 884
0 14 0.67 885
0 14 0.67 886
0 14 0.67 887
0 14 0.67 888
0 14 0.67 889
0 14 0.68 890
0 14 0.67 891
0 14 0.67 892
0 14 0.67 893
0 14 0.67 894
0 14 0.67 895
0 14 0.67 896
0 14 0.67 897
0 14 0.67 898
0 14 0.67 899
0 14 0.67 900
0 14 0.67 901
0 14 0.67 902
0 14 0.67 903
0 14 0.67 904
0 14 0.67 905
0 14 0.67 906
0 14 0.67 907
0 14 0.67 908
0 14 0.67 909
0 14 0.67 910
0 14 0.67 911
0 14 0.67 912
0 14 0.67 913
0 14 0.67 914
0 14 0.67