3 3 3.00 1
0 3 1.50 2
0 3 1.00 3
0 3 1.00 4
0 3 0.80 5
0 3 0.83 6
0 3 0.71 7
0 3 0.75 8
0 3 0.67 9
0 3 0.70 10
0 3 0.64 11
0 3 0.67 12
0 3 0.69 13
0 3 0.64 14
0 3 0.67 15
0 3 0.69 16
0 3 0.71 17
0 3 0.67 18
0 3 0.63 19
0 3 0.65 20
0 3 0.62 21
0 3 0.64 22
0 3 0.61 23
0 3 0.58 24
0 3 0.56 25
0 3 0.58 26
0 3 0.56 27
0 3 0.57 28
0 3 0.59 29
0 3 0.60 30
0 3 0.58 31
0 3 0.56 32
0 3 0.58 33
0 3 0.56 34
0 3 0.54 35
0 3 0.56 36
0 3 0.57 37
0 3 0.55 38
0 3 0.54 39
0 3 0.55 40
0 3 0.54 41
0 3 0.52 42
0 3 0.53 43
0 3 0.52 44
0 3 0.51 45
0 3 0.52 46
0 3 0.53 47
0 3 0.54 48
0 3 0.55 49
0 3 0.56 50
0 3 0.55 51
0 3 0.56 52
0 3 0.57 53
0 3 0.57 54
0 3 0.58 55
0 3 0.59 56
0 3 0.58 57
0 3 0.59 58
0 3 0.58 59
0 3 0.58 60
0 3 0.59 61
0 3 0.58 62
0 3 0.59 63
0 3 0.59 64
0 3 0.58 65
0 3 0.59 66
0 3 0.60 67
0 3 0.59 68
0 3 0.59 69
0 3 0.59 70
0 3 0.58 71
0 3 0.57 72
0 3 0.59 73
0 3 0.58 74
0 3 0.57 75
0 3 0.57 76
0 3 0.56 77
0 3 0.56 78
0 3 0.57 79
0 3 0.56 80
0 3 0.56 81
0 3 0.55 82
0 3 0.54 83
0 3 0.55 84
0 3 0.54 85
0 3 0.53 86
0 3 0.55 87
0 3 0.55 88
0 3 0.55 89
0 3 0.54 90
0 3 0.55 91
0 3 0.54 92
0 3 0.54 93
0 3 0.53 94
0 3 0.54 95
0 3 0.53 96
0 3 0.55 97
0 3 0.56 98
0 3 0.56 99
0 3 0.55 100
0 3 0.56 101
0 3 0.56 102
0 3 0.55 103
0 3 0.56 104
0 3 0.55 105
0 3 0.56 106
0 3 0.55 107
0 3 0.56 108
0 3 0.55 109
0 3 0.55 110
0 3 0.55 111
0 3 0.55 112
0 3 0.57 113
0 3 0.56 114
0 3 0.57 115
0 3 0.57 116
0 3 0.57 117
0 3 0.57 118
0 3 0.56 119
0 3 0.57 120
0 3 0.57 121
0 3 0.57 122
0 3 0.57 123
0 3 0.56 124
0 3 0.57 125
0 3 0.56 126
0 3 0.57 127
0 3 0.57 128
0 3 0.57 129
0 3 0.58 130
0 3 0.57 131
0 3 0.57 132
0 3 0.57 133
0 3 0.57 134
0 3 0.56 135
0 3 0.56 136
0 3 0.56 137
0 3 0.56 138
0 3 0.56 139
0 3 0.56 140
0 3 0.56 141
0 3 0.56 142
0 3 0.56 143
0 3 0.56 144
0 3 0.57 145
0 3 0.56 146
0 3 0.56 147
0 3 0.56 148
0 3 0.56 149
0 3 0.56 150
0 3 0.56 151
0 3 0.56 152
0 3 0.56 153
0 3 0.56 154
0 3 0.55 155
0 3 0.56 156
0 3 0.56 157
0 3 0.56 158
0 3 0.56 159
0 3 0.56 160
0 3 0.55 161
0 3 0.56 162
0 3 0.55 163
0 3 0.55 164
0 3 0.55 165
0 3 0.55 166
0 3 0.54 167
0 3 0.54 168
0 3 0.54 169
0 3 0.54 170
0 3 0.54 171
0 3 0.55 172
0 3 0.54 173
0 3 0.54 174
0 3 0.54 175
0 3 0.54 176
0 3 0.54 177
0 3 0.54 178
0 3 0.54 179
0 3 0.54 180
0 3 0.54 181
0 3 0.54 182
0 3 0.54 183
0 3 0.54 184
0 3 0.54 185
0 3 0.54 186
0 3 0.54 187
0 3 0.54 188
0 3 0.54 189
0 3 0.54 190
0 3 0.54 191
0 3 0.55 192
0 3 0.54 193
0 3 0.54 194
0 3 0.54 195
0 3 0.54 196
0 3 0.53 197
0 3 0.53 198
0 3 0.53 199
0 3 0.54 200
0 3 0.54 201
0 3 0.53 202
0 3 0.53 203
0 3 0.53 204
0 3 0.53 205
0 3 0.53 206
0 3 0.53 207
0 3 0.52 208
0 3 0.52 209
0 3 0.52 210
0 3 0.52 211
0 3 0.52 212
0 3 0.52 213
0 3 0.52 214
0 3 0.52 215
0 3 0.52 216
0 3 0.52 217
0 3 0.52 218
0 3 0.52 219
0 3 0.52 220
0 3 0.52 221
0 3 0.52 222
0 3 0.52 223
0 3 0.52 224
0 3 0.52 225
0 3 0.51 226
0 3 0.51 227
0 3 0.51 228
0 3 0.51 229
0 3 0.51 230
0 3 0.51 231
0 3 0.51 232
0 3 0.51 233
0 3 0.51 234
0 3 0.51 235
0 3 0.51 236
0 3 0.51 237
0 3 0.52 238
0 3 0.52 239
0 3 0.52 240
0 3 0.51 241
0 3 0.51 242
0 3 0.51 243
0 3 0.51 244
0 3 0.51 245
0 3 0.51 246
0 3 0.51 247
0 3 0.51 248
0 3 0.51 249
0 3 0.51 250
0 3 0.51 251
0 3 0.51 252
0 3 0.51 253
0 3 0.51 254
0 3 0.51 255
0 3 0.51 256
0 3 0.51 257
0 3 0.51 258
0 3 0.51 259
0 3 0.50 260
0 3 0.51 261
0 3 0.50 262
0 3 0.50 263
0 3 0.51 264
0 3 0.51 265
0 3 0.51 266
0 3 0.51 267
0 3 0.51 268
0 3 0.51 269
0 3 0.51 270
0 3 0.51 271
0 3 0.51 272
0 3 0.52 273
0 3 0.51 274
0 3 0.51 275
0 3 0.51 276
0 3 0.51 277
0 3 0.51 278
0 3 0.51 279
0 3 0.51 280
0 3 0.51 281
0 3 0.51 282
0 3 0.51 283
0 3 0.51 284
0 3 0.51 285
0 3 0.51 286
0 3 0.51 287
0 3 0.51 288
0 3 0.51 289
0 3 0.51 290
0 3 0.51 291
0 3 0.51 292
0 3 0.51 293
0 3 0.51 294
0 3 0.51 295
0 3 0.51 296
0 3 0.51 297
0 3 0.51 298
0 3 0.51 299
0 3 0.51 300
0 3 0.51 301
0 3 0.51 302
0 3 0.51 303
0 3 0.51 304
0 3 0.51 305
0 3 0.51 306
0 3 0.51 307
0 3 0.51 308
0 3 0.51 309
0 3 0.51 310
0 3 0.51 311
0 3 0.52 312
0 3 0.51 313
0 3 0.52 314
0 3 0.52 315
0 3 0.52 316
0 3 0.52 317
0 3 0.52 318
0 3 0.52 319
0 3 0.52 320
0 3 0.52 321
0 3 0.52 322
0 3 0.51 323
0 3 0.51 324
0 3 0.51 325
0 3 0.51 326
0 3 0.51 327
0 3 0.51 328
0 3 0.51 329
0 3 0.51 330
0 3 0.51 331
0 3 0.51 332
0 3 0.51 333
0 3 0.51 334
0 3 0.51 335
0 3 0.51 336
0 3 0.51 337
0 3 0.51 338
0 3 0.50 339
0 3 0.50 340
0 3 0.50 341
0 3 0.50 342
0 3 0.50 343
0 3 0.50 344
0 3 0.51 345
0 3 0.51 346
0 3 0.51 347
0 3 0.51 348
0 3 0.51 349
0 3 0.51 350
0 3 0.51 351
0 3 0.51 352
0 3 0.51 353
0 3 0.51 354
0 3 0.52 355
0 3 0.51 356
0 3 0.52 357
0 3 0.52 358
0 3 0.52 359
0 3 0.52 360
0 3 0.52 361
0 3 0.52 362
0 3 0.52 363
0 3 0.52 364
0 3 0.52 365
0 3 0.51 366
0 3 0.51 367
0 3 0.51 368
0 3 0.51 369
0 3 0.51 370
0 3 0.51 371
0 3 0.51 372
0 3 0.51 373
0 3 0.51 374
0 3 0.51 375
0 3 0.51 376
0 3 0.51 377
0 3 0.51 378
0 3 0.51 379
0 3 0.51 380
0 3 0.51 381
0 3 0.51 382
0 3 0.51 383
0 3 0.51 384
0 3 0.51 385
0 3 0.51 386
0 3 0.51 387
0 3 0.51 388
0 3 0.51 389
0 3 0.51 390
0 3 0.51 391
0 3 0.51 392
0 3 0.51 393
0 3 0.51 394
0 3 0.51 395
0 3 0.51 396
0 3 0.51 397
0 3 0.51 398
0 3 0.51 399
0 3 0.51 400
0 3 0.51 401
0 3 0.51 402
0 3 0.51 403
0 3 0.51 404
0 3 0.51 405
0 3 0.51 406
0 3 0.51 407
0 3 0.50 408
0 3 0.50 409
0 3 0.50 410
0 3 0.50 411
0 3 0.50 412
0 3 0.50 413
0 3 0.50 414
0 3 0.50 415
0 3 0.50 416
0 3 0.50 417
0 3 0.50 418
0 3 0.50 419
0 3 0.50 420
0 3 0.50 421
0 3 0.50 422
0 3 0.50 423
0 3 0.50 424
0 3 0.50 425
0 3 0.50 426
0 3 0.50 427
0 3 0.50 428
0 3 0.50 429
0 3 0.50 430
0 3 0.50 431
0 3 0.50 432
0 3 0.49 433
0 3 0.50 434
0 3 0.49 435
0 3 0.50 436
0 3 0.49 437
0 3 0.50 438
0 3 0.50 439
0 3 0.50 440
0 3 0.50 441
0 3 0.50 442
0 3 0.50 443
0 3 0.50 444
0 3 0.50 445
0 3 0.50 446
0 3 0.49 447
0 3 0.49 448
0 3 0.49 449
0 3 0.49 450
0 3 0.49 451
0 3 0.49 452
0 3 0.49 453
0 3 0.49 454
0 3 0.49 455
0 3 0.49 456
0 3 0.49 457
0 3 0.49 458
0 3 0.49 459
0 3 0.49 460
0 3 0.49 461
0 3 0.50 462
0 3 0.49 463
0 3 0.50 464
0 3 0.49 465
0 3 0.49 466
0 3 0.49 467
0 3 0.49 468
0 3 0.49 469
0 3 0.49 470
0 3 0.49 471
0 3 0.49 472
0 3 0.49 473
0 3 0.49 474
0 3 0.49 475
0 3 0.49 476
0 3 0.49 477
0 3 0.49 478
0 3 0.49 479
0 3 0.49 480
0 3 0.49 481
0 3 0.49 482
0 3 0.49 483
0 3 0.49 484
0 3 0.48 485
0 3 0.48 486
0 3 0.48 487
0 3 0.48 488
0 3 0.48 489
0 3 0.48 490
0 3 0.48 491
0 3 0.48 492
0 3 0.48 493
0 3 0.48 494
0 3 0.48 495
0 3 0.48 496
0 3 0.48 497
0 3 0.48 498
0 3 0.48 499
0 3 0.48 500
0 3 0.48 501
0 3 0.48 502
0 3 0.48 503
0 3 0.48 504
0 3 0.48 505
0 3 0.48 506
0 3 0.48 507
0 3 0.48 508
0 3 0.48 509
0 3 0.48 510
0 3 0.48 511
0 3 0.48 512
0 3 0.48 513
0 3 0.48 514
0 3 0.48 515
0 3 0.48 516
0 3 0.48 517
0 3 0.48 518
0 3 0.48 519
0 3 0.48 520
0 3 0.48 521
0 3 0.48 522
0 3 0.48 523
0 3 0.48 524
0 3 0.48 525
0 3 0.48 526
0 3 0.48 527
0 3 0.48 528
0 3 0.48 529
0 3 0.48 530
0 3 0.48 531
0 3 0.48 532
0 3 0.48 533
0 3 0.49 534
0 3 0.49 535
0 3 0.49 536
0 3 0.48 537
0 3 0.49 538
0 3 0.48 539
0 3 0.48 540
0 3 0.48 541
0 3 0.48 542
0 3 0.48 543
0 3 0.48 544
0 3 0.48 545
0 3 0.48 546
0 3 0.48 547
0 3 0.48 548
0 3 0.48 549
0 3 0.48 550
0 3 0.48 551
0 3 0.48 552
0 3 0.48 553
0 3 0.48 554
0 3 0.48 555
0 3 0.48 556
0 3 0.48 557
0 3 0.48 558
0 3 0.48 559
0 3 0.48 560
0 3 0.48 561
0 3 0.48 562
0 3 0.48 563
0 3 0.48 564
0 3 0.48 565
0 3 0.48 566
0 3 0.48 567
0 3 0.48 568
0 3 0.47 569
0 3 0.47 570
0 3 0.47 571
0 3 0.47 572
0 3 0.47 573
0 3 0.47 574
0 3 0.47 575
0 3 0.47 576
0 3 0.47 577
0 3 0.47 578
0 3 0.47 579
0 3 0.47 580
0 3 0.47 581
0 3 0.47 582
0 3 0.47 583
0 3 0.47 584
0 3 0.47 585
0 3 0.47 586
0 3 0.47 587
0 3 0.47 588
0 3 0.48 589
0 3 0.47 590
0 3 0.48 591
0 3 0.48 592
0 3 0.48 593
0 3 0.48 594
0 3 0.48 595
0 3 0.47 596
0 3 0.47 597
0 3 0.47 598
0 3 0.47 599
0 3 0.47 600
0 3 0.47 601
0 3 0.48 602
0 3 0.48 603
0 3 0.48 604
0 3 0.47 605
0 3 0.47 606
0 3 0.47 607
0 3 0.47 608
0 3 0.47 609
0 3 0.47 610
0 3 0.47 611
0 3 0.47 612
0 3 0.47 613
0 3 0.47 614
0 3 0.47 615
0 3 0.48 616
0 3 0.47 617
0 3 0.47 618
0 3 0.47 619
0 3 0.47 620
0 3 0.47 621
0 3 0.47 622
0 3 0.47 623
0 3 0.47 624
0 3 0.47 625
0 3 0.47 626
0 3 0.47 627
0 3 0.47 628
0 3 0.47 629
0 3 0.47 630
0 3 0.47 631
0 3 0.47 632
0 3 0.47 633
0 3 0.47 634
0 3 0.47 635
0 3 0.47 636
0 3 0.47 637
0 3 0.47 638
0 3 0.47 639
0 3 0.47 640
0 3 0.47 641
0 3 0.47 642
0 3 0.47 643
0 3 0.48 644
0 3 0.48 645
0 3 0.48 646
0 3 0.48 647
0 3 0.48 648
0 3 0.48 649
0 3 0.48 650
0 3 0.48 651
0 3 0.48 652
0 3 0.48 653
0 3 0.48 654
0 3 0.48 655
0 3 0.48 656
0 3 0.48 657
0 3 0.48 658
0 3 0.48 659
0 3 0.48 660
0 3 0.48 661
0 3 0.48 662
0 3 0.48 663
0 3 0.48 664
0 3 0.48 665
0 3 0.48 666
0 3 0.48 667
0 3 0.48 668
0 3 0.48 669
0 3 0.48 670
0 3 0.48 671
0 3 0.48 672
0 3 0.48 673
0 3 0.49 674
0 3 0.48 675
0 3 0.48 676
0 3 0.48 677
0 3 0.48 678
0 3 0.48 679
0 3 0.48 680
0 3 0.48 681
0 3 0.48 682
0 3 0.48 683
0 3 0.48 684
0 3 0.48 685
0 3 0.48 686
0 3 0.48 687
0 3 0.48 688
0 3 0.48 689
0 3 0.48 690
0 3 0.48 691
0 3 0.48 692
0 3 0.48 693
0 3 0.48 694
0 3 0.48 695
0 3 0.48 696
0 3 0.48 697
0 3 0.48 698
0 3 0.48 699
0 3 0.48 700
0 3 0.48 701
0 3 0.48 702
0 3 0.48 703
0 3 0.48 704
0 3 0.49 705
0 3 0.49 706
0 3 0.49 707
0 3 0.49 708
0 3 0.49 709
0 3 0.49 710
0 3 0.49 711
0 3 0.49 712
0 3 0.49 713
0 3 0.49 714
0 3 0.49 715
0 3 0.49 716
0 3 0.49 717
0 3 0.49 718
0 3 0.49 719
0 3 0.49 720
0 3 0.49 721
0 3 0.48 722
0 3 0.48 723
0 3 0.48 724
0 3 0.48 725
0 3 0.48 726
0 3 0.48 727
0 3 0.48 728
0 3 0.48 729
0 3 0.48 730
0 3 0.48 731
0 3 0.48 732
0 3 0.48 733
0 3 0.48 734
0 3 0.48 735
0 3 0.48 736
0 3 0.48 737
0 3 0.48 738
0 3 0.48 739
0 3 0.48 740
0 3 0.48 741
0 3 0.48 742
0 3 0.48 743
0 3 0.48 744
0 3 0.48 745
0 3 0.48 746
0 3 0.48 747
0 3 0.48 748
0 3 0.48 749
0 3 0.48 750
0 3 0.48 751
0 3 0.48 752
0 3 0.48 753
0 3 0.48 754
0 3 0.48 755
0 3 0.48 756
0 3 0.48 757
0 3 0.48 758
0 3 0.48 759
0 3 0.48 760
0 3 0.48 761
0 3 0.48 762
0 3 0.48 763
0 3 0.48 764
0 3 0.48 765
0 3 0.48 766
0 3 0.48 767
0 3 0.48 768
0 3 0.48 769
0 3 0.48 770
0 3 0.48 771
0 3 0.48 772
0 3 0.48 773
0 3 0.48 774
0 3 0.48 775
0 3 0.48 776
0 3 0.48 777
0 3 0.48 778
0 3 0.48 779
0 3 0.48 780
0 3 0.48 781
0 3 0.48 782
0 3 0.48 783
0 3 0.48 784
0 3 0.48 785
0 3 0.48 786
0 3 0.48 787
0 3 0.48 788
0 3 0.48 789
0 3 0.48 790
0 3 0.49 791
0 3 0.48 792
0 3 0.48 793
0 3 0.48 794
0 3 0.48 795
0 3 0.48 796
0 3 0.48 797
0 3 0.48 798
0 3 0.48 799
0 3 0.48 800
0 3 0.48 801
0 3 0.48 802
0 3 0.48 803
0 3 0.49 804
0 3 0.48 805
0 3 0.49 806
0 3 0.48 807
0 3 0.48 808
0 3 0.48 809
0 3 0.49 810
0 3 0.48 811
0 3 0.49 812
0 3 0.49 813
0 3 0.49 814
0 3 0.49 815
0 3 0.49 816
0 3 0.49 817
0 3 0.49 818
0 3 0.49 819
0 3 0.49 820
0 3 0.49 821
0 3 0.49 822
0 3 0.49 823
0 3 0.49 824
0 3 0.49 825
0 3 0.49 826
0 3 0.49 827
0 3 0.49 828
0 3 0.49 829
0 3 0.49 830
0 3 0.49 831
0 3 0.49 832
0 3 0.49 833
0 3 0.49 834
0 3 0.49 835
0 3 0.49 836
0 3 0.49 837
0 3 0.49 838
0 3 0.49 839
0 3 0.49 840
0 3 0.49 841
0 3 0.49 842
0 3 0.49 843
0 3 0.49 844
0 3 0.49 845
0 3 0.49 846
0 3 0.49 847
0 3 0.49 848
0 3 0.49 849
0 3 0.49 850
0 3 0.49 851
0 3 0.49 852
0 3 0.49 853
0 3 0.49 854
0 3 0.49 855
0 3 0.49 856
0 3 0.49 857
0 3 0.49 858
0 3 0.49 859
0 3 0.49 860
0 3 0.49 861
0 3 0.49 862
0 3 0.49 863
0 3 0.49 864
0 3 0.49 865
0 3 0.48 866
0 3 0.49 867
0 3 0.49 868
0 3 0.48 869
0 3 0.48 870
0 3 0.48 871
0 3 0.49 872
0 3 0.48 873
0 3 0.48 874
0 3 0.48 875
0 3 0.48 876
0 3 0.48 877
0 3 0.48 878
0 3 0.48 879
0 3 0.48 880
0 3 0.48 881
0 3 0.48 882
0 3 0.48 883
0 3 0.48 884
0 3 0.48 885
0 3 0.48 886
0 3 0.48 887
0 3 0.48 888
0 11 0.49 889
0 11 0.49 890
0 11 0.49 891
0 11 0.50 892
0 11 0.50 893
0 11 0.50 894
0 11 0.50 895
0 11 0.50 896
0 11 0.50 897
0 11 0.50 898
0 11 0.50 899
0 11 0.50 900
0 11 0.50 901
0 11 0.50 902
0 11 0.50 903
0 11 0.50 904
0 11 0.50 905
0 11 0.50 906
0 11 0.50 907
0 11 0.50 908
0 11 0.50 909
0 11 0.50 910
0 11 0.50 911
0 11 0.50 912
0 11 0.50 913
0 11 0.50 914
0 11 0.50 915
0 11 0.49 916
0 11 0.50 917
0 11 0.49 918
0 11 0.50 919
0 11 0.49 920
0 11 0.49 921
0 11 0.49 922
0 11 0.50 923
0 11 0.49 924
0 11 0.50 925
0 11 0.49 926
0 11 0.50 927
0 11 0.49 928
0 11 0.50 929
0 11 0.50 930
0 11 0.50 931
0 11 0.50 932
0 11 0.50 933
0 11 0.49 934
0 11 0.50 935
0 11 0.49 936
0 11 0.50 937
0 11 0.50 938
0 11 0.50 939
0 11 0.49 940
0 11 0.49 941
0 11 0.49 942
0 11 0.49 943
0 11 0.49 944
0 11 0.49 945
0 11 0.49 946
0 11 0.49 947
0 11 0.49 948
0 11 0.49 94