0 0 0.00 1
0 1 0.50 2
0 1 0.67 3
0 1 0.50 4
0 1 0.60 5
0 1 0.67 6
0 1 0.57 7
0 1 0.62 8
0 2 0.78 9
0 2 0.80 10
0 2 0.82 11
0 2 0.83 12
0 2 0.85 13
0 2 0.93 14
0 2 0.93 15
0 2 0.94 16
0 2 0.94 17
0 2 0.94 18
0 2 0.95 19
0 2 0.95 20
0 4 1.10 21
0 4 1.09 22
0 4 1.04 23
0 4 1.04 24
0 4 1.04 25
0 4 1.04 26
0 4 1.00 27
0 4 1.00 28
0 4 1.03 29
0 4 1.03 30
0 4 1.06 31
0 4 1.03 32
0 4 1.03 33
0 4 1.03 34
0 4 1.03 35
0 4 1.03 36
0 4 1.03 37
0 4 1.05 38
0 4 1.05 39
0 4 1.05 40
0 4 1.05 41
0 4 1.02 42
0 4 1.02 43
0 4 1.02 44
0 4 1.00 45
0 4 1.00 46
0 4 1.00 47
0 4 1.00 48
0 4 1.00 49
0 4 0.98 50
0 4 1.00 51
0 4 1.00 52
0 4 1.00 53
0 4 0.98 54
0 4 0.98 55
0 4 0.98 56
0 4 0.98 57
0 4 0.98 58
0 4 0.97 59
0 4 0.97 60
0 4 0.97 61
0 4 0.97 62
0 4 0.95 63
0 4 0.95 64
0 4 0.95 65
0 4 0.95 66
0 4 0.96 67
0 4 0.97 68
0 4 0.97 69
0 4 0.97 70
0 4 0.97 71
0 4 0.97 72
0 4 0.97 73
0 4 0.96 74
0 4 0.96 75
0 4 0.97 76
0 4 0.97 77
0 4 0.97 78
0 4 0.97 79
0 4 0.97 80
0 4 0.98 81
0 4 0.98 82
0 4 0.98 83
0 4 0.98 84
0 4 0.96 85
0 4 0.98 86
0 4 0.98 87
0 4 0.98 88
0 4 0.98 89
0 4 0.97 90
0 4 0.98 91
0 4 0.97 92
0 4 0.97 93
0 4 0.97 94
0 4 0.96 95
0 4 0.96 96
0 4 0.96 97
0 4 0.96 98
0 4 0.95 99
0 4 0.96 100
0 4 0.95 101
0 4 0.95 102
0 4 0.95 103
0 4 0.95 104
0 4 0.95 105
0 4 0.95 106
0 4 0.95 107
0 4 0.95 108
0 4 0.96 109
0 4 0.96 110
0 4 0.96 111
0 4 0.96 112
0 4 0.97 113
0 4 0.96 114
0 4 0.97 115
0 4 0.97 116
0 4 0.97 117
0 4 0.97 118
0 4 0.97 119
0 4 0.96 120
0 4 0.96 121
0 4 0.96 122
0 4 0.97 123
0 4 0.96 124
0 4 0.95 125
0 4 0.95 126
0 4 0.96 127
0 4 0.96 128
0 4 0.96 129
0 4 0.96 130
0 4 0.96 131
0 4 0.97 132
0 4 0.97 133
0 4 0.97 134
0 4 0.96 135
0 4 0.96 136
0 4 0.97 137
0 4 0.96 138
0 4 0.96 139
0 4 0.96 140
0 4 0.96 141
0 4 0.95 142
0 4 0.95 143
0 4 0.96 144
0 4 0.96 145
0 4 0.96 146
0 4 0.96 147
0 4 0.97 148
0 4 0.97 149
0 4 0.97 150
0 4 0.97 151
0 4 0.97 152
0 4 0.97 153
0 4 0.97 154
0 4 0.97 155
0 4 0.97 156
0 4 0.97 157
0 4 0.97 158
0 4 0.97 159
0 4 0.97 160
0 4 0.97 161
0 4 0.97 162
0 4 0.97 163
0 4 0.96 164
0 4 0.96 165
0 4 0.96 166
0 4 0.95 167
0 4 0.95 168
0 4 0.95 169
0 4 0.95 170
0 4 0.95 171
0 4 0.94 172
0 4 0.94 173
0 4 0.94 174
0 4 0.94 175
0 4 0.94 176
0 4 0.94 177
0 4 0.93 178
0 4 0.93 179
0 4 0.93 180
0 4 0.93 181
0 4 0.93 182
0 4 0.92 183
0 4 0.92 184
0 4 0.92 185
0 4 0.93 186
0 4 0.93 187
0 4 0.93 188
0 4 0.93 189
0 4 0.93 190
0 4 0.93 191
0 4 0.93 192
0 4 0.93 193
0 4 0.93 194
0 4 0.93 195
0 4 0.93 196
0 4 0.93 197
0 4 0.93 198
0 4 0.93 199
0 4 0.94 200
0 4 0.94 201
0 4 0.94 202
0 4 0.94 203
0 4 0.94 204
0 4 0.94 205
0 4 0.94 206
0 4 0.94 207
0 4 0.93 208
0 4 0.93 209
0 4 0.94 210
0 4 0.94 211
0 4 0.94 212
0 4 0.94 213
0 4 0.94 214
0 4 0.94 215
0 4 0.94 216
0 4 0.94 217
0 4 0.94 218
0 4 0.95 219
0 4 0.95 220
0 4 0.95 221
0 4 0.94 222
0 4 0.94 223
0 4 0.94 224
0 4 0.94 225
0 4 0.94 226
0 4 0.94 227
0 4 0.94 228
0 4 0.94 229
0 4 0.94 230
0 4 0.95 231
0 4 0.95 232
0 4 0.95 233
0 4 0.95 234
0 4 0.95 235
0 4 0.96 236
0 4 0.96 237
0 4 0.96 238
0 4 0.95 239
0 4 0.95 240
0 4 0.95 241
0 4 0.95 242
0 4 0.94 243
0 4 0.94 244
0 4 0.94 245
0 4 0.94 246
0 4 0.94 247
0 4 0.94 248
0 4 0.94 249
0 4 0.94 250
0 4 0.94 251
0 4 0.94 252
0 4 0.94 253
0 4 0.94 254
0 4 0.94 255
0 4 0.94 256
0 4 0.94 257
0 4 0.94 258
0 4 0.95 259
0 4 0.95 260
0 4 0.95 261
0 4 0.95 262
0 4 0.95 263
0 4 0.95 264
0 4 0.95 265
0 4 0.95 266
0 4 0.94 267
0 4 0.94 268
0 4 0.94 269
0 4 0.94 270
0 4 0.94 271
0 4 0.94 272
0 4 0.95 273
0 4 0.95 274
0 4 0.95 275
0 4 0.95 276
0 4 0.95 277
0 4 0.95 278
0 4 0.95 279
0 4 0.95 280
0 4 0.95 281
0 4 0.95 282
0 4 0.95 283
0 4 0.95 284
0 4 0.95 285
0 4 0.95 286
0 4 0.95 287
0 4 0.95 288
0 4 0.96 289
0 4 0.96 290
0 4 0.96 291
0 4 0.95 292
0 4 0.95 293
0 4 0.95 294
0 4 0.95 295
0 4 0.95 296
0 4 0.95 297
0 4 0.95 298
0 4 0.95 299
0 4 0.95 300
0 4 0.95 301
0 4 0.95 302
0 4 0.95 303
0 4 0.95 304
0 4 0.95 305
0 4 0.95 306
0 4 0.95 307
0 4 0.95 308
0 4 0.94 309
0 4 0.94 310
0 4 0.94 311
0 4 0.94 312
0 4 0.94 313
0 4 0.94 314
0 4 0.94 315
0 4 0.93 316
0 4 0.93 317
0 4 0.93 318
0 4 0.93 319
0 4 0.93 320
0 4 0.94 321
0 4 0.94 322
0 4 0.94 323
0 4 0.94 324
0 4 0.94 325
0 4 0.94 326
0 4 0.94 327
0 4 0.94 328
0 4 0.94 329
0 4 0.94 330
0 4 0.94 331
0 4 0.94 332
0 4 0.94 333
0 4 0.94 334
0 4 0.93 335
0 4 0.93 336
0 4 0.93 337
0 4 0.93 338
0 4 0.93 339
0 4 0.93 340
0 4 0.93 341
0 4 0.93 342
0 4 0.93 343
0 4 0.93 344
0 4 0.93 345
0 4 0.93 346
0 4 0.93 347
0 4 0.93 348
0 4 0.93 349
0 4 0.93 350
0 4 0.93 351
0 4 0.93 352
0 4 0.93 353
0 4 0.93 354
0 4 0.93 355
0 4 0.93 356
0 4 0.93 357
0 4 0.93 358
0 4 0.93 359
0 4 0.93 360
0 4 0.93 361
0 4 0.93 362
0 4 0.93 363
0 4 0.93 364
0 4 0.93 365
0 4 0.93 366
0 4 0.93 367
0 4 0.93 368
0 4 0.93 369
0 4 0.93 370
0 4 0.93 371
0 4 0.92 372
0 4 0.92 373
0 4 0.93 374
0 4 0.93 375
0 4 0.93 376
0 4 0.93 377
0 4 0.93 378
0 4 0.93 379
0 4 0.93 380
0 4 0.93 381
0 4 0.93 382
0 4 0.92 383
0 4 0.92 384
0 4 0.92 385
0 4 0.92 386
0 4 0.93 387
0 4 0.93 388
0 4 0.92 389
0 4 0.92 390
0 4 0.92 391
0 4 0.92 392
0 4 0.92 393
0 4 0.92 394
0 4 0.92 395
0 4 0.92 396
0 4 0.93 397
0 4 0.93 398
0 4 0.92 399
0 4 0.93 400
0 4 0.93 401
0 4 0.92 402
0 4 0.92 403
0 4 0.92 404
0 4 0.93 405
0 4 0.93 406
0 4 0.93 407
0 4 0.93 408
0 4 0.93 409
0 4 0.93 410
0 4 0.93 411
0 4 0.93 412
0 4 0.93 413
0 4 0.93 414
0 4 0.93 415
0 4 0.93 416
0 4 0.93 417
0 4 0.93 418
0 4 0.93 419
0 4 0.93 420
0 4 0.92 421
0 4 0.92 422
0 4 0.92 423
0 4 0.92 424
0 4 0.92 425
0 4 0.92 426
0 4 0.92 427
0 4 0.92 428
0 4 0.92 429
0 4 0.92 430
0 4 0.92 431
0 4 0.93 432
0 4 0.93 433
0 4 0.93 434
0 4 0.93 435
0 4 0.93 436
0 4 0.93 437
0 4 0.93 438
0 4 0.93 439
0 4 0.93 440
0 4 0.93 441
0 4 0.93 442
0 4 0.93 443
0 4 0.94 444
0 4 0.94 445
0 4 0.94 446
0 4 0.94 447
0 4 0.94 448
0 4 0.94 449
0 4 0.94 450
0 4 0.94 451
0 4 0.94 452
0 4 0.94 453
0 4 0.93 454
0 4 0.93 455
0 4 0.93 456
0 4 0.93 457
0 4 0.93 458
0 4 0.93 459
0 4 0.93 460
0 4 0.93 461
0 4 0.93 462
0 4 0.93 463
0 4 0.93 464
0 4 0.93 465
0 4 0.93 466
0 4 0.93 467
0 4 0.93 468
0 4 0.93 469
0 4 0.93 470
0 4 0.93 471
0 4 0.93 472
0 4 0.92 473
0 4 0.93 474
0 4 0.93 475
0 4 0.93 476
0 4 0.92 477
0 4 0.92 478
0 4 0.92 479
0 4 0.93 480
0 4 0.93 481
0 4 0.93 482
0 4 0.93 483
0 4 0.93 484
0 4 0.93 485
0 4 0.93 486
0 4 0.93 487
0 4 0.93 488
0 4 0.93 489
0 4 0.93 490
0 4 0.93 491
0 4 0.93 492
0 4 0.92 493
0 4 0.92 494
0 4 0.92 495
0 4 0.93 496
0 4 0.93 497
0 4 0.92 498
0 4 0.92 499
0 4 0.92 500
0 4 0.92 501
0 4 0.92 502
0 4 0.92 503
0 4 0.92 504
0 4 0.92 505
0 4 0.92 506
0 4 0.93 507
0 4 0.92 508
0 4 0.92 509
0 4 0.92 510
0 4 0.92 511
0 4 0.92 512
0 4 0.92 513
0 4 0.92 514
0 4 0.92 515
0 4 0.92 516
0 4 0.92 517
0 4 0.92 518
0 4 0.92 519
0 4 0.93 520
0 4 0.93 521
0 4 0.93 522
0 4 0.93 523
0 4 0.92 524
0 4 0.92 525
0 4 0.93 526
0 4 0.93 527
0 4 0.93 528
0 4 0.93 529
0 4 0.93 530
0 4 0.92 531
0 4 0.92 532
0 4 0.92 533
0 4 0.92 534
0 4 0.92 535
0 4 0.92 536
0 4 0.92 537
0 4 0.92 538
0 4 0.92 539
0 4 0.92 540
0 4 0.92 541
0 4 0.92 542
0 4 0.92 543
0 4 0.92 544
0 4 0.92 545
0 4 0.92 546
0 4 0.92 547
0 4 0.92 548
0 4 0.92 549
0 4 0.92 550
0 4 0.92 551
0 4 0.92 552
0 4 0.92 553
0 4 0.92 554
0 4 0.92 555
0 4 0.92 556
0 4 0.92 557
0 4 0.92 558
0 4 0.92 559
0 4 0.92 560
0 4 0.92 561
0 4 0.92 562
0 4 0.92 563
0 4 0.93 564
0 4 0.93 565
0 4 0.93 566
0 4 0.93 567
0 4 0.93 568
0 4 0.93 569
0 4 0.92 570
0 4 0.93 571
0 4 0.93 572
0 4 0.92 573
0 4 0.93 574
0 4 0.93 575
0 4 0.93 576
0 4 0.93 577
0 4 0.93 578
0 4 0.92 579
0 4 0.92 580
0 4 0.93 581
0 4 0.93 582
0 4 0.93 583
0 4 0.93 584
0 4 0.93 585
0 4 0.93 586
0 4 0.93 587
0 4 0.93 588
0 4 0.93 589
0 4 0.93 590
0 4 0.93 591
0 4 0.93 592
0 4 0.93 593
0 4 0.93 594
0 4 0.93 595
0 4 0.93 596
0 4 0.93 597
0 4 0.93 598
0 4 0.93 599
0 4 0.93 600
0 4 0.93 601
0 4 0.93 602
0 4 0.93 603
0 4 0.93 604
0 4 0.93 605
0 4 0.93 606
0 4 0.93 607
0 4 0.93 608
0 4 0.93 609
0 4 0.93 610
0 4 0.93 611
0 4 0.92 612
0 4 0.92 613
0 4 0.93 614
0 4 0.93 615
0 4 0.92 616
0 4 0.92 617
0 4 0.92 618
0 4 0.92 619
0 4 0.92 620
0 4 0.92 621
0 4 0.92 622
0 4 0.92 623
0 4 0.92 624
0 4 0.92 625
0 4 0.92 626
0 4 0.92 627
0 4 0.92 628
0 4 0.92 629
0 4 0.92 630
0 4 0.92 631
0 4 0.92 632
0 4 0.92 633
0 4 0.92 634
0 4 0.92 635
0 4 0.92 636
0 4 0.92 637
0 4 0.92 638
0 4 0.