2 2 2.00 1
0 2 1.00 2
0 2 0.67 3
0 2 1.00 4
0 2 0.80 5
0 2 1.00 6
0 2 0.86 7
0 2 0.88 8
0 2 0.89 9
0 2 0.90 10
0 2 0.91 11
0 2 0.92 12
0 2 0.85 13
0 2 0.86 14
0 2 0.87 15
0 2 0.88 16
0 2 0.82 17
0 2 0.78 18
0 2 0.74 19
0 2 0.70 20
0 2 0.71 21
0 2 0.68 22
0 2 0.74 23
0 2 0.75 24
0 2 0.76 25
0 2 0.77 26
0 2 0.78 27
0 2 0.79 28
0 2 0.79 29
0 2 0.80 30
0 2 0.84 31
0 2 0.84 32
0 2 0.82 33
0 2 0.82 34
0 2 0.80 35
0 2 0.81 36
0 2 0.78 37
0 2 0.79 38
0 2 0.77 39
0 2 0.75 40
0 2 0.78 41
0 2 0.79 42
0 2 0.79 43
0 2 0.80 44
0 2 0.80 45
0 2 0.80 46
0 2 0.81 47
0 2 0.83 48
0 2 0.86 49
0 2 0.84 50
0 2 0.82 51
0 2 0.83 52
0 2 0.83 53
0 2 0.81 54
0 2 0.80 55
0 2 0.79 56
0 2 0.79 57
0 2 0.79 58
0 2 0.78 59
0 2 0.78 60
0 2 0.79 61
0 2 0.77 62
0 2 0.79 63
0 2 0.78 64
0 2 0.78 65
0 2 0.77 66
0 2 0.76 67
0 2 0.76 68
0 2 0.77 69
0 2 0.77 70
0 2 0.77 71
0 2 0.78 72
0 2 0.78 73
0 2 0.78 74
0 2 0.77 75
0 2 0.78 76
0 2 0.78 77
0 2 0.78 78
0 2 0.77 79
0 2 0.76 80
0 2 0.77 81
0 2 0.77 82
0 2 0.77 83
0 2 0.77 84
0 2 0.78 85
0 2 0.78 86
0 2 0.78 87
0 2 0.78 88
0 2 0.79 89
0 2 0.78 90
0 2 0.77 91
0 2 0.77 92
0 2 0.77 93
0 2 0.78 94
0 2 0.77 95
0 2 0.77 96
0 2 0.76 97
0 2 0.76 98
0 2 0.76 99
0 2 0.76 100
0 2 0.75 101
0 2 0.75 102
0 2 0.77 103
0 2 0.76 104
0 2 0.76 105
0 2 0.76 106
0 2 0.77 107
0 2 0.76 108
0 2 0.76 109
0 2 0.75 110
0 2 0.76 111
0 2 0.75 112
0 2 0.75 113
0 2 0.75 114
0 2 0.76 115
0 2 0.77 116
0 2 0.77 117
0 2 0.77 118
0 2 0.76 119
0 2 0.76 120
0 2 0.76 121
0 2 0.75 122
0 2 0.76 123
0 23 0.94 124
0 23 0.94 125
0 23 0.95 126
0 23 0.95 127
0 23 0.95 128
0 23 0.95 129
0 23 0.95 130
0 23 0.95 131
0 23 0.95 132
0 23 0.95 133
0 23 0.95 134
0 23 0.95 135
0 23 0.95 136
0 23 0.95 137
0 23 0.95 138
0 23 0.95 139
0 23 0.94 140
0 23 0.94 141
0 23 0.94 142
0 23 0.94 143
0 23 0.94 144
0 23 0.94 145
0 23 0.95 146
0 23 0.95 147
0 23 0.95 148
0 23 0.95 149
0 23 0.94 150
0 23 0.94 151
0 23 0.93 152
0 23 0.93 153
0 23 0.93 154
0 23 0.93 155
0 23 0.94 156
0 23 0.94 157
0 23 0.94 158
0 23 0.94 159
0 23 0.94 160
0 23 0.93 161
0 23 0.93 162
0 23 0.93 163
0 23 0.94 164
0 23 0.94 165
0 23 0.95 166
0 23 0.94 167
0 23 0.94 168
0 23 0.95 169
0 23 0.95 170
0 23 0.95 171
0 23 0.95 172
0 23 0.95 173
0 23 0.95 174
0 23 0.95 175
0 23 0.95 176
0 23 0.95 177
0 23 0.94 178
0 23 0.94 179
0 23 0.94 180
0 23 0.94 181
0 23 0.96 182
0 23 0.96 183
0 23 0.96 184
0 23 0.95 185
0 23 0.95 186
0 23 0.95 187
0 23 0.95 188
0 23 0.95 189
0 23 0.95 190
0 23 0.95 191
0 23 0.95 192
0 23 0.95 193
0 23 0.95 194
0 23 0.94 195
0 23 0.94 196
0 23 0.94 197
0 23 0.94 198
0 23 0.94 199
0 23 0.94 200
0 23 0.94 201
0 23 0.94 202
0 23 0.94 203
0 23 0.94 204
0 23 0.94 205
0 23 0.94 206
0 23 0.94 207
0 23 0.94 208
0 23 0.93 209
0 23 0.93 210
0 23 0.94 211
0 23 0.94 212
0 23 0.94 213
0 23 0.94 214
0 23 0.94 215
0 23 0.94 216
0 23 0.94 217
0 23 0.94 218
0 23 0.94 219
0 23 0.94 220
0 23 0.93 221
0 23 0.93 222
0 23 0.93 223
0 23 0.93 224
0 23 0.93 225
0 23 0.93 226
0 23 0.93 227
0 23 0.93 228
0 23 0.93 229
0 23 0.93 230
0 23 0.93 231
0 23 0.93 232
0 23 0.93 233
0 23 0.93 234
0 23 0.92 235
0 23 0.93 236
0 23 0.93 237
0 23 0.93 238
0 23 0.93 239
0 23 0.93 240
0 23 0.93 241
0 23 0.93 242
0 23 0.93 243
0 23 0.93 244
0 23 0.93 245
0 23 0.93 246
0 23 0.93 247
0 23 0.93 248
0 23 0.94 249
0 23 0.94 250
0 23 0.94 251
0 23 0.94 252
0 23 0.94 253
0 23 0.94 254
0 23 0.94 255
0 23 0.94 256
0 23 0.94 257
0 23 0.94 258
0 23 0.93 259
0 23 0.93 260
0 23 0.93 261
0 23 0.94 262
0 23 0.94 263
0 23 0.93 264
0 23 0.93 265
0 23 0.93 266
0 23 0.93 267
0 23 0.93 268
0 23 0.94 269
0 23 0.93 270
0 23 0.93 271
0 23 0.93 272
0 23 0.93 273
0 23 0.93 274
0 23 0.94 275
0 23 0.93 276
0 23 0.93 277
0 23 0.93 278
0 23 0.94 279
0 23 0.94 280
0 23 0.93 281
0 23 0.93 282
0 23 0.93 283
0 23 0.93 284
0 23 0.93 285
0 23 0.93 286
0 23 0.93 287
0 23 0.93 288
0 23 0.93 289
0 23 0.94 290
0 23 0.94 291
0 23 0.94 292
0 23 0.94 293
0 23 0.94 294
0 23 0.94 295
0 23 0.94 296
0 23 0.94 297
0 23 0.94 298
0 23 0.94 299
0 23 0.94 300
0 23 0.94 301
0 23 0.94 302
0 23 0.94 303
0 23 0.94 304
0 23 0.94 305
0 23 0.94 306
0 23 0.94 307
0 23 0.94 308
0 23 0.94 309
0 23 0.94 310
0 23 0.94 311
0 23 0.94 312
0 23 0.93 313
0 23 0.93 314
0 23 0.93 315
0 23 0.93 316
0 23 0.93 317
0 23 0.93 318
0 23 0.94 319
0 23 0.94 320
0 23 0.94 321
0 23 0.94 322
0 23 0.94 323
0 23 0.94 324
0 23 0.94 325
0 23 0.94 326
0 23 0.94 327
0 23 0.94 328
0 23 0.94 329
0 23 0.94 330
0 23 0.94 331
0 23 0.94 332
0 23 0.94 333
0 23 0.94 334
0 23 0.94 335
0 23 0.94 336
0 23 0.94 337
0 23 0.93 338
0 23 0.94 339
0 23 0.94 340
0 23 0.94 341
0 23 0.94 342
0 23 0.94 343
0 23 0.94 344
0 23 0.94 345
0 23 0.94 346
0 23 0.94 347
0 23 0.94 348
0 23 0.94 349
0 23 0.94 350
0 23 0.94 351
0 23 0.94 352
0 23 0.94 353
0 23 0.94 354
0 23 0.94 355
0 23 0.94 356
0 23 0.94 357
0 23 0.94 358
0 23 0.94 359
0 23 0.94 360
0 23 0.94 361
0 23 0.94 362
0 23 0.94 363
0 23 0.94 364
0 23 0.94 365
0 23 0.94 366
0 23 0.94 367
0 23 0.94 368
0 23 0.94 369
0 23 0.94 370
0 23 0.94 371
0 23 0.94 372
0 23 0.94 373
0 23 0.93 374
0 23 0.93 375
0 23 0.93 376
0 23 0.93 377
0 23 0.94 378
0 23 0.94 379
0 23 0.94 380
0 23 0.93 381
0 23 0.93 382
0 23 0.93 383
0 23 0.93 384
0 23 0.93 385
0 23 0.93 386
0 23 0.93 387
0 23 0.93 388
0 23 0.94 389
0 23 0.94 390
0 23 0.93 391
0 23 0.93 392
0 23 0.93 393
0 23 0.93 394
0 23 0.93 395
0 23 0.93 396
0 23 0.93 397
0 23 0.93 398
0 23 0.93 399
0 23 0.93 400
0 23 0.93 401
0 23 0.93 402
0 23 0.93 403
0 23 0.93 404
0 23 0.93 405
0 23 0.93 406
0 23 0.93 407
0 23 0.93 408
0 23 0.93 409
0 23 0.92 410
0 23 0.92 411
0 23 0.93 412
0 23 0.93 413
0 23 0.93 414
0 23 0.93 415
0 23 0.94 416
0 23 0.94 417
0 23 0.94 418
0 23 0.94 419
0 23 0.94 420
0 23 0.94 421
0 23 0.94 422
0 23 0.93 423
0 23 0.93 424
0 23 0.93 425
0 23 0.94 426
0 23 0.94 427
0 23 0.93 428
0 23 0.93 429
0 23 0.94 430
0 23 0.94 431
0 23 0.94 432
0 23 0.94 433
0 23 0.94 434
0 23 0.94 435
0 23 0.94 436
0 23 0.95 437
0 23 0.95 438
0 23 0.94 439
0 23 0.94 440
0 23 0.94 441
0 23 0.94 442
0 23 0.94 443
0 23 0.94 444
0 23 0.94 445
0 23 0.94 446
0 23 0.94 447
0 23 0.94 448
0 23 0.94 449
0 23 0.94 450
0 23 0.94 451
0 23 0.94 452
0 23 0.94 453
0 23 0.94 454
0 23 0.94 455
0 23 0.93 456
0 23 0.93 457
0 23 0.93 458
0 23 0.93 459
0 23 0.93 460
0 23 0.93 461
0 23 0.93 462
0 23 0.93 463
0 23 0.93 464
0 23 0.93 465
0 23 0.93 466
0 23 0.93 467
0 23 0.93 468
0 23 0.93 469
0 23 0.93 470
0 23 0.93 471
0 23 0.93 472
0 23 0.93 473
0 23 0.93 474
0 23 0.93 475
0 23 0.93 476
0 23 0.93 477
0 23 0.93 478
0 23 0.93 479
0 23 0.93 480
0 23 0.93 481
0 23 0.93 482
0 23 0.93 483
0 23 0.93 484
0 23 0.93 485
0 23 0.93 486
0 23 0.93 487
0 23 0.93 488
0 23 0.93 489
0 23 0.93 490
0 23 0.93 491
0 23 0.93 492
0 23 0.93 493
0 23 0.93 494
0 23 0.93 495
0 23 0.93 496
0 23 0.93 497
0 23 0.93 498
0 23 0.93 499
0 23 0.93 500
0 23 0.93 501
0 23 0.93 502
0 23 0.93 503
0 23 0.93 504
0 23 0.93 505
0 23 0.93 506
0 23 0.93 507
0 23 0.93 508
0 23 0.93 509
0 23 0.93 510
0 23 0.93 511
0 23 0.93 512
0 23 0.93 513
0 23 0.93 514
0 23 0.93 515
0 23 0.93 516
0 23 0.93 517
0 23 0.93 518
0 23 0.93 519
0 23 0.93 520
0 23 0.93 521
0 23 0.93 522
0 23 0.93 523
0 23 0.93 524
0 23 0.93 525
0 23 0.93 526
0 23 0.93 527
0 23 0.93 528
0 23 0.93 529
0 23 0.93 530
0 23 0.93 531
0 23 0.93 532
0 23 0.93 533
0 23 0.93 534
0 23 0.93 535
0 23 0.93 536
0 23 0.93 537
0 23 0.93 538
0 23 0.93 539
0 23 0.93 540
0 23 0.93 541
0 23 0.93 542
0 23 0.93 543
0 23 0.93 544
0 23 0.93 545
0 23 0.93 546
0 23 0.93 547
0 23 0.93 548
0 23 0.93 549
0 23 0.93 550
0 23 0.93 551
0 23 0.93 552
0 23 0.93 553
0 23 0.93 554
0 23 0.93 555
0 23 0.93 556
0 23 0.93 557
0 23 0.93 558
0 23 0.93 559
0 23 0.93 560
0 23 0.93 561
0 23 0.93 562
0 23 0.93 563
0 23 0.93 564
0 23 0.93 565
0 23 0.93 566
0 23 0.93 567
0 23 0.93 568
0 23 0.93 569
0 23 0.93 570
0 23 0.93 571
0 23 0.93 572
0 23 0.93 573
0 23 0.93 574
0 23 0.93 575
0 23 0.93 576
0 23 0.93 577
0 23 0.93 578
0 23 0.93 579
0 23 0.93 580
0 23 0.93 581
0 23 0.93 582
0 23 0.93 583
0 23 0.93 584
0 23 0.93 585
0 23 0.94 586
0 23 0.93 587
0 23 0.93 588
0 23 0.93 589
0 23 0.93 590
0 23 0.93 591
0 23 0.93 592
0 23 0.93 593
0 23 0.93 594
0 23 0.93 595
0 23 0.93 596
0 23 0.93 597
0 23 0.93 598
0 23 0.93 599
0 23 0.93 600
0 23 0.93 601
0 23 0.93 602
0 23 0.93 603
0 23 0.93 604
0 23 0.93 605
0 23 0.93 606
0 23 0.93 607
0 23 0.93 608
0 23 0.93 609
0 23 0.93 610
0 23 0.93 611
0 23 0.93 612
0 23 0.93 613
0 23 0.93 614
0 23 0.93 615
0 23 0.93 616
0 23 0.93 617
0 23 0.93 618
0 23 0.93 619
0 23 0.93 620
0 23 0.93 621
0 23 0.93 622
0 23 0.93 623
0 23 0.93 624
0 23 0.93 625
0 23 0.93 626
0 23 0.93 627
0 23 0.93 628
0 23 0.93 629
0 23 0.93 630
0 23 0.93 631
0 23 0.93 632
0 23 0.93 633
0 23 0.93 634
0 23 0.93 635
0 23 0.93 636
0 23 0.93 637
0 23 0.92 638
0 23 0.92 639
0 23 0.92 640
0 23 0.92 641
0 23 0.92 642
0 23 0.92 643
0 23 0.92 644
0 23 0.92 645
0 23 0.92 646
0 23 0.92 647
0 23 0.92 648
0 23 0.93 649
0 23 0.93 650
0 23 0.93 651
0 23 0.93 652
0 23 0.93 653
0 23 0.93 654
0 23 0.93 655
0 23 0.93 656
0 23 0.93 657
0 23 0.93 658
0 23 0.93 659
0 23 0.93 660
0 23 0.93 661
0 23 0.93 662
0 23 0.93 663
0 23 0.92 664
0 23 0.92 665
0 23 0.92 666
0 23 0.92 667
0 23 0.92 668
0 23 0.92 669
0 23 0.92 670
0 23 0.92 671
0 23 0.92 672
0 23 0.92 673
0 23 0.92 674
0 23 0.92 675
0 23 0.92 676
0 23 0.92 677
0 23 0.92 678
0 23 0.92 679
0 23 0.92 680
0 23 0.92 681
0 23 0.92 682
0 23 0.92 683
0 23 0.92 684
0 23 0.92 685
0 23 0.92 686
0 23 0.92 687
0 23 0.92 688
0 23 0.92 689
0 23 0.92 690
0 23 0.92 691
0 23 0.92 692
0 23 0.92 693
0 23 0.91 694
0 23 0.91 695
0 23 0.91 696
0 23 0.91 697
0 23 0.91 698
0 23 0.92 699
0 23 0.92 700
0 23 0.92 701
0 23 0.92 702
0 23 0.92 703
0 23 0.92 704
0 23 0.92 705
0 23 0.92 706
0 23 0.92 707
0 23 0.92 708
0 23 0.92 709
0 23 0.92 710
0 23 0.92 711
0 23 0.92 712
0 23 0.92 713
0 23 0.92 714
0 23 0.92 715
0 23 0.92 716
0 23 0.92 717
0 23 0.92 718
0 23 0.92 719
0 23 0.92 720
0 23 0.92 721
0 23 0.92 722
0 23 0.92 723
0 23 0.92 724
0 23 0.92 725
0 23 0.92 726
0 23 0.92 727
0 23 0.92 728
0 23 0.92 729
0 23 0.92 730
0 23 0.92 731
0 23 0.92 732
0 23 0.92 733
0 23 0.92 734
0 23 0.92 735
0 23 0.92 736
0 23 0.92 737
0 23 0.92 738
0 23 0.92 739
0 23 0.92 740
0 23 0.92 741
0 23 0.92 742
0 23 0.92 743
0 23 0.92 744
0 23 0.92 745
0 23 0.92 746
0 23 0.92 747
0 23 0.92 748
0 23 0.92 749
0 23 0.92 750
0 23 0.92 751
0 23 0.92 752
0 23 0.92 753
0 23 0.92 754
0 23 0.92 755
0 23 0.92 756
0 23 0.92 757
0 23 0.92 758
0 23 0.92 759
0 23 0.92 760
0 23 0.92 761
0 23 0.92 762
0 23 0.92 763
0 23 0.92 764
0 23 0.92 765
0 23 0.91 766
0 23 0.91 767
0 23 0.92 768
0 23 0.91 769
0 23 0.91 770
0 23 0.91 771
0 23 0.91 772
0 23 0.91 773
0 23 0.91 774
0 23 0.91 775
0 23 0.91 776
0 23 0.92 777
0 23 0.92 778
0 23 0.92 779
0 23 0.92 780
0 23 0.91 781
0 23 0.91 782
0 23 0.91 783
0 23 0.91 784
0 23 0.91 785
0 23 0.91 786
0 23 0.91 787
0 23 0.91 788
0 23 0.92 789
0 23 0.91 790
0 23 0.91 791
0 23 0.91 792
0 23 0.91 793
0 23 0.91 794
0 23 0.91 795
0 23 0.91 796
0 23 0.91 797
0 23 0.91 798
0 23 0.91 799
0 23 0.91 800
0 23 0.91 801
0 23 0.91 802
0 23 0.91 803
0 23 0.91 804
0 23 0.91 805
0 23 0.91 806
0 23 0.91 807
0 23 0.91 808
0 23 0.91 809
0 23 0.91 810
0 23 0.91 811
0 23 0.90 812
0 23 0.90 813
0 23 0.90 814
0 23 0.90 815
0 23 0.90 816
0 23 0.90 817
0 23 0.90 818
0 23 0.90 819
0 23 0.90 820
0 23 0.90 821
0 23 0.90 822
0 23 0.90 823
0 23 0.90 824
0 23 0.90 825
0 23 0.90 826
0 23 0.90 827
0 23 0.90 828
0 23 0.90 829
0 23 0.89 830
0 23 0.89 831
0 23 0.89 832
0 23 0.89 833
0 23 0.89 834
0 23 0.89 835
0 23 0.89 836
0 23 0.89 837
0 23 0.89 838
0 23 0.89 839
0 23 0.89 840
0 23 0.89 841
0 23 0.89 842
0 23 0.89 843
0 23 0.89 844
0 23 0.89 845
0 23 0.89 846
0 23 0.89 847
0 23 0.89 848
0 23 0.89 849
0 23 0.89 850
0 23 0.89 851
0 23 0.89 852
0 23 0.89 853
0 23 0.89 854
0 23 0.89 855
0 23 0.89 856
0 23 0.89 857
0 23 0.89 858
0 23 0.89 859
0 23 0.89 860
0 23 0.89 861
0 23 0.89 862
0 23 0.89 863
0 23 0.89 864
0 23 0.89 865
0 23 0.89 866
0 23 0.89 867
0 23 0.89 868
0 23 0.89 869
0 23 0.89 870
0 23 0.89 871
0 23 0.89 872
0 23 0.89 873
0 23 0.89 874
0 23 0.89 875
0 23 0.89 876
0 23 0.89 877
0 23 0.89 878
0 23 0.89 879
0 23 0.89 880
0 23 0.89 881
0 23 0.89 882
0 23 0.89 883
0 23 0.89 884
0 23 0.89 885
0 23 0.89 886
0 23 0.89 887
0 23 0.89 888
0 23 0.89 889
0 23 0.89 890
0 23 0.89 891
0 23 0.89 892
0 23 0.89 893
0 23 0.89 894
0 2