0 0 0.00 1
0 0 0.00 2
0 2 0.67 3
0 2 0.50 4
0 2 0.60 5
0 2 0.50 6
0 2 0.57 7
0 2 0.62 8
0 2 0.56 9
0 2 0.60 10
0 2 0.64 11
0 2 0.58 12
0 2 0.54 13
0 2 0.57 14
0 2 0.60 15
0 2 0.56 16
0 2 0.53 17
0 2 0.56 18
0 2 0.58 19
0 2 0.60 20
0 2 0.57 21
0 2 0.55 22
0 2 0.52 23
0 2 0.54 24
0 2 0.52 25
0 2 0.50 26
0 2 0.52 27
0 2 0.50 28
0 2 0.52 29
0 2 0.50 30
0 2 0.48 31
0 2 0.50 32
0 2 0.48 33
0 2 0.47 34
0 2 0.49 35
0 2 0.50 36
0 2 0.49 37
0 2 0.50 38
0 2 0.49 39
0 2 0.47 40
0 2 0.46 41
0 2 0.48 42
0 2 0.49 43
0 2 0.48 44
0 2 0.49 45
0 2 0.48 46
0 2 0.47 47
0 2 0.48 48
0 2 0.47 49
0 2 0.48 50
0 2 0.47 51
0 2 0.48 52
0 2 0.47 53
0 2 0.48 54
0 2 0.47 55
0 2 0.48 56
0 2 0.47 57
0 2 0.47 58
0 2 0.46 59
0 2 0.47 60
0 2 0.46 61
0 2 0.45 62
0 2 0.46 63
0 2 0.45 64
0 2 0.46 65
0 2 0.45 66
0 2 0.45 67
0 2 0.46 68
0 2 0.45 69
0 2 0.44 70
0 2 0.45 71
0 2 0.46 72
0 2 0.45 73
0 2 0.45 74
0 2 0.45 75
0 2 0.46 76
0 2 0.45 77
0 2 0.45 78
0 2 0.46 79
0 2 0.46 80
0 2 0.46 81
0 2 0.46 82
0 2 0.47 83
0 2 0.46 84
0 2 0.47 85
0 2 0.47 86
0 2 0.47 87
0 2 0.47 88
0 2 0.46 89
0 2 0.46 90
0 2 0.46 91
0 2 0.46 92
0 2 0.46 93
0 2 0.47 94
0 2 0.46 95
0 2 0.46 96
0 2 0.46 97
0 2 0.46 98
0 2 0.45 99
0 2 0.47 100
0 2 0.47 101
0 2 0.46 102
0 2 0.46 103
0 2 0.45 104
0 2 0.45 105
0 2 0.45 106
0 2 0.45 107
0 2 0.44 108
0 2 0.44 109
0 2 0.45 110
0 2 0.44 111
0 2 0.44 112
0 2 0.44 113
0 2 0.44 114
0 2 0.43 115
0 2 0.44 116
0 2 0.44 117
0 2 0.44 118
0 2 0.45 119
0 2 0.44 120
0 2 0.44 121
0 2 0.44 122
0 2 0.45 123
0 2 0.45 124
0 2 0.45 125
0 2 0.45 126
0 2 0.45 127
0 2 0.45 128
0 2 0.45 129
0 2 0.45 130
0 2 0.45 131
0 2 0.45 132
0 2 0.45 133
0 2 0.46 134
0 2 0.45 135
0 2 0.46 136
0 2 0.45 137
0 2 0.45 138
0 2 0.45 139
0 2 0.46 140
0 2 0.46 141
0 2 0.46 142
0 2 0.47 143
0 2 0.47 144
0 2 0.46 145
0 2 0.46 146
0 2 0.46 147
0 2 0.45 148
0 2 0.45 149
0 2 0.45 150
0 2 0.45 151
0 2 0.45 152
0 2 0.44 153
0 2 0.44 154
0 2 0.45 155
0 2 0.44 156
0 2 0.44 157
0 2 0.44 158
0 2 0.45 159
0 2 0.45 160
0 2 0.45 161
0 2 0.45 162
0 2 0.45 163
0 2 0.45 164
0 2 0.45 165
0 2 0.45 166
0 2 0.46 167
0 2 0.46 168
0 2 0.46 169
0 2 0.45 170
0 2 0.45 171
0 2 0.45 172
0 2 0.46 173
0 2 0.45 174
0 2 0.45 175
0 2 0.46 176
0 2 0.46 177
0 2 0.46 178
0 2 0.46 179
0 2 0.46 180
0 2 0.45 181
0 2 0.45 182
0 2 0.45 183
0 2 0.45 184
0 2 0.45 185
0 2 0.45 186
0 2 0.44 187
0 2 0.44 188
0 2 0.44 189
0 2 0.45 190
0 2 0.45 191
0 2 0.44 192
0 2 0.45 193
0 2 0.44 194
0 2 0.45 195
0 2 0.45 196
0 2 0.45 197
0 2 0.45 198
0 2 0.45 199
0 2 0.45 200
0 2 0.45 201
0 2 0.45 202
0 2 0.45 203
0 2 0.46 204
0 2 0.45 205
0 2 0.46 206
0 2 0.45 207
0 2 0.45 208
0 2 0.45 209
0 2 0.45 210
0 2 0.45 211
0 2 0.45 212
0 2 0.45 213
0 2 0.44 214
0 2 0.44 215
0 2 0.44 216
0 2 0.44 217
0 2 0.44 218
0 2 0.45 219
0 2 0.45 220
0 2 0.45 221
0 2 0.45 222
0 2 0.45 223
0 2 0.45 224
0 2 0.45 225
0 2 0.45 226
0 2 0.44 227
0 2 0.45 228
0 2 0.45 229
0 2 0.45 230
0 2 0.45 231
0 2 0.44 232
0 2 0.45 233
0 2 0.45 234
0 2 0.45 235
0 2 0.45 236
0 2 0.45 237
0 2 0.45 238
0 2 0.45 239
0 2 0.45 240
0 2 0.45 241
0 2 0.45 242
0 2 0.45 243
0 2 0.45 244
0 2 0.44 245
0 2 0.44 246
0 2 0.45 247
0 2 0.44 248
0 2 0.44 249
0 2 0.44 250
0 2 0.44 251
0 2 0.44 252
0 2 0.43 253
0 2 0.44 254
0 2 0.44 255
0 2 0.44 256
0 2 0.44 257
0 2 0.43 258
0 2 0.44 259
0 2 0.44 260
0 2 0.44 261
0 2 0.44 262
0 2 0.44 263
0 2 0.44 264
0 2 0.44 265
0 2 0.44 266
0 2 0.43 267
0 2 0.43 268
0 2 0.43 269
0 2 0.43 270
0 2 0.43 271
0 2 0.43 272
0 2 0.43 273
0 2 0.43 274
0 2 0.43 275
0 2 0.43 276
0 2 0.43 277
0 2 0.43 278
0 2 0.43 279
0 2 0.44 280
0 2 0.43 281
0 2 0.44 282
0 2 0.44 283
0 2 0.44 284
0 2 0.44 285
0 2 0.44 286
0 2 0.44 287
0 2 0.44 288
0 2 0.44 289
0 2 0.44 290
0 2 0.44 291
0 2 0.44 292
0 2 0.44 293
0 2 0.44 294
0 2 0.43 295
0 2 0.43 296
0 2 0.43 297
0 2 0.43 298
0 2 0.43 299
0 2 0.43 300
0 2 0.44 301
0 2 0.43 302
0 2 0.43 303
0 2 0.43 304
0 2 0.43 305
0 2 0.43 306
0 2 0.43 307
0 2 0.44 308
0 2 0.44 309
0 2 0.44 310
0 2 0.44 311
0 2 0.44 312
0 2 0.44 313
0 2 0.44 314
0 2 0.44 315
0 2 0.44 316
0 2 0.44 317
0 2 0.44 318
0 2 0.44 319
0 2 0.44 320
0 2 0.44 321
0 2 0.44 322
0 2 0.44 323
0 2 0.44 324
0 2 0.44 325
0 2 0.44 326
0 2 0.44 327
0 2 0.44 328
0 2 0.43 329
0 2 0.44 330
0 2 0.44 331
0 2 0.44 332
0 2 0.44 333
0 2 0.44 334
0 2 0.45 335
0 2 0.45 336
0 2 0.45 337
0 2 0.45 338
0 2 0.45 339
0 2 0.45 340
0 2 0.45 341
0 2 0.45 342
0 2 0.45 343
0 2 0.45 344
0 2 0.45 345
0 2 0.45 346
0 2 0.46 347
0 2 0.46 348
0 2 0.46 349
0 2 0.46 350
0 2 0.46 351
0 2 0.46 352
0 2 0.46 353
0 2 0.46 354
0 2 0.46 355
0 2 0.46 356
0 2 0.46 357
0 2 0.46 358
0 2 0.46 359
0 2 0.46 360
0 2 0.46 361
0 2 0.46 362
0 2 0.45 363
0 2 0.45 364
0 2 0.45 365
0 2 0.45 366
0 2 0.45 367
0 2 0.45 368
0 2 0.45 369
0 2 0.45 370
0 2 0.45 371
0 2 0.45 372
0 2 0.45 373
0 2 0.45 374
0 2 0.45 375
0 2 0.45 376
0 2 0.45 377
0 2 0.45 378
0 2 0.45 379
0 2 0.45 380
0 2 0.45 381
0 2 0.45 382
0 2 0.45 383
0 2 0.45 384
0 2 0.44 385
0 2 0.44 386
0 2 0.44 387
0 2 0.44 388
0 2 0.44 389
0 2 0.44 390
0 2 0.44 391
0 2 0.44 392
0 2 0.44 393
0 2 0.44 394
0 2 0.44 395
0 2 0.44 396
0 2 0.44 397
0 2 0.44 398
0 2 0.44 399
0 2 0.44 400
0 2 0.44 401
0 2 0.44 402
0 2 0.44 403
0 2 0.44 404
0 2 0.44 405
0 2 0.44 406
0 2 0.43 407
0 2 0.43 408
0 2 0.43 409
0 2 0.43 410
0 2 0.43 411
0 2 0.43 412
0 2 0.43 413
0 2 0.43 414
0 2 0.43 415
0 2 0.43 416
0 2 0.43 417
0 2 0.43 418
0 2 0.43 419
0 2 0.43 420
0 2 0.43 421
0 2 0.43 422
0 2 0.43 423
0 2 0.43 424
0 2 0.43 425
0 2 0.43 426
0 2 0.43 427
0 2 0.43 428
0 2 0.43 429
0 2 0.43 430
0 2 0.43 431
0 2 0.43 432
0 2 0.43 433
0 2 0.43 434
0 2 0.43 435
0 2 0.43 436
0 2 0.43 437
0 2 0.43 438
0 2 0.43 439
0 2 0.43 440
0 2 0.43 441
0 2 0.43 442
0 2 0.43 443
0 2 0.43 444
0 2 0.43 445
0 2 0.43 446
0 2 0.43 447
0 2 0.43 448
0 2 0.43 449
0 2 0.43 450
0 2 0.43 451
0 2 0.43 452
0 2 0.43 453
0 2 0.43 454
0 2 0.44 455
0 2 0.43 456
0 2 0.44 457
0 2 0.43 458
0 2 0.43 459
0 2 0.43 460
0 2 0.43 461
0 2 0.44 462
0 2 0.43 463
0 2 0.43 464
0 2 0.43 465
0 2 0.43 466
0 2 0.43 467
0 2 0.43 468
0 2 0.43 469
0 2 0.43 470
0 2 0.44 471
0 2 0.43 472
0 2 0.43 473
0 2 0.43 474
0 2 0.43 475
0 2 0.43 476
0 2 0.43 477
0 2 0.43 478
0 2 0.43 479
0 2 0.43 480
0 2 0.43 481
0 2 0.43 482
0 2 0.43 483
0 2 0.43 484
0 2 0.44 485
0 2 0.44 486
0 2 0.44 487
0 2 0.44 488
0 2 0.44 489
0 2 0.44 490
0 2 0.44 491
0 2 0.44 492
0 2 0.44 493
0 2 0.44 494
0 2 0.44 495
0 2 0.44 496
0 2 0.44 497
0 2 0.44 498
0 2 0.43 499
0 2 0.43 500
0 2 0.43 501
0 2 0.43 502
0 2 0.43 503
0 2 0.43 504
0 2 0.44 505
0 2 0.44 506
0 2 0.44 507
0 2 0.44 508
0 2 0.44 509
0 2 0.44 510
0 2 0.44 511
0 2 0.44 512
0 2 0.44 513
0 2 0.44 514
0 2 0.43 515
0 2 0.43 516
0 2 0.44 517
0 2 0.43 518
0 2 0.44 519
0 2 0.44 520
0 2 0.44 521
0 2 0.44 522
0 2 0.44 523
0 2 0.44 524
0 2 0.43 525
0 2 0.43 526
0 2 0.43 527
0 2 0.43 528
0 2 0.43 529
0 2 0.43 530
0 2 0.43 531
0 2 0.43 532
0 2 0.43 533
0 2 0.43 534
0 2 0.43 535
0 2 0.43 536
0 2 0.43 537
0 2 0.43 538
0 2 0.43 539
0 2 0.43 540
0 2 0.43 541
0 2 0.43 542
0 2 0.43 543
0 2 0.43 544
0 2 0.43 545
0 2 0.43 546
0 2 0.43 547
0 2 0.43 548
0 2 0.43 549
0 2 0.43 550
0 2 0.43 551
0 2 0.43 552
0 2 0.42 553
0 2 0.42 554
0 2 0.43 555
0 2 0.42 556
0 2 0.42 557
0 2 0.42 558
0 2 0.42 559
0 2 0.42 560
0 2 0.42 561
0 2 0.42 562
0 2 0.42 563
0 2 0.42 564
0 2 0.42 565
0 2 0.42 566
0 2 0.42 567
0 2 0.42 568
0 2 0.42 569
0 2 0.42 570
0 2 0.42 571
0 2 0.42 572
0 2 0.42 573
0 2 0.42 574
0 2 0.42 575
0 2 0.42 576
0 2 0.42 577
0 2 0.42 578
0 2 0.42 579
0 2 0.42 580
0 2 0.43 581
0 2 0.42 582
0 2 0.42 583
0 2 0.42 584
0 2 0.42 585
0 2 0.42 586
0 2 0.42 587
0 2 0.43 588
0 2 0.42 589
0 2 0.42 590
0 2 0.42 591
0 2 0.42 592
0 2 0.42 593
0 2 0.42 594
0 2 0.42 595
0 2 0.42 596
0 2 0.42 597
0 2 0.42 598
0 2 0.42 599
0 2 0.42 600
0 2 0.42 601
0 2 0.42 602
0 2 0.42 603
0 2 0.42 604
0 2 0.42 605
0 2 0.43 606
0 2 0.43 607
0 2 0.43 608
0 2 0.43 609
0 2 0.43 610
0 2 0.43 611
0 2 0.43 612
0 2 0.43 613
0 2 0.43 614
0 2 0.43 615
0 2 0.43 616
0 2 0.43 617
0 2 0.43 618
0 2 0.43 619
0 2 0.43 620
0 2 0.43 621
0 2 0.43 622
0 2 0.43 623
0 2 0.43 624
0 2 0.43 625
0 2 0.43 626
0 2 0.43 627
0 2 0.43 628
0 2 0.43 629
0 2 0.43 630
0 2 0.43 631
0 2 0.43 632
0 2 0.43 633
0 2 0.43 634
0 2 0.43 635
0 2 0.43 636
0 2 0.43 637
0 2 0.43 638
0 2 0.43 639
0 2 0.43 640
0 2 0.43 641
0 2 0.43 642
0 2 0.43 643
0 2 0.43 644
0 2 0.43 645
0 2 0.43 646
0 2 0.43 647
0 2 0.43 648
0 2 0.43 649
0 2 0.42 650
0 2 0.42 651
0 2 0.42 652
0 2 0.42 653
0 2 0.42 654
0 2 0.42 655
0 2 0.42 656
0 2 0.42 657
0 2 0.42 658
0 2 0.42 659
0 2 0.42 660
0 2 0.42 661
0 2 0.42 662
0 2 0.42 663
0 2 0.42 664
0 2 0.42 665
0 2 0.42 666
0 2 0.42 667
0 2 0.42 668
0 2 0.42 669
0 2 0.42 670
0 2 0.42 671
0 2 0.42 672
0 2 0.42 673
0 2 0.42 674
0 2 0.42 675
0 2 0.42 676
0 2 0.42 677
0 2 0.42 678
0 2 0.42 679
0 2 0.42 680
0 2 0.42 681
0 2 0.42 682
0 2 0.42 683
0 2 0.42 684
0 2 0.42 685
0 2 0.42 686
0 2 0.42 687
0 2 0.42 688
0 2 0.42 689
0 2 0.42 690
0 2 0.42 691
0 2 0.42 692
0 2 0.42 693
0 2 0.42 694
0 2 0.42 695
0 2 0.42 696
0 2 0.42 697
0 2 0.42 698
0 2 0.42 699
0 2 0.42 700
0 2 0.42 701
0 2 0.42 702
0 2 0.42 703
0 2 0.42 704
0 2 0.42 705
0 2 0.42 706
0 2 0.42 707
0 2 0.42 708
0 2 0.42 709
0 2 0.42 710
0 2 0.42 711
0 2 0.42 712
0 2 0.42 713
0 2 0.42 714
0 2 0.42 715
0 2 0.42 716
0 2 0.42 717
0 2 0.42 718
0 2 0.43 719
0 2 0.42 720
0 2 0.42 721
0 2 0.43 722
0 2 0.42 723
0 2 0.43 724
0 2 0.43 725
0 2 0.43 726
0 2 0.43 727
0 2 0.43 728
0 2 0.43 729
0 2 0.43 730
0 2 0.43 731
0 2 0.43 732
0 2 0.43 733
0 2 0.43 734
0 2 0.43 735
0 2 0.43 736
0 2 0.43 737
0 2 0.43 738
0 2 0.43 739
0 2 0.43 740
0 2 0.43 741
0 2 0.43 742
0 2 0.43 743
0 2 0.43 744
0 2 0.43 745
0 2 0.43 746
0 2 0.43 747
0 2 0.43 748
0 2 0.43 749
0 2 0.43 750
0 2 0.43 751
0 2 0.43 752
0 2 0.43 753
0 2 0.43 754
0 2 0.43 755
0 2 0.43 756
0 2 0.43 757
0 2 0.43 758
0 2 0.43 759
0 2 0.43 760
0 2 0.43 761
0 2 0.43 762
0 2 0.43 763
0 2 0.43 764
0 2 0.43 765
0 2 0.43 766
0 2 0.43 767
0 2 0.43 768
0 2 0.43 769
0 2 0.43 770
0 2 0.43 771
0 2 0.43 772
0 2 0.43 773
0 2 0.43 774
0 2 0.43 775
0 2 0.43 776
0 2 0.43 777
0 2 0.43 778
0 2 0.43 779
0 2 0.43 780
0 2 0.43 781
0 2 0.43 782
0 2 0.43 783
0 2 0.43 784
0 2 0.43 785
0 2 0.42 786
0 2 0.43 787
0 2 0.43 788
0 2 0.42 789
0 2 0.42 790
0 2 0.42 791
0 2 0.42 792
0 2 0.42 793
0 2 0.43 794
0 2 0.43 795
0 2 0.43 796
0 2 0.43 797
0 2 0.43 798
0 2 0.43 799
0 2 0.42 800
0 2 0.43 801
0 2 0.43 802
0 2 0.42 803
0 2 0.42 804
0 2 0.42 805
0 2 0.43 806
0 2 0.43 807
0 2 0.42 808
0 2 0.43 809
0 2 0.43 810
0 2 0.43 811
0 2 0.42 812
0 2 0.43 813
0 2 0.43 814
0 2 0.43 815
0 2 0.43 816
0 2 0.43 817
0 2 0.43 818
0 2 0.42 819
0 2 0.42 820
0 2 0.43 821
0 2 0.43 822
0 2 0.43 823
0 2 0.43 824
0 2 0.43 825
0 2 0.42 826
0 2 0.42 827
0 2 0.43 828
0 2 0.42 829
0 2 0.42 830
0 2 0.42 831
0 2 0.43 832
0 2 0.42 833
0 2 0.42 834
0 2 0.42 835
0 2 0.42 836
0 2 0.42 837
0 2 0.42 838
0 2 0.42 839
0 2 0.42 840
0 2 0.42 841
0 2 0.42 842
0 2 0.42 843
0 2 0.42 844
0 2 0.42 845
0 2 0.42 846
0 2 0.42 847
0 2 0.42 848
0 2 0.42 849
0 2 0.42 850
0 2 0.42 851
0 2 0.42 852
0 2 0.42 853
0 2 0.42 854
0 2 0.42 855
0 2 0.42 856
0 2 0.42 857
0 2 0.42 858
0 2 0.42 859
0 2 0.42 860
0 2 0.42 861
0 2 0.42 862
0 2 0.42 863
0 2 0.42 864
0 2 0.42 865
0 2 0.42 866
0 2 0.42 867
0 2 0.42 868
0 2 0.42 869
0 2 0.42 870
0 2 0.42 871
0 2 0.42 872
0 2 0.42 873
0 2 0.42 874
0 2 0.42 875
0 2 0.42 876
0 2 0.42 877
0 2 0.42 878
0 2 0.42 879
0 2 0.42 880
0 2 0.42 881
0 2 0.42 882
0 2 0.42 883
0 2 0.42 884
0 2 0.42 885
0 2 0.42 886
0 2 0.42 887
0 2 0.42 888
0 2 0.42 889
0 2 0.42 890
0 2 0.42 891
0 2 0.42 892
0 2 0.42 893
0 2 0.42 894
0 2 0.42 895
0 2 0.42 896
0 2 0.42 897
0 2 0.42 898
0 2 0.42 899
0 2 0.42 900
0 2 0.42 901
0 2 0.42 902
0 2 0.42 903
0 2 0.42 904
0 2 0.42 905
0 2 0.42 906
0 2 0.42 907
0 2 0.42 908
0 2 0.42 909
0 2 0.42 910
0 2 0.42 911
0 2 0.42 912
0 2 0.42 913
0 2 0.42 914
0 2 0.42 915
0 2 0.42 916
0 2 0.42 917
0 2 0.42 918
0 2 0.42 919
0 2 0.42 920
0 2 0.42 921
0 2 0.42 922
0 2 0.42 923
0 2 0.42 924
0 2 0.42 925
0 2 0.42 926
0 2 0.42 927
0 2 0.42 928
0 2 0.42 929
0 2 0.42 930
0 2 0.42 931
0 2 0.42 932
0 2 0.42 933
0 2 0.42 934
0 2 0.42 935
0 2 0.42 936
0 2 0.42 937
0 2 0.42 938
0 2 0.42 939
0 2 0.42 940
0 2 0.42 941
0 2 0.42 942
0 2 0.42 943
0 2 0.42 944
0 2 0.42 945
0 2 0.42 946
0 2 0.42 947
0 2 0.42 948
0 2 0.42 949
0 2 0.42 950
0 2 0.42 951
0 2 0.42 952
0 2 0.42 953
0 2 0.4