1 1 1.00 1
0 1 0.50 2
0 1 0.33 3
0 1 0.50 4
0 1 0.40 5
0 1 0.33 6
0 1 0.29 7
0 1 0.38 8
0 1 0.33 9
0 1 0.30 10
0 1 0.27 11
0 1 0.25 12
0 1 0.23 13
0 1 0.29 14
0 1 0.27 15
0 1 0.25 16
0 1 0.24 17
0 1 0.22 18
0 1 0.21 19
0 1 0.20 20
0 1 0.24 21
0 1 0.23 22
0 1 0.22 23
0 1 0.25 24
0 1 0.24 25
0 1 0.23 26
0 1 0.26 27
0 1 0.25 28
0 1 0.24 29
0 1 0.23 30
0 1 0.23 31
0 1 0.22 32
0 1 0.21 33
0 1 0.21 34
0 1 0.23 35
0 1 0.22 36
0 1 0.22 37
0 1 0.21 38
0 1 0.21 39
0 1 0.20 40
0 1 0.20 41
0 1 0.19 42
0 1 0.21 43
0 1 0.20 44
0 1 0.22 45
0 1 0.22 46
0 1 0.21 47
0 1 0.21 48
0 1 0.20 49
0 1 0.20 50
0 1 0.22 51
0 1 0.21 52
0 1 0.21 53
0 1 0.22 54
0 1 0.22 55
0 1 0.21 56
0 1 0.21 57
0 1 0.21 58
0 1 0.22 59
0 1 0.22 60
0 1 0.21 61
0 1 0.23 62
0 1 0.22 63
0 1 0.23 64
0 1 0.23 65
0 1 0.23 66
0 1 0.24 67
0 1 0.24 68
0 1 0.23 69
0 1 0.23 70
0 1 0.23 71
0 1 0.24 72
0 1 0.23 73
0 1 0.23 74
0 1 0.23 75
0 1 0.22 76
0 1 0.22 77
0 1 0.23 78
0 1 0.23 79
0 1 0.23 80
0 1 0.22 81
0 1 0.22 82
0 1 0.22 83
0 1 0.21 84
0 1 0.21 85
0 1 0.21 86
0 1 0.21 87
0 1 0.20 88
0 1 0.20 89
0 1 0.21 90
0 1 0.21 91
0 1 0.21 92
0 1 0.20 93
0 1 0.20 94
0 1 0.20 95
0 1 0.20 96
0 1 0.20 97
0 1 0.19 98
0 1 0.19 99
0 1 0.20 100
0 1 0.20 101
0 1 0.20 102
0 1 0.20 103
0 1 0.20 104
0 1 0.20 105
0 1 0.20 106
0 1 0.21 107
0 1 0.20 108
0 1 0.20 109
0 1 0.20 110
0 1 0.20 111
0 1 0.20 112
0 1 0.19 113
0 1 0.20 114
0 1 0.20 115
0 1 0.20 116
0 1 0.20 117
0 1 0.19 118
0 1 0.19 119
0 1 0.20 120
0 1 0.20 121
0 1 0.20 122
0 1 0.20 123
0 1 0.19 124
0 1 0.19 125
0 1 0.20 126
0 1 0.20 127
0 1 0.20 128
0 1 0.20 129
0 1 0.20 130
0 1 0.21 131
0 1 0.20 132
0 1 0.20 133
0 1 0.21 134
0 1 0.21 135
0 1 0.21 136
0 1 0.21 137
0 1 0.21 138
0 1 0.21 139
0 1 0.21 140
0 1 0.21 141
0 1 0.20 142
0 1 0.21 143
0 1 0.21 144
0 1 0.21 145
0 1 0.21 146
0 1 0.20 147
0 1 0.20 148
0 1 0.20 149
0 1 0.21 150
0 1 0.21 151
0 1 0.20 152
0 1 0.21 153
0 1 0.21 154
0 1 0.21 155
0 1 0.21 156
0 1 0.20 157
0 1 0.21 158
0 1 0.21 159
0 1 0.21 160
0 1 0.21 161
0 1 0.21 162
0 1 0.21 163
0 1 0.21 164
0 1 0.21 165
0 1 0.21 166
0 1 0.22 167
0 1 0.21 168
0 1 0.21 169
0 1 0.22 170
0 1 0.22 171
0 1 0.22 172
0 1 0.21 173
0 1 0.21 174
0 1 0.21 175
0 1 0.21 176
0 1 0.21 177
0 1 0.21 178
0 1 0.21 179
0 1 0.22 180
0 1 0.22 181
0 1 0.21 182
0 1 0.22 183
0 1 0.22 184
0 1 0.22 185
0 1 0.22 186
0 1 0.22 187
0 1 0.22 188
0 1 0.22 189
0 1 0.22 190
0 1 0.21 191
0 1 0.21 192
0 1 0.21 193
0 1 0.21 194
0 1 0.21 195
0 1 0.21 196
0 1 0.21 197
0 1 0.21 198
0 1 0.21 199
0 1 0.21 200
0 1 0.21 201
0 1 0.21 202
0 1 0.21 203
0 1 0.21 204
0 1 0.21 205
0 1 0.21 206
0 1 0.21 207
0 1 0.21 208
0 1 0.21 209
0 1 0.21 210
0 1 0.21 211
0 1 0.21 212
0 1 0.21 213
0 1 0.21 214
0 1 0.21 215
0 1 0.21 216
0 1 0.22 217
0 1 0.22 218
0 1 0.21 219
0 1 0.21 220
0 1 0.21 221
0 1 0.22 222
0 1 0.22 223
0 1 0.21 224
0 1 0.21 225
0 1 0.21 226
0 1 0.21 227
0 1 0.21 228
0 1 0.21 229
0 1 0.21 230
0 1 0.21 231
0 1 0.22 232
0 1 0.21 233
0 1 0.21 234
0 1 0.22 235
0 1 0.22 236
0 1 0.22 237
0 1 0.21 238
0 1 0.21 239
0 1 0.21 240
0 1 0.21 241
0 1 0.21 242
0 1 0.21 243
0 1 0.21 244
0 1 0.22 245
0 1 0.22 246
0 1 0.21 247
0 1 0.21 248
0 1 0.22 249
0 1 0.22 250
0 1 0.22 251
0 1 0.21 252
0 1 0.22 253
0 1 0.22 254
0 1 0.22 255
0 1 0.21 256
0 1 0.21 257
0 1 0.21 258
0 1 0.21 259
0 1 0.22 260
0 1 0.21 261
0 1 0.21 262
0 1 0.21 263
0 1 0.21 264
0 1 0.22 265
0 1 0.21 266
0 1 0.21 267
0 1 0.21 268
0 1 0.21 269
0 1 0.21 270
0 1 0.21 271
0 1 0.21 272
0 1 0.21 273
0 1 0.21 274
0 1 0.21 275
0 1 0.21 276
0 1 0.21 277
0 1 0.21 278
0 1 0.22 279
0 1 0.21 280
0 1 0.22 281
0 1 0.22 282
0 1 0.22 283
0 1 0.21 284
0 1 0.22 285
0 1 0.22 286
0 1 0.22 287
0 1 0.22 288
0 1 0.22 289
0 1 0.22 290
0 1 0.22 291
0 1 0.22 292
0 1 0.22 293
0 1 0.21 294
0 1 0.22 295
0 1 0.22 296
0 1 0.22 297
0 1 0.21 298
0 1 0.21 299
0 1 0.22 300
0 1 0.22 301
0 1 0.22 302
0 1 0.21 303
0 1 0.21 304
0 1 0.21 305
0 1 0.21 306
0 1 0.21 307
0 1 0.21 308
0 1 0.21 309
0 1 0.21 310
0 1 0.22 311
0 1 0.21 312
0 1 0.21 313
0 1 0.22 314
0 1 0.22 315
0 1 0.22 316
0 1 0.21 317
0 1 0.21 318
0 1 0.21 319
0 1 0.21 320
0 1 0.21 321
0 1 0.21 322
0 1 0.21 323
0 1 0.21 324
0 1 0.21 325
0 1 0.21 326
0 1 0.21 327
0 1 0.21 328
0 1 0.21 329
0 1 0.21 330
0 1 0.21 331
0 1 0.21 332
0 1 0.21 333
0 1 0.21 334
0 1 0.21 335
0 1 0.21 336
0 1 0.21 337
0 1 0.21 338
0 1 0.21 339
0 1 0.21 340
0 1 0.21 341
0 1 0.21 342
0 1 0.21 343
0 1 0.21 344
0 1 0.21 345
0 1 0.21 346
0 1 0.21 347
0 1 0.21 348
0 1 0.21 349
0 1 0.21 350
0 1 0.21 351
0 1 0.21 352
0 1 0.21 353
0 1 0.21 354
0 1 0.21 355
0 1 0.21 356
0 1 0.21 357
0 1 0.21 358
0 1 0.21 359
0 1 0.21 360
0 1 0.21 361
0 1 0.21 362
0 1 0.21 363
0 1 0.21 364
0 1 0.21 365
0 1 0.21 366
0 1 0.21 367
0 1 0.21 368
0 1 0.21 369
0 1 0.21 370
0 1 0.21 371
0 1 0.21 372
0 1 0.21 373
0 1 0.21 374
0 1 0.21 375
0 1 0.20 376
0 1 0.20 377
0 1 0.20 378
0 1 0.21 379
0 1 0.21 380
0 1 0.20 381
0 1 0.21 382
0 1 0.21 383
0 1 0.21 384
0 1 0.21 385
0 1 0.20 386
0 1 0.20 387
0 1 0.20 388
0 1 0.20 389
0 1 0.20 390
0 1 0.20 391
0 1 0.20 392
0 1 0.20 393
0 1 0.20 394
0 1 0.20 395
0 1 0.20 396
0 1 0.20 397
0 1 0.20 398
0 1 0.20 399
0 1 0.20 400
0 1 0.20 401
0 1 0.20 402
0 1 0.20 403
0 1 0.20 404
0 1 0.20 405
0 1 0.20 406
0 1 0.20 407
0 1 0.20 408
0 1 0.20 409
0 1 0.20 410
0 1 0.19 411
0 1 0.19 412
0 1 0.19 413
0 1 0.20 414
0 1 0.20 415
0 1 0.19 416
0 1 0.20 417
0 1 0.20 418
0 1 0.20 419
0 1 0.20 420
0 1 0.20 421
0 1 0.20 422
0 1 0.20 423
0 1 0.20 424
0 1 0.20 425
0 1 0.19 426
0 1 0.19 427
0 1 0.19 428
0 1 0.20 429
0 1 0.20 430
0 1 0.19 431
0 1 0.20 432
0 1 0.20 433
0 1 0.20 434
0 1 0.20 435
0 1 0.19 436
0 1 0.19 437
0 1 0.19 438
0 1 0.19 439
0 1 0.20 440
0 1 0.20 441
0 1 0.19 442
0 1 0.20 443
0 1 0.20 444
0 1 0.20 445
0 1 0.20 446
0 1 0.20 447
0 1 0.20 448
0 1 0.20 449
0 1 0.20 450
0 1 0.20 451
0 1 0.20 452
0 1 0.20 453
0 1 0.20 454
0 1 0.20 455
0 1 0.20 456
0 1 0.19 457
0 1 0.20 458
0 1 0.20 459
0 1 0.20 460
0 1 0.20 461
0 1 0.19 462
0 1 0.20 463
0 1 0.20 464
0 1 0.20 465
0 1 0.20 466
0 1 0.19 467
0 1 0.19 468
0 1 0.20 469
0 1 0.20 470
0 1 0.20 471
0 1 0.20 472
0 1 0.20 473
0 1 0.20 474
0 1 0.20 475
0 1 0.20 476
0 1 0.20 477
0 1 0.20 478
0 1 0.20 479
0 1 0.20 480
0 1 0.20 481
0 1 0.20 482
0 1 0.20 483
0 1 0.20 484
0 1 0.20 485
0 1 0.20 486
0 1 0.20 487
0 1 0.20 488
0 1 0.20 489
0 1 0.20 490
0 1 0.20 491
0 1 0.20 492
0 1 0.20 493
0 1 0.20 494
0 1 0.20 495
0 1 0.20 496
0 1 0.20 497
0 1 0.20 498
0 1 0.20 499
0 1 0.20 500
0 1 0.20 501
0 1 0.20 502
0 1 0.20 503
0 1 0.20 504
0 1 0.20 505
0 1 0.20 506
0 1 0.20 507
0 1 0.20 508
0 1 0.20 509
0 1 0.20 510
0 1 0.20 511
0 1 0.20 512
0 1 0.20 513
0 1 0.20 514
0 1 0.20 515
0 1 0.20 516
0 1 0.20 517
0 1 0.20 518
0 1 0.20 519
0 1 0.20 520
0 1 0.20 521
0 1 0.20 522
0 1 0.20 523
0 1 0.20 524
0 1 0.20 525
0 1 0.20 526
0 1 0.20 527
0 1 0.20 528
0 1 0.19 529
0 1 0.19 530
0 1 0.19 531
0 1 0.20 532
0 1 0.20 533
0 1 0.20 534
0 1 0.20 535
0 1 0.20 536
0 1 0.20 537
0 1 0.20 538
0 1 0.20 539
0 1 0.20 540
0 1 0.20 541
0 1 0.20 542
0 1 0.20 543
0 1 0.20 544
0 1 0.20 545
0 1 0.20 546
0 1 0.20 547
0 1 0.20 548
0 1 0.20 549
0 1 0.20 550
0 1 0.20 551
0 1 0.20 552
0 1 0.20 553
0 1 0.20 554
0 1 0.20 555
0 1 0.20 556
0 1 0.20 557
0 1 0.20 558
0 1 0.20 559
0 1 0.20 560
0 1 0.20 561
0 1 0.20 562
0 1 0.20 563
0 1 0.20 564
0 1 0.20 565
0 1 0.20 566
0 1 0.20 567
0 1 0.20 568
0 1 0.20 569
0 1 0.20 570
0 1 0.20 571
0 1 0.20 572
0 1 0.20 573
0 1 0.20 574
0 1 0.20 575
0 1 0.20 576
0 1 0.20 577
0 1 0.20 578
0 1 0.20 579
0 1 0.20 580
0 1 0.20 581
0 1 0.20 582
0 1 0.20 583
0 1 0.20 584
0 1 0.19 585
0 1 0.19 586
0 1 0.20 587
0 1 0.20 588
0 1 0.20 589
0 1 0.19 590
0 1 0.19 591
0 1 0.19 592
0 1 0.19 593
0 1 0.19 594
0 1 0.19 595
0 1 0.19 596
0 1 0.19 597
0 1 0.19 598
0 1 0.19 599
0 1 0.19 600
0 1 0.19 601
0 1 0.19 602
0 1 0.19 603
0 1 0.19 604
0 1 0.19 605
0 1 0.19 606
0 1 0.19 607
0 1 0.19 608
0 1 0.19 609
0 1 0.19 610
0 1 0.19 611
0 1 0.19 612
0 1 0.19 613
0 1 0.19 614
0 1 0.19 615
0 1 0.19 616
0 1 0.19 617
0 1 0.19 618
0 1 0.19 619
0 1 0.19 620
0 1 0.19 621
0 1 0.19 622
0 1 0.19 623
0 1 0.19 624
0 1 0.19 625
0 1 0.19 626
0 1 0.19 627
0 1 0.19 628
0 1 0.19 629
0 1 0.19 630
0 1 0.19 631
0 1 0.19 632
0 1 0.19 633
0 1 0.19 634
0 1 0.19 635
0 1 0.19 636
0 1 0.19 637
0 1 0.19 638
0 1 0.19 639
0 1 0.19 640
0 1 0.19 641
0 1 0.19 642
0 1 0.19 643
0 1 0.19 644
0 1 0.19 645
0 1 0.19 646
0 1 0.19 647
0 1 0.19 648
0 1 0.19 649
0 1 0.19 650
0 1 0.19 651
0 1 0.19 652
0 1 0.19 653
0 1 0.19 654
0 1 0.19 655
0 1 0.19 656
0 1 0.19 657
0 1 0.19 658
0 1 0.19 659
0 1 0.19 660
0 1 0.19 661
0 1 0.19 662
0 1 0.19 663
0 1 0.19 664
0 1 0.19 665
0 1 0.19 666
0 1 0.19 667
0 1 0.19 668
0 1 0.19 669
0 1 0.19 670
0 1 0.20 671
0 1 0.19 672
0 1 0.20 673
0 1 0.20 674
0 1 0.20 675
0 1 0.20 676
0 1 0.19 677
0 1 0.19 678
0 1 0.19 679
0 1 0.20 680
0 1 0.20 681
0 1 0.20 682
0 1 0.19 683
0 1 0.19 684
0 1 0.20 685
0 1 0.20 686
0 1 0.20 687
0 1 0.20 688
0 1 0.20 689
0 1 0.20 690
0 1 0.20 691
0 1 0.20 692
0 1 0.20 693
0 1 0.20 694
0 1 0.20 695
0 1 0.20 696
0 1 0.20 697
0 1 0.20 698
0 1 0.20 699
0 1 0.20 700
0 1 0.20 701
0 1 0.20 702
0 1 0.20 703
0 1 0.20 704
0 1 0.20 705
0 1 0.20 706
0 1 0.20 707
0 1 0.20 708
0 1 0.20 709
0 1 0.20 710
0 1 0.20 711
0 1 0.20 712
0 1 0.19 713
0 1 0.19 714
0 1 0.19 715
0 1 0.20 716
0 1 0.20 717
0 1 0.19 718
0 1 0.19 719
0 1 0.19 720
0 1 0.19 721
0 1 0.19 722
0 1 0.20 723
0 1 0.19 724
0 1 0.19 725
0 1 0.19 726
0 1 0.20 727
0 1 0.20 728
0 1 0.19 729
0 1 0.19 730
0 1 0.19 731
0 1 0.19 732
0 1 0.19 733
0 1 0.19 734
0 1 0.19 735
0 1 0.19 736
0 1 0.19 737
0 1 0.19 738
0 1 0.19 739
0 1 0.19 740
0 1 0.19 741
0 1 0.19 742
0 1 0.19 743
0 1 0.19 744
0 1 0.19 745
0 1 0.19 746
0 1 0.19 747
0 1 0.19 748
0 1 0.19 749
0 1 0.19 750
0 1 0.19 751
0 1 0.19 752
0 1 0.19 753
0 1 0.19 754
0 1 0.19 755
0 1 0.19 756
0 1 0.19 757
0 1 0.19 758
0 1 0.19 759
0 1 0.19 760
0 1 0.19 761
0 1 0.19 762
0 1 0.20 763
0 1 0.20 764
0 1 0.19 765
0 1 0.20 766
0 1 0.20 767
0 1 0.20 768
0 1 0.20 769
0 1 0.20 770
0 1 0.20 771
0 1 0.20 772
0 1 0.20 773
0 1 0.20 774
0 1 0.20 775
0 1 0.20 776
0 1 0.20 777
0 1 0.20 778
0 1 0.20 779
0 1 0.20 780
0 1 0.20 781
0 1 0.20 782
0 1 0.20 783
0 1 0.20 784
0 1 0.20 785
0 1 0.20 786
0 1 0.20 787
0 1 0.20 788
0 1 0.20 789
0 1 0.20 790
0 1 0.20 791
0 1 0.20 792
0 1 0.20 793
0 1 0.20 794
0 1 0.20 795
0 1 0.20 796
0 1 0.20 797
0 1 0.20 798
0 1 0.20 799
0 1 0.20 800
0 1 0.20 801
0 1 0.20 802
0 1 0.20 803
0 1 0.20 804
0 1 0.20 805
0 1 0.19 806
0 1 0.19 807
0 1 0.19 808
0 1 0.19 809
0 1 0.19 810
0 1 0.19 811
0 1 0.19 812
0 1 0.19 813
0 1 0.19 814
0 1 0.20 815
0 1 0.19 816
0 1 0.19 817
0 1 0.19 818
0 1 0.20 819
0 1 0.20 820
0 1 0.19 821
0 1 0.19 822
0 1 0.19 823
0 1 0.19 824
0 1 0.19 825
0 1 0.19 826
0 1 0.19 827
0 1 0.19 828
0 1 0.19 829
0 1 0.19 830
0 1 0.19 831
0 1 0.19 832
0 1 0.19 833
0 1 0.19 834
0 1 0.19 835
0 1 0.19 836
0 1 0.19 837
0 1 0.19 838
0 1 0.19 839
0 1 0.19 840
0 1 0.19 841
0 1 0.19 842
0 1 0.19 843
0 1 0.19 844
0 1 0.19 845
0 1 0.19 846
0 1 0.19 847
0 1 0.19 848
0 1 0.19 849
0 1 0.19 850
0 1 0.19 851
0 1 0.19 852
0 1 0.19 853
0 1 0.19 854
0 1 0.19 855
0 1 0.19 856
0 1 0.19 857
0 1 0.19 858
0 1 0.19 859
0 1 0.19 860
0 1 0.19 861
0 1 0.19 862
0 1 0.19 863
0 1 0.19 864
0 1 0.19 865
0 1 0.19 866
0 1 0.19 867
0 1 0.19 868
0 1 0.19 869
0 1 0.19 870
0 1 0.19 871
0 1 0.19 872
0 1 0.19 873
0 1 0.19 874
0 1 0.19 875
0 1 0.19 876
0 1 0.19 877
0 1 0.19 878
0 1 0.19 879
0 1 0.19 880
0 1 0.19 881
0 1 0.19 882
0 1 0.19 883
0 1 0.19 884
0 1 0.19 885
0 1 0.19 886
0 1 0.19 887
0 1 0.19 888
0 1 0.19 889
0 1 0.19 890
0 1 0.19 891
0 1 0.19 892
0 1 0.19 893
0 1 0.19 894
0 1 0.19 895
0 1 0.19 896
0 1 0.19 897
0 1 0.19 898
0 1 0.19 899
0 1 0.19 900
0 1 0.19 901
0 1 0.19 902
0 1 0.19 903
0 1 0.19 904
0 1 0.19 905
0 1 0.19 906
0 1 0.19 907
0 1 0.19 908
0 1 0.19 909
0 1 0.19 910
0 1 0.19 911
0 1 0.19 912
0 1 0.19 913
0 1 0.19 914
0 1 0.19 915
0 1 0.19 916
0 1 0.19 917
0 1 0.19 918
0 1 0.19 919
0 1 0.19 920
0 1 0.19 921
0 1 0.19 922
0 1 0.19 923
0 1 0.19 924
0 1 0.19 925
0 1 0.19 926
0 1 0.19 927
0 1 0.19 928
0 1 0.19 929
0 1 0.19 930
0 1 0.19 931
0 1 0.19 932
0 1 0.19 933
0 1 0.19 934
0 1 0.19 935
0 1 0.19 936
0 1 0.19 937
0 1 0.19 938
0 1 0.19 939
0 1 0.19 940
0 1 0.19 941
0 1 0.19 942
0 1 0.19 943
0 1 0.19 944
0 1 0.19 945
0 1 0.19 946
0 1 0.19 947
0 1 0.19 948
0 1 0.19 949
0 1 0.19 950
0 1 0.19 951
0 1 0.19 952
0 1 0.19 953
0 1 0.1