0 0 0.00 1
0 1 0.50 2
0 1 0.67 3
0 1 0.50 4
0 1 0.40 5
0 1 0.50 6
0 1 0.43 7
0 1 0.50 8
0 1 0.44 9
0 1 0.40 10
0 1 0.36 11
0 1 0.33 12
0 1 0.31 13
0 1 0.29 14
0 1 0.33 15
0 1 0.38 16
0 1 0.41 17
0 1 0.39 18
0 1 0.42 19
0 1 0.40 20
0 1 0.38 21
0 1 0.41 22
0 1 0.39 23
0 1 0.38 24
0 1 0.36 25
0 1 0.38 26
0 1 0.37 27
0 1 0.36 28
0 1 0.38 29
0 1 0.37 30
0 1 0.39 31
0 1 0.41 32
0 1 0.42 33
0 1 0.41 34
0 1 0.43 35
0 1 0.44 36
0 1 0.46 37
0 1 0.45 38
0 1 0.44 39
0 1 0.42 40
0 1 0.41 41
0 1 0.40 42
0 1 0.40 43
0 1 0.39 44
0 1 0.40 45
0 1 0.39 46
0 1 0.38 47
0 1 0.38 48
0 1 0.37 49
0 1 0.38 50
0 2 0.41 51
0 2 0.40 52
0 2 0.42 53
0 2 0.41 54
0 2 0.40 55
0 2 0.41 56
0 2 0.40 57
0 2 0.40 58
0 2 0.41 59
0 2 0.40 60
0 2 0.41 61
0 2 0.40 62
0 2 0.40 63
0 2 0.39 64
0 2 0.38 65
0 2 0.38 66
0 2 0.37 67
0 2 0.37 68
0 2 0.36 69
0 2 0.36 70
0 2 0.37 71
0 2 0.36 72
0 2 0.37 73
0 2 0.36 74
0 2 0.36 75
0 2 0.37 76
0 2 0.36 77
0 2 0.36 78
0 2 0.35 79
0 2 0.36 80
0 2 0.36 81
0 2 0.35 82
0 2 0.35 83
0 2 0.36 84
0 2 0.35 85
0 2 0.35 86
0 2 0.34 87
0 2 0.34 88
0 2 0.35 89
0 2 0.34 90
0 2 0.34 91
0 2 0.34 92
0 2 0.33 93
0 2 0.34 94
0 2 0.35 95
0 2 0.34 96
0 2 0.34 97
0 2 0.35 98
0 2 0.34 99
0 2 0.35 100
0 2 0.35 101
0 2 0.35 102
0 2 0.35 103
0 2 0.35 104
0 2 0.35 105
0 2 0.35 106
0 2 0.36 107
0 2 0.35 108
0 2 0.35 109
0 2 0.35 110
0 2 0.35 111
0 2 0.35 112
0 2 0.35 113
0 2 0.35 114
0 2 0.36 115
0 2 0.35 116
0 2 0.35 117
0 2 0.35 118
0 2 0.35 119
0 2 0.35 120
0 2 0.35 121
0 2 0.35 122
0 2 0.35 123
0 2 0.35 124
0 2 0.34 125
0 2 0.34 126
0 2 0.34 127
0 2 0.34 128
0 2 0.34 129
0 2 0.35 130
0 2 0.34 131
0 2 0.35 132
0 2 0.35 133
0 2 0.34 134
0 2 0.35 135
0 2 0.35 136
0 2 0.34 137
0 2 0.34 138
0 2 0.34 139
0 2 0.34 140
0 2 0.33 141
0 2 0.33 142
0 2 0.33 143
0 2 0.33 144
0 2 0.32 145
0 2 0.32 146
0 2 0.32 147
0 2 0.32 148
0 2 0.32 149
0 2 0.32 150
0 2 0.32 151
0 2 0.32 152
0 2 0.31 153
0 2 0.31 154
0 2 0.32 155
0 2 0.31 156
0 2 0.31 157
0 2 0.31 158
0 2 0.31 159
0 2 0.31 160
0 2 0.31 161
0 2 0.31 162
0 2 0.31 163
0 2 0.31 164
0 2 0.31 165
0 2 0.31 166
0 2 0.31 167
0 2 0.32 168
0 2 0.31 169
0 2 0.31 170
0 2 0.31 171
0 2 0.31 172
0 2 0.31 173
0 2 0.30 174
0 2 0.31 175
0 2 0.31 176
0 2 0.31 177
0 2 0.31 178
0 2 0.31 179
0 2 0.31 180
0 2 0.31 181
0 2 0.32 182
0 2 0.32 183
0 2 0.32 184
0 2 0.32 185
0 2 0.32 186
0 2 0.32 187
0 2 0.32 188
0 2 0.33 189
0 2 0.33 190
0 2 0.33 191
0 2 0.33 192
0 2 0.33 193
0 2 0.34 194
0 2 0.33 195
0 2 0.33 196
0 2 0.33 197
0 2 0.33 198
0 2 0.33 199
0 2 0.33 200
0 2 0.33 201
0 2 0.34 202
0 2 0.33 203
0 2 0.33 204
0 2 0.34 205
0 2 0.33 206
0 2 0.34 207
0 2 0.34 208
0 2 0.34 209
0 2 0.34 210
0 2 0.35 211
0 2 0.35 212
0 2 0.35 213
0 2 0.35 214
0 2 0.35 215
0 2 0.35 216
0 2 0.35 217
0 2 0.35 218
0 2 0.35 219
0 2 0.35 220
0 2 0.35 221
0 2 0.35 222
0 2 0.35 223
0 2 0.34 224
0 2 0.34 225
0 2 0.34 226
0 2 0.34 227
0 2 0.34 228
0 2 0.34 229
0 2 0.34 230
0 2 0.34 231
0 2 0.34 232
0 2 0.34 233
0 2 0.34 234
0 2 0.34 235
0 2 0.34 236
0 2 0.34 237
0 2 0.34 238
0 2 0.34 239
0 2 0.34 240
0 2 0.34 241
0 2 0.34 242
0 2 0.34 243
0 2 0.34 244
0 2 0.34 245
0 2 0.35 246
0 2 0.35 247
0 2 0.35 248
0 2 0.35 249
0 2 0.35 250
0 2 0.35 251
0 2 0.35 252
0 2 0.35 253
0 2 0.35 254
0 2 0.35 255
0 2 0.34 256
0 2 0.34 257
0 2 0.34 258
0 2 0.34 259
0 2 0.34 260
0 2 0.34 261
0 2 0.34 262
0 2 0.34 263
0 2 0.34 264
0 2 0.34 265
0 2 0.34 266
0 2 0.34 267
0 2 0.34 268
0 2 0.34 269
0 2 0.34 270
0 2 0.34 271
0 2 0.34 272
0 2 0.34 273
0 2 0.34 274
0 2 0.34 275
0 2 0.34 276
0 2 0.34 277
0 2 0.34 278
0 2 0.34 279
0 2 0.34 280
0 2 0.34 281
0 2 0.34 282
0 2 0.34 283
0 2 0.34 284
0 2 0.34 285
0 2 0.34 286
0 2 0.34 287
0 2 0.34 288
0 2 0.34 289
0 2 0.34 290
0 2 0.34 291
0 2 0.34 292
0 2 0.34 293
0 2 0.34 294
0 2 0.34 295
0 2 0.34 296
0 2 0.34 297
0 2 0.34 298
0 2 0.34 299
0 2 0.34 300
0 2 0.34 301
0 2 0.34 302
0 2 0.34 303
0 2 0.34 304
0 2 0.34 305
0 2 0.34 306
0 2 0.34 307
0 2 0.34 308
0 2 0.34 309
0 2 0.34 310
0 2 0.34 311
0 2 0.34 312
0 2 0.34 313
0 2 0.34 314
0 2 0.34 315
0 2 0.34 316
0 2 0.34 317
0 2 0.34 318
0 2 0.34 319
0 2 0.34 320
0 2 0.34 321
0 2 0.34 322
0 2 0.34 323
0 2 0.34 324
0 2 0.34 325
0 2 0.34 326
0 2 0.34 327
0 2 0.34 328
0 2 0.34 329
0 2 0.34 330
0 2 0.34 331
0 2 0.34 332
0 2 0.34 333
0 2 0.34 334
0 2 0.34 335
0 2 0.35 336
0 2 0.34 337
0 2 0.34 338
0 2 0.35 339
0 2 0.34 340
0 2 0.34 341
0 2 0.35 342
0 2 0.35 343
0 2 0.35 344
0 2 0.34 345
0 2 0.34 346
0 2 0.34 347
0 2 0.34 348
0 2 0.34 349
0 2 0.35 350
0 2 0.34 351
0 2 0.34 352
0 2 0.34 353
0 2 0.34 354
0 2 0.34 355
0 2 0.35 356
0 2 0.35 357
0 2 0.35 358
0 2 0.35 359
0 2 0.34 360
0 2 0.35 361
0 2 0.35 362
0 2 0.35 363
0 2 0.35 364
0 2 0.35 365
0 2 0.34 366
0 2 0.34 367
0 2 0.34 368
0 2 0.34 369
0 2 0.34 370
0 2 0.34 371
0 2 0.34 372
0 2 0.34 373
0 2 0.34 374
0 2 0.34 375
0 2 0.35 376
0 2 0.34 377
0 2 0.34 378
0 2 0.35 379
0 2 0.35 380
0 2 0.35 381
0 2 0.35 382
0 2 0.35 383
0 2 0.35 384
0 2 0.35 385
0 2 0.34 386
0 2 0.34 387
0 2 0.35 388
0 2 0.35 389
0 2 0.35 390
0 2 0.35 391
0 2 0.35 392
0 2 0.35 393
0 2 0.35 394
0 2 0.35 395
0 2 0.35 396
0 2 0.35 397
0 2 0.34 398
0 2 0.35 399
0 2 0.34 400
0 2 0.35 401
0 2 0.35 402
0 2 0.35 403
0 2 0.35 404
0 2 0.35 405
0 2 0.35 406
0 2 0.35 407
0 2 0.35 408
0 2 0.35 409
0 2 0.35 410
0 2 0.35 411
0 2 0.34 412
0 2 0.35 413
0 2 0.35 414
0 2 0.34 415
0 2 0.34 416
0 2 0.34 417
0 2 0.34 418
0 2 0.34 419
0 2 0.34 420
0 2 0.35 421
0 2 0.35 422
0 2 0.35 423
0 2 0.35 424
0 2 0.35 425
0 2 0.35 426
0 2 0.35 427
0 2 0.35 428
0 2 0.35 429
0 2 0.35 430
0 2 0.35 431
0 2 0.35 432
0 2 0.35 433
0 2 0.35 434
0 2 0.34 435
0 2 0.34 436
0 2 0.34 437
0 2 0.34 438
0 2 0.34 439
0 2 0.34 440
0 2 0.34 441
0 2 0.34 442
0 2 0.34 443
0 2 0.34 444
0 2 0.35 445
0 2 0.35 446
0 2 0.34 447
0 2 0.35 448
0 2 0.35 449
0 2 0.35 450
0 2 0.35 451
0 2 0.35 452
0 2 0.35 453
0 2 0.35 454
0 2 0.35 455
0 2 0.35 456
0 2 0.35 457
0 2 0.35 458
0 2 0.35 459
0 2 0.35 460
0 2 0.34 461
0 2 0.34 462
0 2 0.35 463
0 2 0.34 464
0 2 0.35 465
0 2 0.35 466
0 2 0.34 467
0 2 0.35 468
0 2 0.35 469
0 2 0.34 470
0 2 0.34 471
0 2 0.34 472
0 2 0.34 473
0 2 0.34 474
0 2 0.34 475
0 2 0.34 476
0 2 0.34 477
0 2 0.34 478
0 2 0.34 479
0 2 0.34 480
0 2 0.34 481
0 2 0.34 482
0 2 0.34 483
0 2 0.34 484
0 2 0.34 485
0 2 0.34 486
0 2 0.33 487
0 2 0.33 488
0 2 0.33 489
0 2 0.33 490
0 2 0.33 491
0 2 0.33 492
0 2 0.33 493
0 2 0.33 494
0 2 0.33 495
0 2 0.33 496
0 2 0.33 497
0 2 0.33 498
0 2 0.33 499
0 2 0.33 500
0 2 0.33 501
0 2 0.33 502
0 2 0.33 503
0 2 0.33 504
0 2 0.33 505
0 2 0.33 506
0 2 0.33 507
0 2 0.33 508
0 2 0.33 509
0 2 0.33 510
0 2 0.33 511
0 2 0.33 512
0 2 0.33 513
0 2 0.33 514
0 2 0.33 515
0 2 0.33 516
0 2 0.33 517
0 2 0.33 518
0 2 0.33 519
0 2 0.33 520
0 2 0.33 521
0 2 0.33 522
0 2 0.33 523
0 2 0.33 524
0 2 0.33 525
0 2 0.33 526
0 2 0.33 527
0 2 0.33 528
0 2 0.33 529
0 2 0.33 530
0 2 0.33 531
0 2 0.33 532
0 2 0.33 533
0 2 0.33 534
0 2 0.33 535
0 2 0.33 536
0 2 0.33 537
0 2 0.33 538
0 2 0.33 539
0 2 0.33 540
0 2 0.33 541
0 2 0.33 542
0 2 0.33 543
0 2 0.33 544
0 2 0.33 545
0 2 0.34 546
0 2 0.33 547
0 2 0.34 548
0 2 0.34 549
0 2 0.34 550
0 2 0.34 551
0 2 0.34 552
0 2 0.34 553
0 2 0.34 554
0 2 0.34 555
0 2 0.34 556
0 2 0.34 557
0 2 0.34 558
0 2 0.33 559
0 2 0.33 560
0 2 0.33 561
0 2 0.33 562
0 2 0.33 563
0 2 0.34 564
0 2 0.33 565
0 2 0.33 566
0 2 0.33 567
0 2 0.33 568
0 2 0.33 569
0 2 0.33 570
0 2 0.33 571
0 2 0.33 572
0 2 0.33 573
0 2 0.33 574
0 2 0.33 575
0 2 0.33 576
0 2 0.33 577
0 2 0.33 578
0 2 0.33 579
0 2 0.33 580
0 2 0.33 581
0 2 0.33 582
0 2 0.33 583
0 2 0.33 584
0 2 0.33 585
0 2 0.33 586
0 2 0.33 587
0 2 0.33 588
0 2 0.33 589
0 2 0.33 590
0 2 0.33 591
0 2 0.33 592
0 2 0.33 593
0 2 0.34 594
0 2 0.34 595
0 2 0.34 596
0 2 0.34 597
0 2 0.34 598
0 2 0.34 599
0 2 0.34 600
0 2 0.34 601
0 2 0.34 602
0 2 0.34 603
0 2 0.34 604
0 2 0.34 605
0 2 0.34 606
0 2 0.34 607
0 2 0.34 608
0 2 0.34 609
0 2 0.34 610
0 2 0.34 611
0 2 0.34 612
0 2 0.34 613
0 2 0.34 614
0 2 0.34 615
0 2 0.34 616
0 2 0.34 617
0 2 0.34 618
0 2 0.34 619
0 2 0.34 620
0 2 0.34 621
0 2 0.34 622
0 2 0.34 623
0 2 0.34 624
0 2 0.34 625
0 2 0.34 626
0 2 0.34 627
0 2 0.34 628
0 2 0.34 629
0 2 0.34 630
0 2 0.34 631
0 2 0.34 632
0 2 0.34 633
0 2 0.34 634
0 2 0.34 635
0 2 0.34 636
0 2 0.34 637
0 2 0.34 638
0 2 0.34 639
0 2 0.34 640
0 2 0.34 641
0 2 0.34 642
0 2 0.35 643
0 2 0.34 644
0 2 0.34 645
0 2 0.34 646
0 2 0.34 647
0 2 0.34 648
0 2 0.34 649
0 2 0.34 650
0 2 0.34 651
0 2 0.34 652
0 2 0.34 653
0 2 0.34 654
0 2 0.34 655
0 2 0.34 656
0 2 0.34 657
0 2 0.34 658
0 2 0.34 659
0 2 0.34 660
0 2 0.34 661
0 2 0.34 662
0 2 0.34 663
0 2 0.34 664
0 2 0.34 665
0 2 0.34 666
0 2 0.34 667
0 2 0.34 668
0 2 0.34 669
0 2 0.34 670
0 2 0.34 671
0 2 0.34 672
0 2 0.34 673
0 2 0.34 674
0 2 0.34 675
0 2 0.34 676
0 2 0.34 677
0 2 0.34 678
0 2 0.34 679
0 2 0.34 680
0 2 0.34 681
0 2 0.34 682
0 2 0.34 683
0 2 0.34 684
0 2 0.34 685
0 2 0.34 686
0 2 0.34 687
0 2 0.34 688
0 2 0.34 689
0 2 0.34 690
0 2 0.34 691
0 2 0.34 692
0 2 0.34 693
0 2 0.34 694
0 2 0.34 695
0 2 0.34 696
0 2 0.34 697
0 2 0.34 698
0 2 0.34 699
0 2 0.34 700
0 2 0.34 701
0 2 0.34 702
0 2 0.34 703
0 2 0.34 704
0 2 0.34 705
0 2 0.34 706
0 2 0.34 707
0 2 0.34 708
0 2 0.34 709
0 2 0.34 710
0 2 0.34 711
0 2 0.34 712
0 2 0.34 713
0 2 0.34 714
0 2 0.34 715
0 2 0.34 716
0 2 0.34 717
0 2 0.34 718
0 2 0.34 719
0 2 0.34 720
0 2 0.34 721
0 2 0.34 722
0 2 0.34 723
0 2 0.34 724
0 2 0.34 725
0 2 0.34 726
0 2 0.34 727
0 2 0.34 728
0 2 0.34 729
0 2 0.34 730
0 2 0.34 731
0 2 0.34 732
0 2 0.34 733
0 2 0.34 734
0 2 0.34 735
0 2 0.34 736
0 2 0.34 737
0 2 0.34 738
0 2 0.34 739
0 2 0.34 740
0 2 0.34 741
0 2 0.34 742
0 2 0.34 743
0 2 0.34 744
0 2 0.34 745
0 2 0.34 746
0 2 0.34 747
0 2 0.34 748
0 2 0.34 749
0 2 0.34 750
0 2 0.34 751
0 2 0.34 752
0 2 0.34 753
0 2 0.34 754
0 2 0.34 755
0 2 0.34 756
0 2 0.34 757
0 2 0.34 758
0 2 0.34 759
0 2 0.34 760
0 2 0.34 761
0 2 0.34 762
0 2 0.34 763
0 2 0.34 764
0 2 0.34 765
0 2 0.34 766
0 2 0.34 767
0 2 0.34 768
0 2 0.34 769
0 2 0.34 770
0 2 0.34 771
0 2 0.34 772
0 2 0.34 773
0 2 0.34 774
0 2 0.34 775
0 2 0.34 776
0 2 0.34 777
0 2 0.34 778
0 2 0.34 779
0 2 0.34 780
0 2 0.34 781
0 2 0.34 782
0 2 0.34 783
0 2 0.34 784
0 2 0.34 785
0 2 0.34 786
0 2 0.34 787
0 2 0.34 788
0 2 0.34 789
0 2 0.34 790
0 2 0.34 791
0 2 0.34 792
0 2 0.34 793
0 2 0.34 794
0 2 0.34 795
0 2 0.34 796
0 2 0.34 797
0 2 0.34 798
0 2 0.34 799
0 2 0.34 800
0 2 0.34 801
0 2 0.34 802
0 2 0.34 803
0 2 0.34 804
0 2 0.34 805
0 2 0.34 806
0 2 0.34 807
0 2 0.35 808
0 2 0.35 809
0 2 0.35 810
0 2 0.35 811
0 2 0.34 812
0 2 0.34 813
0 2 0.35 814
0 2 0.34 815
0 2 0.34 816
0 2 0.35 817
0 2 0.34 818
0 2 0.35 819
0 2 0.35 820
0 2 0.35 821
0 2 0.35 822
0 2 0.35 823
0 2 0.35 824
0 2 0.35 825
0 2 0.35 826
0 2 0.34 827
0 2 0.35 828
0 2 0.34 829
0 2 0.34 830
0 2 0.34 831
0 2 0.34 832
0 2 0.34 833
0 2 0.34 834
0 2 0.34 835
0 2 0.34 836
0 2 0.34 837
0 2 0.34 838
0 2 0.34 839
0 2 0.34 840
0 2 0.34 841
0 2 0.34 842
0 2 0.34 843
0 2 0.34 844
0 2 0.34 845
0 2 0.34 846
0 2 0.34 847
0 2 0.34 848
0 2 0.35 849
0 2 0.35 850
0 2 0.35 851
0 2 0.35 852
0 2 0.35 853
0 2 0.35 854
0 2 0.35 855
0 2 0.35 856
0 2 0.35 857
0 2 0.34 858
0 2 0.35 859
0 2 0.35 860
0 2 0.35 861
0 2 0.35 862
0 2 0.35 863
0 2 0.35 864
0 2 0.35 865
0 2 0.35 866
0 2 0.35 867
0 2 0.35 868
0 2 0.35 869
0 2 0.35 870
0 2 0.35 871
0 2 0.35 872
0 2 0.35 873
0 2 0.35 874
0 2 0.35 875
0 2 0.35 876
0 2 0.35 877
0 2 0.35 878
0 2 0.35 879
0 2 0.35 880
0 2 0.35 881
0 2 0.35 882
0 2 0.35 883
0 2 0.35 884
0 2 0.35 885
0 2 0.35 886
0 2 0.35 887
0 2 0.35 888
0 2 0.35 889
0 2 0.35 890
0 2 0.35 891
0 2 0.35 892
0 2 0.35 893
0 2 0.35 894
0 2 0.35 895
0 2 0.35 896
0 2 0.35 897
0 2 0.35 898
0 2 0.35 899
0 2 0.35 900
0 2 0.35 901
0 2 0.35 902
0 2 0.35 903
0 2 0.35 904
0 2 0.35 905
0 2 0.35 906
0 2 0.35 907
0 2 0.35 908
0 2 0.35 909
0 2 0.35 910
0 2 0.35 911
0 2 0.35 912
0 2 0.35 913
0 2 0.35 914
0 2 0.35 915
0 2 0.35 916
0 2 0.35 917
0 2 0.35 918
0 2 0.35 919
0 2 0.35 920
0 2 0.35 921
0 2 0.35 922
0 2 0.35 923
0 2 0.35 924
0 2 0.35 925
0 2 0.35 926
0 2 0.35 927
0 2 0.35 928
0 2 0.35 929
0 2 0.35 930
0 2 0.34 931
0 2 0.35 932
0 2 0.35 933
0 2 0.34 934
0 2 0.34 935
0 2 0.34 936
0 2 0.34 937
0 2 0.34 938
0 2 0.34 939
0 2 0.34 940
0 2 0.34 941
0 2 0.34 942
0 2 0.34 943
0 2 0.34 944
0 2 0.34 945
0 2 0.34 946
0 2 0.34 947
0 2 0.34 948
0 2 0.34 949
0 2 0.34 950
0 2 0.34 951
0 2 0.34 952
0 2 0.35 953
0 2 0.3