0 0 0.00 1
0 0 0.00 2
0 0 0.00 3
0 0 0.00 4
0 1 0.20 5
0 1 0.17 6
0 1 0.14 7
0 1 0.12 8
0 1 0.11 9
0 1 0.10 10
0 1 0.18 11
0 1 0.25 12
0 1 0.23 13
0 1 0.21 14
0 1 0.20 15
0 1 0.19 16
0 1 0.18 17
0 1 0.17 18
0 1 0.16 19
0 1 0.15 20
0 1 0.14 21
0 1 0.18 22
0 1 0.17 23
0 1 0.21 24
0 1 0.20 25
0 1 0.23 26
0 1 0.22 27
0 1 0.21 28
0 1 0.21 29
0 1 0.20 30
0 1 0.19 31
0 1 0.22 32
0 1 0.21 33
0 1 0.24 34
0 1 0.23 35
0 1 0.25 36
0 1 0.24 37
0 1 0.26 38
0 1 0.26 39
0 1 0.25 40
0 1 0.27 41
0 1 0.26 42
0 1 0.26 43
0 1 0.25 44
0 1 0.24 45
0 1 0.26 46
0 1 0.28 47
0 1 0.27 48
0 1 0.27 49
0 1 0.26 50
0 1 0.25 51
0 1 0.25 52
0 1 0.25 53
0 1 0.24 54
0 1 0.25 55
0 1 0.25 56
0 1 0.25 57
0 1 0.26 58
0 1 0.25 59
0 1 0.25 60
0 1 0.26 61
0 1 0.26 62
0 1 0.25 63
0 1 0.25 64
0 1 0.25 65
0 1 0.26 66
0 1 0.25 67
0 1 0.26 68
0 1 0.26 69
0 1 0.26 70
0 1 0.25 71
0 1 0.26 72
0 1 0.26 73
0 1 0.26 74
0 1 0.25 75
0 1 0.25 76
0 1 0.25 77
0 1 0.26 78
0 1 0.25 79
0 1 0.25 80
0 1 0.25 81
0 1 0.26 82
0 1 0.25 83
0 1 0.25 84
0 1 0.26 85
0 1 0.26 86
0 1 0.26 87
0 1 0.26 88
0 1 0.26 89
0 1 0.26 90
0 1 0.25 91
0 1 0.25 92
0 1 0.25 93
0 1 0.26 94
0 1 0.25 95
0 1 0.25 96
0 1 0.25 97
0 1 0.26 98
0 1 0.25 99
0 1 0.25 100
0 1 0.26 101
0 1 0.26 102
0 1 0.26 103
0 1 0.26 104
0 1 0.26 105
0 1 0.25 106
0 1 0.26 107
0 1 0.26 108
0 1 0.27 109
0 1 0.26 110
0 1 0.26 111
0 1 0.26 112
0 1 0.26 113
0 1 0.25 114
0 1 0.26 115
0 1 0.26 116
0 1 0.26 117
0 1 0.25 118
0 1 0.26 119
0 1 0.26 120
0 1 0.26 121
0 1 0.25 122
0 1 0.25 123
0 1 0.26 124
0 1 0.26 125
0 1 0.26 126
0 1 0.26 127
0 1 0.26 128
0 1 0.26 129
0 1 0.27 130
0 1 0.27 131
0 1 0.27 132
0 1 0.27 133
0 1 0.27 134
0 1 0.27 135
0 1 0.27 136
0 1 0.28 137
0 1 0.28 138
0 1 0.27 139
0 1 0.27 140
0 1 0.27 141
0 1 0.27 142
0 1 0.27 143
0 1 0.26 144
0 1 0.26 145
0 1 0.26 146
0 1 0.26 147
0 1 0.26 148
0 1 0.26 149
0 1 0.27 150
0 1 0.26 151
0 1 0.27 152
0 1 0.27 153
0 1 0.27 154
0 1 0.27 155
0 1 0.27 156
0 1 0.27 157
0 1 0.27 158
0 1 0.27 159
0 1 0.28 160
0 1 0.27 161
0 1 0.28 162
0 1 0.28 163
0 1 0.27 164
0 1 0.27 165
0 1 0.28 166
0 1 0.28 167
0 1 0.27 168
0 1 0.28 169
0 1 0.28 170
0 1 0.27 171
0 1 0.28 172
0 1 0.28 173
0 1 0.28 174
0 1 0.28 175
0 1 0.28 176
0 1 0.28 177
0 1 0.28 178
0 1 0.28 179
0 1 0.28 180
0 1 0.28 181
0 1 0.28 182
0 1 0.28 183
0 1 0.28 184
0 1 0.28 185
0 1 0.28 186
0 1 0.28 187
0 1 0.28 188
0 1 0.29 189
0 1 0.28 190
0 1 0.28 191
0 1 0.29 192
0 1 0.28 193
0 1 0.28 194
0 1 0.28 195
0 1 0.28 196
0 1 0.28 197
0 1 0.28 198
0 1 0.28 199
0 1 0.28 200
0 1 0.27 201
0 1 0.28 202
0 1 0.28 203
0 1 0.27 204
0 1 0.28 205
0 1 0.28 206
0 1 0.28 207
0 1 0.28 208
0 1 0.28 209
0 1 0.28 210
0 1 0.28 211
0 1 0.28 212
0 1 0.28 213
0 1 0.28 214
0 1 0.28 215
0 1 0.28 216
0 1 0.28 217
0 1 0.28 218
0 1 0.28 219
0 1 0.29 220
0 1 0.29 221
0 1 0.28 222
0 1 0.28 223
0 1 0.28 224
0 1 0.28 225
0 1 0.28 226
0 1 0.28 227
0 1 0.28 228
0 1 0.28 229
0 1 0.28 230
0 1 0.28 231
0 1 0.28 232
0 1 0.27 233
0 1 0.28 234
0 1 0.28 235
0 1 0.28 236
0 1 0.28 237
0 1 0.28 238
0 1 0.28 239
0 1 0.28 240
0 1 0.28 241
0 1 0.28 242
0 1 0.28 243
0 1 0.28 244
0 1 0.28 245
0 1 0.28 246
0 1 0.28 247
0 1 0.28 248
0 1 0.28 249
0 1 0.28 250
0 1 0.27 251
0 1 0.27 252
0 1 0.28 253
0 1 0.28 254
0 1 0.27 255
0 1 0.28 256
0 1 0.28 257
0 1 0.28 258
0 1 0.28 259
0 1 0.28 260
0 1 0.28 261
0 1 0.27 262
0 1 0.27 263
0 1 0.27 264
0 1 0.27 265
0 1 0.27 266
0 1 0.27 267
0 1 0.27 268
0 1 0.27 269
0 1 0.27 270
0 1 0.27 271
0 1 0.27 272
0 1 0.27 273
0 1 0.27 274
0 1 0.27 275
0 1 0.28 276
0 1 0.27 277
0 1 0.28 278
0 1 0.28 279
0 1 0.28 280
0 1 0.27 281
0 1 0.28 282
0 1 0.28 283
0 1 0.28 284
0 1 0.28 285
0 1 0.28 286
0 1 0.28 287
0 1 0.28 288
0 1 0.28 289
0 1 0.28 290
0 1 0.28 291
0 1 0.28 292
0 1 0.28 293
0 1 0.28 294
0 1 0.28 295
0 1 0.28 296
0 1 0.28 297
0 1 0.28 298
0 1 0.27 299
0 1 0.27 300
0 1 0.27 301
0 1 0.27 302
0 1 0.27 303
0 1 0.27 304
0 1 0.27 305
0 1 0.27 306
0 1 0.27 307
0 1 0.27 308
0 1 0.27 309
0 1 0.27 310
0 1 0.27 311
0 1 0.27 312
0 1 0.27 313
0 1 0.27 314
0 1 0.27 315
0 1 0.27 316
0 1 0.26 317
0 1 0.27 318
0 1 0.27 319
0 1 0.27 320
0 1 0.27 321
0 1 0.27 322
0 1 0.27 323
0 1 0.27 324
0 1 0.27 325
0 1 0.27 326
0 1 0.27 327
0 1 0.27 328
0 1 0.27 329
0 1 0.27 330
0 1 0.27 331
0 1 0.27 332
0 1 0.27 333
0 1 0.27 334
0 1 0.27 335
0 1 0.27 336
0 1 0.27 337
0 1 0.27 338
0 1 0.27 339
0 1 0.27 340
0 1 0.27 341
0 1 0.27 342
0 1 0.27 343
0 1 0.27 344
0 1 0.27 345
0 1 0.27 346
0 1 0.27 347
0 1 0.27 348
0 1 0.27 349
0 1 0.27 350
0 1 0.27 351
0 1 0.27 352
0 1 0.27 353
0 1 0.27 354
0 1 0.28 355
0 1 0.28 356
0 1 0.27 357
0 1 0.28 358
0 1 0.28 359
0 1 0.28 360
0 1 0.28 361
0 1 0.28 362
0 1 0.28 363
0 1 0.28 364
0 1 0.28 365
0 1 0.28 366
0 1 0.28 367
0 1 0.28 368
0 1 0.28 369
0 1 0.28 370
0 1 0.28 371
0 1 0.28 372
0 1 0.28 373
0 1 0.28 374
0 1 0.28 375
0 1 0.28 376
0 1 0.28 377
0 1 0.28 378
0 1 0.28 379
0 1 0.28 380
0 1 0.28 381
0 1 0.29 382
0 1 0.28 383
0 1 0.28 384
0 1 0.29 385
0 1 0.28 386
0 1 0.28 387
0 1 0.28 388
0 1 0.29 389
0 1 0.28 390
0 1 0.28 391
0 1 0.29 392
0 1 0.28 393
0 1 0.28 394
0 1 0.28 395
0 1 0.28 396
0 1 0.28 397
0 1 0.28 398
0 1 0.28 399
0 1 0.28 400
0 1 0.28 401
0 1 0.28 402
0 1 0.29 403
0 1 0.28 404
0 1 0.28 405
0 1 0.28 406
0 1 0.28 407
0 1 0.28 408
0 1 0.28 409
0 1 0.28 410
0 1 0.28 411
0 1 0.28 412
0 1 0.29 413
0 1 0.29 414
0 1 0.28 415
0 1 0.29 416
0 1 0.29 417
0 1 0.28 418
0 1 0.28 419
0 1 0.28 420
0 1 0.29 421
0 1 0.28 422
0 1 0.29 423
0 1 0.29 424
0 1 0.28 425
0 1 0.29 426
0 1 0.29 427
0 1 0.29 428
0 1 0.28 429
0 1 0.28 430
0 1 0.28 431
0 1 0.28 432
0 1 0.28 433
0 1 0.28 434
0 1 0.28 435
0 1 0.28 436
0 1 0.28 437
0 1 0.28 438
0 1 0.28 439
0 1 0.28 440
0 1 0.28 441
0 1 0.28 442
0 1 0.28 443
0 1 0.28 444
0 1 0.28 445
0 1 0.28 446
0 1 0.29 447
0 1 0.29 448
0 1 0.29 449
0 1 0.28 450
0 1 0.28 451
0 1 0.29 452
0 1 0.29 453
0 1 0.29 454
0 1 0.29 455
0 1 0.29 456
0 1 0.29 457
0 1 0.29 458
0 1 0.29 459
0 1 0.28 460
0 1 0.29 461
0 1 0.29 462
0 1 0.29 463
0 1 0.29 464
0 1 0.29 465
0 1 0.29 466
0 16 0.32 467
0 16 0.32 468
0 16 0.32 469
0 16 0.32 470
0 16 0.32 471
0 16 0.32 472
0 16 0.32 473
0 16 0.32 474
0 16 0.32 475
0 16 0.32 476
0 16 0.32 477
0 16 0.32 478
0 16 0.32 479
0 16 0.32 480
0 16 0.32 481
0 16 0.32 482
0 16 0.31 483
0 16 0.31 484
0 16 0.32 485
0 16 0.31 486
0 16 0.31 487
0 16 0.32 488
0 16 0.31 489
0 16 0.32 490
0 16 0.32 491
0 16 0.32 492
0 16 0.31 493
0 16 0.32 494
0 16 0.32 495
0 16 0.31 496
0 16 0.32 497
0 16 0.32 498
0 16 0.31 499
0 16 0.32 500
0 16 0.32 501
0 16 0.31 502
0 16 0.32 503
0 16 0.32 504
0 16 0.32 505
0 16 0.32 506
0 16 0.32 507
0 16 0.31 508
0 16 0.31 509
0 16 0.31 510
0 16 0.32 511
0 16 0.31 512
0 16 0.31 513
0 16 0.32 514
0 16 0.31 515
0 16 0.31 516
0 16 0.31 517
0 16 0.31 518
0 16 0.31 519
0 16 0.31 520
0 16 0.31 521
0 16 0.31 522
0 16 0.31 523
0 16 0.31 524
0 16 0.31 525
0 16 0.31 526
0 16 0.31 527
0 16 0.31 528
0 16 0.31 529
0 16 0.31 530
0 16 0.31 531
0 16 0.31 532
0 16 0.31 533
0 16 0.31 534
0 16 0.31 535
0 16 0.31 536
0 16 0.31 537
0 16 0.31 538
0 16 0.32 539
0 16 0.31 540
0 16 0.31 541
0 16 0.32 542
0 16 0.31 543
0 16 0.31 544
0 16 0.31 545
0 16 0.32 546
0 16 0.31 547
0 16 0.31 548
0 16 0.31 549
0 16 0.31 550
0 16 0.31 551
0 16 0.31 552
0 16 0.31 553
0 16 0.31 554
0 16 0.31 555
0 16 0.31 556
0 16 0.31 557
0 16 0.31 558
0 16 0.31 559
0 16 0.31 560
0 16 0.31 561
0 16 0.31 562
0 16 0.31 563
0 16 0.31 564
0 16 0.31 565
0 16 0.31 566
0 16 0.31 567
0 16 0.31 568
0 16 0.31 569
0 16 0.31 570
0 16 0.31 571
0 16 0.31 572
0 16 0.31 573
0 16 0.31 574
0 16 0.31 575
0 16 0.31 576
0 16 0.31 577
0 16 0.31 578
0 16 0.31 579
0 16 0.31 580
0 16 0.31 581
0 16 0.31 582
0 16 0.31 583
0 16 0.31 584
0 16 0.31 585
0 16 0.31 586
0 16 0.31 587
0 16 0.31 588
0 16 0.31 589
0 16 0.31 590
0 16 0.31 591
0 16 0.31 592
0 16 0.31 593
0 16 0.31 594
0 16 0.31 595
0 16 0.31 596
0 16 0.31 597
0 16 0.31 598
0 16 0.31 599
0 16 0.31 600
0 16 0.31 601
0 16 0.31 602
0 16 0.31 603
0 16 0.31 604
0 16 0.31 605
0 16 0.31 606
0 16 0.31 607
0 16 0.31 608
0 16 0.31 609
0 16 0.31 610
0 16 0.31 611
0 16 0.31 612
0 16 0.31 613
0 16 0.31 614
0 16 0.31 615
0 16 0.31 616
0 16 0.31 617
0 16 0.31 618
0 16 0.31 619
0 16 0.31 620
0 16 0.31 621
0 16 0.31 622
0 16 0.31 623
0 16 0.31 624
0 16 0.31 625
0 16 0.31 626
0 16 0.31 627
0 16 0.31 628
0 16 0.31 629
0 16 0.31 630
0 16 0.31 631
0 16 0.31 632
0 16 0.31 633
0 16 0.31 634
0 16 0.31 635
0 16 0.31 636
0 16 0.31 637
0 16 0.31 638
0 16 0.31 639
0 16 0.31 640
0 16 0.31 641
0 16 0.31 642
0 16 0.31 643
0 16 0.31 644
0 16 0.31 645
0 16 0.31 646
0 16 0.31 647
0 16 0.31 648
0 16 0.31 649
0 16 0.31 650
0 16 0.31 651
0 16 0.31 652
0 16 0.31 653
0 16 0.31 654
0 16 0.31 655
0 16 0.30 656
0 16 0.30 657
0 16 0.31 658
0 16 0.31 659
0 16 0.30 660
0 16 0.30 661
0 16 0.30 662
0 16 0.30 663
0 16 0.30 664
0 16 0.30 665
0 16 0.30 666
0 16 0.30 667
0 16 0.30 668
0 16 0.30 669
0 16 0.30 670
0 16 0.30 671
0 16 0.30 672
0 16 0.30 673
0 16 0.30 674
0 16 0.30 675
0 16 0.30 676
0 16 0.30 677
0 16 0.30 678
0 16 0.30 679
0 16 0.30 680
0 16 0.30 681
0 16 0.30 682
0 16 0.30 683
0 16 0.30 684
0 16 0.30 685
0 16 0.30 686
0 16 0.30 687
0 16 0.30 688
0 16 0.30 689
0 16 0.30 690
0 16 0.30 691
0 16 0.30 692
0 16 0.30 693
0 16 0.30 694
0 16 0.30 695
0 16 0.30 696
0 16 0.30 697
0 16 0.30 698
0 16 0.30 699
0 16 0.30 700
0 16 0.30 701
0 16 0.30 702
0 16 0.30 703
0 16 0.30 704
0 16 0.30 705
0 16 0.30 706
0 16 0.30 707
0 16 0.30 708
0 16 0.30 709
0 16 0.30 710
0 16 0.30 711
0 16 0.30 712
0 16 0.30 713
0 16 0.30 714
0 16 0.30 715
0 16 0.30 716
0 16 0.30 717
0 16 0.30 718
0 16 0.30 719
0 16 0.30 720
0 16 0.30 721
0 16 0.30 722
0 16 0.30 723
0 16 0.30 724
0 16 0.30 725
0 16 0.30 726
0 16 0.30 727
0 16 0.30 728
0 16 0.30 729
0 16 0.30 730
0 16 0.30 731
0 16 0.30 732
0 16 0.30 733
0 16 0.30 734
0 16 0.30 735
0 16 0.30 736
0 16 0.30 737
0 16 0.30 738
0 16 0.30 739
0 16 0.30 740
0 16 0.30 741
0 16 0.30 742
0 16 0.30 743
0 16 0.30 744
0 16 0.30 745
0 16 0.30 746
0 16 0.30 747
0 16 0.30 748
0 16 0.30 749
0 16 0.30 750
0 16 0.30 751
0 16 0.30 752
0 16 0.30 753
0 16 0.30 754
0 16 0.30 755
0 16 0.30 756
0 16 0.30 757
0 16 0.30 758
0 16 0.30 759
0 16 0.30 760
0 16 0.30 761
0 16 0.30 762
0 16 0.30 763
0 16 0.30 764
0 16 0.30 765
0 16 0.30 766
0 16 0.30 767
0 16 0.30 768
0 16 0.30 769
0 16 0.30 770
0 16 0.30 771
0 16 0.30 772
0 16 0.30 773
0 16 0.30 774
0 16 0.30 775
0 16 0.30 776
0 16 0.30 777
0 16 0.30 778
0 16 0.30 779
0 16 0.30 780
0 16 0.30 781
0 16 0.30 782
0 16 0.30 783
0 16 0.30 784
0 16 0.30 785
0 16 0.30 786
0 16 0.30 787
0 16 0.30 788
0 16 0.30 789
0 16 0.30 790
0 16 0.30 791
0 16 0.30 792
0 16 0.30 793
0 16 0.30 794
0 16 0.30 795
0 16 0.30 796
0 16 0.30 797
0 16 0.30 798
0 16 0.30 799
0 16 0.30 800
0 16 0.30 801
0 16 0.30 802
0 16 0.30 803
0 16 0.30 804
0 16 0.30 805
0 16 0.30 806
0 16 0.30 807
0 16 0.30 808
0 16 0.30 809
0 16 0.30 810
0 16 0.30 811
0 16 0.30 812
0 16 0.30 813
0 16 0.30 814
0 16 0.30 815
0 16 0.30 816
0 16 0.30 817
0 16 0.30 818
0 16 0.30 819
0 16 0.30 820
0 16 0.30 821
0 16 0.30 822
0 16 0.30 823
0 16 0.30 824
0 16 0.30 825
0 16 0.30 826
0 16 0.30 827
0 16 0.30 828
0 16 0.30 829
0 16 0.30 830
0 16 0.30 831
0 16 0.30 832
0 16 0.30 833
0 16 0.29 834
0 16 0.29 835
0 16 0.29 836
0 16 0.29 837
0 16 0.29 838
0 16 0.29 839
0 16 0.29 840
0 16 0.29 841
0 16 0.29 842
0 16 0.29 843
0 16 0.30 844
0 16 0.29 845
0 16 0.30 846
0 16 0.30 847
0 16 0.30 848
0 16 0.30 849
0 16 0.30 850
0 16 0.30 851
0 16 0.30 852
0 16 0.30 853
0 16 0.30 854
0 16 0.30 855
0 16 0.30 856
0 16 0.30 857
0 16 0.30 858
0 16 0.30 859
0 16 0.30 860
0 16 0.30 861
0 16 0.30 862
0 16 0.30 863
0 16 0.30 864
0 16 0.30 865
0 16 0.30 866
0 16 0.30 867
0 16 0.30 868
0 16 0.30 869
0 16 0.30 870
0 16 0.30 871
0 16 0.30 872
0 16 0.30 873
0 16 0.30 874
0 16 0.30 875
0 16 0.30 876
0 16 0.30 877
0 16 0.30 878
0 16 0.30 879
0 16 0.30 880
0 16 0.30 881
0 16 0.30 882
0 16 0.30 883
0 16 0.30 884
0 16 0.30 885
0 16 0.30 886
0 16 0.30 887
0 16 0.30 888
0 16 0.30 889
0 16 0.30 890
0 16 0.30 891
0 16 0.30 892
0 16 0.30 893
0 16 0.30 894
0 16 0.30 895
0 16 0.30 896
0 16 0.30 897
0 16 0.30 898
0 16 0.30 899
0 16 0.30 900
0 16 0.30 901
0 16 0.30 902
0 16 0.30 903
0 16 0.30 904
0 16 0.30 905
0 16 0.30 906
0 16 0.30 907
0 16 0.30 908
0 16 0.30 909
0 16 0.30 910
0 16 0.30 911
0 16 0.30 912
0 16 0.30 913
0 16 0.30 914
0 16 0.30 915
0 16 0.30 916
0 16 0.30 917
0 16 0.30 918
0 16 0.30 