3 3 3.00 1
1 3 2.00 2
1 3 1.67 3
1 3 1.50 4
1 3 1.60 5
1 3 1.67 6
1 3 1.57 7
1 3 1.50 8
0 3 1.33 9
0 3 1.30 10
0 3 1.36 11
0 3 1.33 12
0 3 1.31 13
0 3 1.36 14
0 3 1.33 15
0 3 1.31 16
0 3 1.35 17
0 3 1.28 18
0 3 1.26 19
0 3 1.30 20
0 3 1.29 21
0 3 1.27 22
0 3 1.26 23
0 3 1.25 24
0 3 1.28 25
0 3 1.27 26
0 3 1.26 27
0 3 1.29 28
0 3 1.28 29
0 3 1.27 30
0 3 1.29 31
0 3 1.28 32
0 3 1.30 33
0 3 1.29 34
0 3 1.29 35
0 3 1.28 36
0 3 1.27 37
0 3 1.26 38
0 3 1.26 39
0 3 1.27 40
0 3 1.27 41
0 3 1.26 42
0 3 1.26 43
0 3 1.25 44
0 3 1.27 45
0 3 1.26 46
0 3 1.28 47
0 3 1.29 48
0 3 1.31 49
0 3 1.30 50
0 3 1.31 51
0 3 1.31 52
0 3 1.30 53
0 3 1.30 54
0 3 1.29 55
0 3 1.30 56
0 3 1.30 57
0 3 1.29 58
0 3 1.31 59
0 3 1.30 60
0 3 1.30 61
0 3 1.29 62
0 3 1.30 63
0 3 1.30 64
0 3 1.29 65
0 3 1.29 66
0 3 1.28 67
0 3 1.28 68
0 3 1.28 69
0 3 1.27 70
0 3 1.27 71
0 3 1.28 72
0 3 1.29 73
0 3 1.28 74
0 3 1.28 75
0 3 1.28 76
0 3 1.29 77
0 3 1.28 78
0 3 1.28 79
0 3 1.26 80
0 3 1.27 81
0 3 1.27 82
0 3 1.27 83
0 3 1.26 84
0 3 1.27 85
0 3 1.28 86
0 3 1.26 87
0 3 1.26 88
0 3 1.26 89
0 3 1.26 90
0 3 1.26 91
0 3 1.27 92
0 3 1.27 93
0 3 1.27 94
0 3 1.26 95
0 3 1.26 96
0 3 1.26 97
0 3 1.26 98
0 3 1.25 99
0 3 1.24 100
0 3 1.24 101
0 3 1.25 102
0 3 1.25 103
0 3 1.25 104
0 3 1.25 105
0 3 1.25 106
0 3 1.24 107
0 3 1.25 108
0 3 1.26 109
0 3 1.25 110
0 3 1.25 111
0 3 1.25 112
0 3 1.27 113
0 3 1.26 114
0 3 1.27 115
0 3 1.27 116
0 3 1.26 117
0 3 1.26 118
0 3 1.27 119
0 3 1.26 120
0 3 1.26 121
0 3 1.26 122
0 3 1.26 123
0 3 1.26 124
0 3 1.26 125
0 3 1.26 126
0 3 1.26 127
0 3 1.27 128
0 3 1.26 129
0 3 1.25 130
0 3 1.25 131
0 3 1.25 132
0 3 1.25 133
0 3 1.25 134
0 3 1.25 135
0 3 1.24 136
0 3 1.23 137
0 3 1.23 138
0 3 1.23 139
0 3 1.23 140
0 3 1.23 141
0 3 1.23 142
0 3 1.22 143
0 3 1.22 144
0 3 1.21 145
0 3 1.21 146
0 3 1.20 147
0 3 1.20 148
0 3 1.20 149
0 3 1.20 150
0 3 1.20 151
0 3 1.20 152
0 3 1.20 153
0 3 1.19 154
0 3 1.19 155
0 3 1.20 156
0 3 1.20 157
0 3 1.19 158
0 3 1.19 159
0 3 1.19 160
0 3 1.19 161
0 3 1.19 162
0 3 1.18 163
0 3 1.18 164
0 3 1.18 165
0 3 1.17 166
0 3 1.16 167
0 3 1.17 168
0 3 1.17 169
0 3 1.16 170
0 3 1.16 171
0 3 1.17 172
0 3 1.16 173
0 3 1.16 174
0 3 1.16 175
0 3 1.16 176
0 3 1.16 177
0 3 1.16 178
0 3 1.16 179
0 3 1.16 180
0 3 1.15 181
0 3 1.16 182
0 3 1.16 183
0 3 1.16 184
0 3 1.16 185
0 3 1.17 186
0 3 1.16 187
0 3 1.16 188
0 3 1.16 189
0 3 1.16 190
0 3 1.15 191
0 3 1.15 192
0 3 1.15 193
0 3 1.15 194
0 3 1.15 195
0 3 1.15 196
0 3 1.15 197
0 3 1.16 198
0 3 1.16 199
0 3 1.16 200
0 3 1.15 201
0 3 1.16 202
0 3 1.16 203
0 3 1.17 204
0 3 1.17 205
0 3 1.17 206
0 3 1.16 207
0 3 1.16 208
0 3 1.16 209
0 3 1.16 210
0 3 1.17 211
0 3 1.17 212
0 3 1.17 213
0 3 1.17 214
0 3 1.17 215
0 3 1.18 216
0 3 1.18 217
0 3 1.17 218
0 3 1.17 219
0 3 1.17 220
0 3 1.17 221
0 3 1.17 222
0 3 1.17 223
0 3 1.17 224
0 3 1.17 225
0 3 1.17 226
0 3 1.17 227
0 3 1.17 228
0 3 1.17 229
0 3 1.17 230
0 3 1.16 231
0 3 1.17 232
0 3 1.17 233
0 3 1.16 234
0 3 1.17 235
0 3 1.16 236
0 3 1.16 237
0 3 1.15 238
0 3 1.15 239
0 3 1.14 240
0 3 1.14 241
0 3 1.14 242
0 3 1.14 243
0 3 1.14 244
0 3 1.13 245
0 3 1.13 246
0 3 1.13 247
0 3 1.13 248
0 3 1.13 249
0 3 1.13 250
0 3 1.13 251
0 3 1.13 252
0 3 1.12 253
0 3 1.12 254
0 3 1.12 255
0 3 1.12 256
0 3 1.12 257
0 3 1.12 258
0 3 1.12 259
0 3 1.12 260
0 3 1.11 261
0 3 1.12 262
0 3 1.12 263
0 3 1.12 264
0 3 1.12 265
0 3 1.12 266
0 3 1.12 267
0 3 1.12 268
0 3 1.12 269
0 3 1.12 270
0 3 1.12 271
0 4 1.13 272
0 4 1.13 273
0 4 1.13 274
0 4 1.13 275
0 4 1.13 276
0 4 1.13 277
0 4 1.13 278
0 4 1.13 279
0 4 1.14 280
0 4 1.13 281
0 4 1.13 282
0 4 1.12 283
0 4 1.12 284
0 4 1.12 285
0 4 1.12 286
0 4 1.12 287
0 4 1.12 288
0 4 1.12 289
0 4 1.13 290
0 4 1.13 291
0 4 1.13 292
0 4 1.13 293
0 4 1.13 294
0 4 1.14 295
0 4 1.14 296
0 4 1.13 297
0 4 1.13 298
0 4 1.14 299
0 4 1.14 300
0 4 1.13 301
0 4 1.13 302
0 4 1.13 303
0 4 1.13 304
0 4 1.13 305
0 4 1.13 306
0 4 1.13 307
0 4 1.13 308
0 4 1.13 309
0 4 1.13 310
0 4 1.13 311
0 4 1.12 312
0 4 1.12 313
0 4 1.13 314
0 4 1.13 315
0 4 1.13 316
0 4 1.12 317
0 4 1.12 318
0 4 1.12 319
0 4 1.12 320
0 4 1.12 321
0 4 1.12 322
0 4 1.12 323
0 4 1.11 324
0 4 1.11 325
0 4 1.11 326
0 4 1.11 327
0 4 1.11 328
0 4 1.11 329
0 4 1.11 330
0 4 1.11 331
0 4 1.11 332
0 4 1.10 333
0 4 1.10 334
0 4 1.10 335
0 4 1.10 336
0 4 1.10 337
0 4 1.10 338
0 4 1.10 339
0 4 1.10 340
0 4 1.09 341
0 4 1.09 342
0 4 1.09 343
0 4 1.09 344
0 4 1.09 345
0 4 1.09 346
0 4 1.09 347
0 4 1.09 348
0 4 1.09 349
0 4 1.09 350
0 4 1.09 351
0 4 1.09 352
0 4 1.09 353
0 4 1.09 354
0 4 1.09 355
0 4 1.09 356
0 4 1.09 357
0 4 1.09 358
0 4 1.09 359
0 4 1.09 360
0 4 1.09 361
0 4 1.09 362
0 4 1.09 363
0 4 1.09 364
0 4 1.09 365
0 4 1.09 366
0 4 1.09 367
0 4 1.09 368
0 4 1.09 369
0 4 1.09 370
0 4 1.09 371
0 4 1.09 372
0 4 1.09 373
0 4 1.09 374
0 4 1.09 375
0 4 1.09 376
0 4 1.09 377
0 4 1.09 378
0 4 1.09 379
0 4 1.09 380
0 4 1.09 381
0 4 1.09 382
0 4 1.09 383
0 4 1.09 384
0 4 1.09 385
0 4 1.09 386
0 4 1.09 387
0 4 1.09 388
0 4 1.09 389
0 4 1.09 390
0 4 1.09 391
0 4 1.09 392
0 4 1.09 393
0 4 1.09 394
0 4 1.09 395
0 4 1.09 396
0 4 1.09 397
0 4 1.09 398
0 4 1.09 399
0 4 1.09 400
0 4 1.09 401
0 4 1.09 402
0 4 1.09 403
0 4 1.09 404
0 4 1.10 405
0 4 1.10 406
0 4 1.10 407
0 4 1.10 408
0 4 1.10 409
0 4 1.10 410
0 4 1.09 411
0 4 1.10 412
0 4 1.10 413
0 4 1.10 414
0 4 1.09 415
0 4 1.09 416
0 4 1.09 417
0 4 1.10 418
0 4 1.10 419
0 4 1.09 420
0 4 1.09 421
0 4 1.09 422
0 4 1.09 423
0 4 1.09 424
0 4 1.09 425
0 4 1.09 426
0 4 1.09 427
0 4 1.09 428
0 4 1.08 429
0 4 1.09 430
0 4 1.08 431
0 4 1.08 432
0 4 1.08 433
0 4 1.08 434
0 4 1.08 435
0 4 1.08 436
0 4 1.08 437
0 4 1.08 438
0 4 1.08 439
0 4 1.08 440
0 4 1.08 441
0 4 1.08 442
0 4 1.08 443
0 4 1.08 444
0 4 1.08 445
0 4 1.08 446
0 4 1.08 447
0 4 1.08 448
0 4 1.08 449
0 4 1.08 450
0 4 1.08 451
0 4 1.08 452
0 4 1.09 453
0 4 1.09 454
0 4 1.08 455
0 4 1.09 456
0 4 1.09 457
0 4 1.09 458
0 4 1.09 459
0 4 1.09 460
0 4 1.09 461
0 4 1.09 462
0 4 1.09 463
0 4 1.09 464
0 4 1.09 465
0 4 1.08 466
0 4 1.08 467
0 4 1.08 468
0 4 1.09 469
0 4 1.09 470
0 4 1.09 471
0 4 1.09 472
0 4 1.09 473
0 4 1.09 474
0 4 1.09 475
0 4 1.09 476
0 4 1.09 477
0 4 1.09 478
0 4 1.09 479
0 4 1.09 480
0 4 1.09 481
0 4 1.09 482
0 4 1.09 483
0 4 1.09 484
0 4 1.09 485
0 4 1.09 486
0 4 1.09 487
0 4 1.09 488
0 4 1.09 489
0 4 1.09 490
0 4 1.09 491
0 4 1.09 492
0 4 1.09 493
0 4 1.09 494
0 4 1.09 495
0 4 1.09 496
0 4 1.09 497
0 4 1.09 498
0 4 1.09 499
0 4 1.09 500
0 4 1.09 501
0 4 1.09 502
0 4 1.09 503
0 4 1.09 504
0 4 1.09 505
0 4 1.09 506
0 4 1.09 507
0 4 1.09 508
0 4 1.09 509
0 4 1.09 510
0 4 1.09 511
0 4 1.09 512
0 4 1.09 513
0 4 1.09 514
0 4 1.09 515
0 4 1.09 516
0 4 1.09 517
0 4 1.09 518
0 4 1.09 519
0 4 1.09 520
0 4 1.09 521
0 4 1.09 522
0 4 1.09 523
0 4 1.09 524
0 4 1.09 525
0 4 1.10 526
0 4 1.09 527
0 4 1.09 528
0 4 1.10 529
0 4 1.09 530
0 4 1.09 531
0 4 1.10 532
0 4 1.10 533
0 4 1.10 534
0 4 1.10 535
0 4 1.10 536
0 4 1.10 537
0 4 1.10 538
0 4 1.10 539
0 4 1.10 540
0 4 1.10 541
0 4 1.10 542
0 4 1.10 543
0 4 1.10 544
0 4 1.10 545
0 4 1.10 546
0 4 1.10 547
0 4 1.10 548
0 4 1.10 549
0 4 1.10 550
0 4 1.10 551
0 4 1.11 552
0 4 1.11 553
0 4 1.11 554
0 4 1.11 555
0 4 1.11 556
0 4 1.11 557
0 4 1.11 558
0 4 1.11 559
0 4 1.11 560
0 4 1.11 561
0 4 1.11 562
0 4 1.11 563
0 4 1.11 564
0 4 1.11 565
0 4 1.11 566
0 4 1.11 567
0 4 1.11 568
0 4 1.11 569
0 4 1.11 570
0 4 1.11 571
0 4 1.11 572
0 4 1.11 573
0 4 1.11 574
0 4 1.11 575
0 4 1.11 576
0 4 1.11 577
0 4 1.11 578
0 4 1.11 579
0 4 1.11 580
0 4 1.11 581
0 4 1.11 582
0 4 1.11 583
0 4 1.11 584
0 4 1.11 585
0 4 1.11 586
0 4 1.11 587
0 4 1.11 588
0 4 1.11 589
0 4 1.11 590
0 4 1.11 591
0 4 1.11 592
0 4 1.11 593
0 4 1.11 594
0 4 1.11 595
0 4 1.11 596
0 4 1.11 597
0 4 1.11 598
0 4 1.11 599
0 4 1.11 600
0 4 1.11 601
0 4 1.11 602
0 4 1.11 603
0 4 1.11 604
0 4 1.11 605
0 4 1.11 606
0 4 1.11 607
0 4 1.11 608
0 4 1.11 609
0 4 1.11 610
0 4 1.11 611
0 4 1.11 612
0 4 1.11 613
0 4 1.11 614
0 4 1.11 615
0 4 1.11 616
0 4 1.11 617
0 4 1.11 618
0 4 1.11 619
0 4 1.11 620
0 4 1.11 621
0 4 1.11 622
0 4 1.11 623
0 4 1.11 624
0 4 1.11 625
0 4 1.11 626
0 4 1.11 627
0 4 1.11 628
0 4 1.11 629
0 4 1.11 630
0 4 1.11 631
0 4 1.11 632
0 4 1.11 633
0 4 1.11 634
0 4 1.11 635
0 4 1.11 636
0 4 1.11 637
0 4 1.11 638
0 4 1.