0 0 0.00 1
0 1 0.50 2
0 1 0.33 3
0 1 0.50 4
0 1 0.40 5
0 1 0.33 6
0 1 0.29 7
0 1 0.38 8
0 1 0.33 9
0 1 0.30 10
0 1 0.27 11
0 2 0.42 12
0 2 0.38 13
0 2 0.43 14
0 2 0.47 15
0 2 0.50 16
0 2 0.53 17
0 2 0.50 18
0 2 0.53 19
0 2 0.50 20
0 2 0.52 21
0 2 0.55 22
0 2 0.52 23
0 2 0.50 24
0 2 0.52 25
0 2 0.54 26
0 2 0.52 27
0 2 0.50 28
0 2 0.52 29
0 2 0.53 30
0 2 0.52 31
0 2 0.50 32
0 2 0.48 33
0 2 0.50 34
0 2 0.49 35
0 2 0.50 36
0 2 0.49 37
0 2 0.47 38
0 2 0.49 39
0 2 0.47 40
0 2 0.49 41
0 2 0.50 42
0 2 0.51 43
0 2 0.52 44
0 2 0.53 45
0 2 0.54 46
0 2 0.53 47
0 2 0.52 48
0 2 0.53 49
0 2 0.54 50
0 2 0.55 51
0 2 0.56 52
0 2 0.57 53
0 2 0.56 54
0 2 0.56 55
0 2 0.57 56
0 2 0.58 57
0 2 0.57 58
0 2 0.58 59
0 2 0.58 60
0 2 0.57 61
0 2 0.56 62
0 2 0.57 63
0 2 0.56 64
0 2 0.55 65
0 2 0.56 66
0 2 0.57 67
0 2 0.56 68
0 2 0.57 69
0 2 0.57 70
0 2 0.58 71
0 2 0.58 72
0 2 0.59 73
0 2 0.59 74
0 2 0.59 75
0 2 0.58 76
0 2 0.57 77
0 2 0.58 78
0 2 0.57 79
0 2 0.56 80
0 2 0.57 81
0 2 0.57 82
0 2 0.57 83
0 2 0.56 84
0 3 0.59 85
0 3 0.59 86
0 3 0.60 87
0 3 0.60 88
0 3 0.61 89
0 3 0.61 90
0 3 0.62 91
0 3 0.61 92
0 3 0.60 93
0 3 0.61 94
0 3 0.60 95
0 3 0.60 96
0 3 0.61 97
0 3 0.61 98
0 3 0.62 99
0 3 0.62 100
0 3 0.61 101
0 3 0.62 102
0 3 0.61 103
0 3 0.61 104
0 3 0.60 105
0 3 0.61 106
0 3 0.62 107
0 3 0.61 108
0 3 0.61 109
0 3 0.63 110
0 3 0.63 111
0 3 0.63 112
0 3 0.63 113
0 3 0.63 114
0 3 0.63 115
0 3 0.63 116
0 3 0.63 117
0 3 0.63 118
0 3 0.63 119
0 3 0.63 120
0 3 0.64 121
0 3 0.63 122
0 3 0.63 123
0 3 0.64 124
0 3 0.64 125
0 3 0.63 126
0 3 0.64 127
0 3 0.64 128
0 3 0.64 129
0 3 0.63 130
0 3 0.63 131
0 3 0.64 132
0 3 0.63 133
0 3 0.63 134
0 3 0.62 135
0 3 0.62 136
0 3 0.63 137
0 3 0.62 138
0 3 0.62 139
0 3 0.62 140
0 3 0.62 141
0 3 0.62 142
0 3 0.62 143
0 3 0.62 144
0 3 0.62 145
0 3 0.62 146
0 3 0.63 147
0 3 0.63 148
0 3 0.62 149
0 3 0.63 150
0 3 0.62 151
0 3 0.62 152
0 3 0.62 153
0 3 0.62 154
0 3 0.62 155
0 3 0.62 156
0 3 0.62 157
0 3 0.61 158
0 3 0.62 159
0 3 0.61 160
0 3 0.61 161
0 3 0.61 162
0 3 0.61 163
0 3 0.61 164
0 3 0.61 165
0 3 0.61 166
0 3 0.60 167
0 3 0.60 168
0 3 0.60 169
0 3 0.59 170
0 3 0.60 171
0 3 0.59 172
0 3 0.60 173
0 3 0.60 174
0 3 0.60 175
0 3 0.60 176
0 3 0.59 177
0 3 0.60 178
0 3 0.60 179
0 3 0.59 180
0 3 0.59 181
0 3 0.59 182
0 3 0.60 183
0 3 0.60 184
0 3 0.59 185
0 3 0.60 186
0 3 0.59 187
0 3 0.60 188
0 3 0.60 189
0 3 0.59 190
0 3 0.60 191
0 3 0.60 192
0 3 0.60 193
0 3 0.60 194
0 3 0.60 195
0 3 0.60 196
0 3 0.60 197
0 3 0.60 198
0 3 0.59 199
0 3 0.59 200
0 3 0.59 201
0 3 0.59 202
0 3 0.59 203
0 3 0.59 204
0 3 0.59 205
0 3 0.58 206
0 3 0.58 207
0 3 0.58 208
0 3 0.58 209
0 3 0.58 210
0 3 0.58 211
0 3 0.58 212
0 3 0.58 213
0 3 0.58 214
0 3 0.58 215
0 3 0.58 216
0 3 0.58 217
0 3 0.58 218
0 3 0.58 219
0 3 0.58 220
0 3 0.58 221
0 3 0.58 222
0 3 0.58 223
0 3 0.58 224
0 3 0.59 225
0 3 0.58 226
0 3 0.58 227
0 3 0.58 228
0 3 0.58 229
0 3 0.57 230
0 3 0.58 231
0 3 0.57 232
0 3 0.57 233
0 3 0.57 234
0 3 0.57 235
0 3 0.57 236
0 3 0.57 237
0 3 0.57 238
0 3 0.57 239
0 3 0.57 240
0 3 0.56 241
0 3 0.56 242
0 3 0.56 243
0 3 0.57 244
0 3 0.56 245
0 3 0.56 246
0 3 0.56 247
0 3 0.56 248
0 3 0.56 249
0 3 0.56 250
0 3 0.56 251
0 3 0.56 252
0 3 0.56 253
0 3 0.56 254
0 3 0.56 255
0 3 0.56 256
0 3 0.56 257
0 3 0.56 258
0 3 0.56 259
0 3 0.56 260
0 3 0.56 261
0 3 0.56 262
0 3 0.56 263
0 3 0.56 264
0 3 0.57 265
0 3 0.56 266
0 3 0.57 267
0 3 0.56 268
0 3 0.56 269
0 3 0.56 270
0 3 0.56 271
0 3 0.56 272
0 3 0.56 273
0 3 0.56 274
0 3 0.56 275
0 3 0.56 276
0 3 0.56 277
0 3 0.56 278
0 3 0.56 279
0 3 0.56 280
0 3 0.56 281
0 3 0.55 282
0 3 0.55 283
0 3 0.56 284
0 3 0.55 285
0 3 0.55 286
0 3 0.55 287
0 3 0.56 288
0 3 0.55 289
0 3 0.56 290
0 3 0.56 291
0 3 0.55 292
0 3 0.56 293
0 3 0.56 294
0 3 0.56 295
0 3 0.56 296
0 3 0.56 297
0 3 0.56 298
0 3 0.56 299
0 3 0.56 300
0 3 0.56 301
0 3 0.56 302
0 3 0.56 303
0 3 0.56 304
0 3 0.56 305
0 3 0.56 306
0 3 0.56 307
0 3 0.56 308
0 3 0.56 309
0 3 0.57 310
0 3 0.57 311
0 3 0.56 312
0 3 0.56 313
0 3 0.56 314
0 3 0.56 315
0 3 0.56 316
0 3 0.56 317
0 3 0.56 318
0 3 0.56 319
0 3 0.56 320
0 3 0.56 321
0 3 0.56 322
0 3 0.56 323
0 3 0.56 324
0 3 0.56 325
0 3 0.56 326
0 3 0.56 327
0 3 0.56 328
0 3 0.56 329
0 3 0.56 330
0 3 0.56 331
0 3 0.56 332
0 3 0.56 333
0 3 0.56 334
0 3 0.56 335
0 3 0.56 336
0 3 0.56 337
0 3 0.56 338
0 3 0.56 339
0 3 0.56 340
0 3 0.56 341
0 3 0.56 342
0 3 0.57 343
0 3 0.56 344
0 3 0.57 345
0 3 0.56 346
0 3 0.56 347
0 3 0.56 348
0 3 0.56 349
0 3 0.56 350
0 3 0.56 351
0 3 0.56 352
0 3 0.56 353
0 3 0.56 354
0 3 0.55 355
0 3 0.55 356
0 3 0.55 357
0 3 0.55 358
0 3 0.55 359
0 3 0.56 360
0 3 0.55 361
0 3 0.56 362
0 3 0.56 363
0 3 0.55 364
0 3 0.56 365
0 3 0.55 366
0 3 0.55 367
0 3 0.55 368
0 3 0.56 369
0 3 0.56 370
0 3 0.56 371
0 3 0.55 372
0 3 0.55 373
0 3 0.55 374
0 3 0.55 375
0 3 0.56 376
0 3 0.56 377
0 3 0.56 378
0 3 0.56 379
0 3 0.56 380
0 3 0.56 381
0 3 0.56 382
0 3 0.56 383
0 3 0.56 384
0 3 0.56 385
0 3 0.56 386
0 3 0.56 387
0 3 0.56 388
0 3 0.56 389
0 3 0.56 390
0 3 0.56 391
0 3 0.56 392
0 3 0.56 393
0 3 0.56 394
0 3 0.56 395
0 3 0.56 396
0 3 0.56 397
0 3 0.56 398
0 3 0.56 399
0 3 0.56 400
0 3 0.57 401
0 3 0.57 402
0 3 0.57 403
0 3 0.57 404
0 3 0.57 405
0 3 0.57 406
0 3 0.57 407
0 3 0.57 408
0 3 0.57 409
0 3 0.57 410
0 3 0.57 411
0 3 0.58 412
0 3 0.58 413
0 3 0.58 414
0 3 0.58 415
0 3 0.58 416
0 3 0.59 417
0 3 0.59 418
0 3 0.59 419
0 3 0.59 420
0 3 0.59 421
0 3 0.59 422
0 3 0.59 423
0 3 0.59 424
0 3 0.59 425
0 3 0.59 426
0 3 0.59 427
0 3 0.59 428
0 3 0.59 429
0 3 0.58 430
0 3 0.58 431
0 3 0.58 432
0 3 0.58 433
0 3 0.58 434
0 3 0.58 435
0 3 0.58 436
0 3 0.58 437
0 3 0.58 438
0 3 0.58 439
0 3 0.58 440
0 3 0.58 441
0 3 0.58 442
0 3 0.58 443
0 3 0.57 444
0 3 0.58 445
0 3 0.58 446
0 3 0.57 447
0 3 0.58 448
0 3 0.57 449
0 3 0.58 450
0 3 0.58 451
0 3 0.58 452
0 3 0.58 453
0 3 0.58 454
0 3 0.58 455
0 3 0.58 456
0 3 0.58 457
0 3 0.58 458
0 3 0.58 459
0 3 0.58 460
0 3 0.58 461
0 3 0.58 462
0 3 0.58 463
0 3 0.58 464
0 3 0.57 465
0 3 0.57 466
0 3 0.57 467
0 3 0.57 468
0 3 0.57 469
0 3 0.57 470
0 3 0.58 471
0 3 0.58 472
0 3 0.58 473
0 3 0.58 474
0 3 0.58 475
0 3 0.58 476
0 3 0.58 477
0 3 0.58 478
0 3 0.58 479
0 3 0.57 480
0 3 0.58 481
0 3 0.57 482
0 3 0.58 483
0 3 0.58 484
0 3 0.58 485
0 3 0.57 486
0 3 0.57 487
0 3 0.58 488
0 3 0.58 489
0 3 0.58 490
0 3 0.58 491
0 3 0.58 492
0 3 0.58 493
0 3 0.58 494
0 3 0.58 495
0 3 0.58 496
0 3 0.58 497
0 3 0.58 498
0 3 0.58 499
0 3 0.58 500
0 3 0.57 501
0 3 0.58 502
0 3 0.58 503
0 3 0.58 504
0 3 0.58 505
0 3 0.58 506
0 3 0.58 507
0 3 0.58 508
0 3 0.58 509
0 3 0.58 510
0 3 0.58 511
0 3 0.58 512
0 3 0.58 513
0 3 0.58 514
0 3 0.58 515
0 3 0.58 516
0 3 0.57 517
0 3 0.58 518
0 3 0.57 519
0 3 0.57 520
0 3 0.58 521
0 3 0.58 522
0 3 0.58 523
0 3 0.58 524
0 3 0.58 525
0 3 0.58 526
0 3 0.58 527
0 3 0.58 528
0 3 0.58 529
0 3 0.58 530
0 3 0.58 531
0 3 0.58 532
0 3 0.58 533
0 3 0.58 534
0 3 0.58 535
0 3 0.58 536
0 3 0.58 537
0 3 0.58 538
0 3 0.58 539
0 3 0.58 540
0 3 0.58 541
0 3 0.58 542
0 3 0.58 543
0 3 0.58 544
0 3 0.58 545
0 3 0.58 546
0 3 0.58 547
0 3 0.58 548
0 3 0.58 549
0 3 0.58 550
0 3 0.58 551
0 3 0.58 552
0 3 0.58 553
0 3 0.58 554
0 3 0.58 555
0 3 0.58 556
0 3 0.58 557
0 3 0.58 558
0 3 0.57 559
0 3 0.57 560
0 3 0.58 561
0 3 0.57 562
0 3 0.58 563
0 3 0.58 564
0 3 0.58 565
0 3 0.57 566
0 3 0.57 567
0 3 0.57 568
0 3 0.57 569
0 3 0.57 570
0 3 0.57 571
0 3 0.57 572
0 3 0.57 573
0 3 0.57 574
0 3 0.57 575
0 3 0.57 576
0 3 0.57 577
0 3 0.57 578
0 3 0.57 579
0 3 0.57 580
0 3 0.57 581
0 3 0.57 582
0 3 0.57 583
0 3 0.57 584
0 3 0.57 585
0 3 0.57 586
0 3 0.57 587
0 3 0.57 588
0 3 0.57 589
0 3 0.57 590
0 3 0.57 591
0 3 0.57 592
0 3 0.57 593
0 3 0.57 594
0 3 0.57 595
0 3 0.57 596
0 3 0.57 597
0 3 0.57 598
0 3 0.57 599
0 3 0.57 600
0 3 0.57 601
0 3 0.57 602
0 3 0.57 603
0 3 0.57 604
0 3 0.57 605
0 3 0.57 606
0 3 0.57 607
0 3 0.57 608
0 3 0.57 609
0 3 0.57 610
0 3 0.57 611
0 3 0.57 612
0 3 0.57 613
0 3 0.57 614
0 3 0.57 615
0 3 0.57 616
0 3 0.57 617
0 3 0.57 618
0 3 0.57 619
0 3 0.57 620
0 3 0.57 621
0 3 0.57 622
0 3 0.57 623
0 3 0.57 624
0 3 0.57 625
0 3 0.57 626
0 3 0.57 627
0 3 0.57 628
0 3 0.57 629
0 3 0.57 630
0 3 0.57 631
0 3 0.57 632
0 3 0.57 633
0 3 0.57 634
0 3 0.57 635
0 3 0.58 636
0 3 0.58 637
0 3 0.58 638
0 3 0.58 639
0 3 0.58 640
0 3 0.58 641
0 3 0.58 642
0 3 0.58 643
0 3 0.58 644
0 3 0.58 645
0 3 0.58 646
0 3 0.58 647
0 3 0.58 648
0 3 0.58 649
0 3 0.58 650
0 3 0.58 651
0 3 0.58 652
0 3 0.58 653
0 3 0.58 654
0 3 0.58 655
0 3 0.58 656
0 3 0.58 657
0 3 0.57 658
0 3 0.57 659
0 3 0.58 660
0 3 0.57 661
0 3 0.57 662
0 3 0.58 663
0 3 0.58 664
0 3 0.58 665
0 3 0.58 666
0 3 0.58 667
0 3 0.58 668
0 17 0.60 669
0 17 0.60 670
0 17 0.60 671
0 17 0.60 672
0 17 0.60 673
0 17 0.61 674
0 17 0.60 675
0 17 0.61 676
0 17 0.60 677
0 17 0.60 678
0 17 0.60 679
0 17 0.60 680
0 17 0.60 681
0 17 0.60 682
0 17 0.60 683
0 17 0.60 684
0 17 0.60 685
0 17 0.60 686
0 17 0.60 687
0 17 0.60 688
0 17 0.60 689
0 17 0.60 690
0 17 0.60 691
0 17 0.60 692
0 17 0.60 693
0 17 0.60 694
0 17 0.60 695
0 17 0.60 696
0 17 0.60 697
0 17 0.60 698
0 17 0.60 699
0 17 0.60 700
0 17 0.60 701
0 17 0.60 702
0 17 0.60 703
0 17 0.60 704
0 17 0.60 705
0 17 0.60 706
0 17 0.60 707
0 17 0.60 708
0 17 0.61 709
0 17 0.61 710
0 17 0.61 711
0 17 0.61 712
0 17 0.61 713
0 17 0.61 714
0 17 0.61 715
0 17 0.61 716
0 17 0.61 717
0 17 0.61 718
0 17 0.61 719
0 17 0.61 720
0 17 0.61 721
0 17 0.61 722
0 17 0.61 723
0 17 0.61 724
0 17 0.61 725
0 17 0.61 726
0 17 0.61 727
0 17 0.61 728
0 17 0.61 729
0 17 0.61 730
0 17 0.61 731
0 17 0.61 732
0 17 0.61 733
0 17 0.61 734
0 17 0.61 735
0 17 0.61 736
0 17 0.61 737
0 17 0.61 738
0 17 0.61 739
0 17 0.61 740
0 17 0.61 741
0 17 0.61 742
0 17 0.61 743
0 17 0.61 744
0 17 0.61 745
0 17 0.61 746
0 17 0.61 747
0 17 0.61 748
0 17 0.61 749
0 17 0.61 750
0 17 0.61 751
0 17 0.61 752
0 17 0.61 753
0 17 0.61 754
0 17 0.61 755
0 17 0.61 756
0 17 0.61 757
0 17 0.61 758
0 17 0.61 759
0 17 0.61 760
0 17 0.61 761
0 17 0.61 762
0 17 0.61 763
0 17 0.61 764
0 17 0.61 765
0 17 0.61 766
0 17 0.61 767
0 17 0.61 768
0 17 0.61 769
0 17 0.61 770
0 17 0.61 771
0 17 0.61 772
0 17 0.61 773
0 17 0.61 774
0 17 0.61 775
0 17 0.61 776
0 17 0.61 777
0 17 0.61 778
0 17 0.61 779
0 17 0.61 780
0 17 0.61 781
0 17 0.61 782
0 17 0.61 783
0 17 0.61 784
0 17 0.61 785
0 17 0.61 786
0 17 0.61 787
0 17 0.61 788
0 17 0.61 789
0 17 0.61 790
0 17 0.61 791
0 17 0.61 792
0 17 0.61 793
0 17 0.61 794
0 17 0.61 795
0 17 0.61 796
0 17 0.61 797
0 17 0.61 798
0 17 0.61 799
0 17 0.61 800
0 17 0.61 801
0 17 0.61 802
0 17 0.61 803
0 17 0.61 804
0 17 0.61 805
0 17 0.61 806
0 17 0.61 807
0 17 0.61 808
0 17 0.61 809
0 17 0.61 810
0 17 0.61 811
0 17 0.61 812
0 17 0.61 813
0 17 0.61 814
0 17 0.61 815
0 17 0.61 816
0 17 0.61 817
0 17 0.61 818
0 17 0.61 819
0 17 0.61 820
0 17 0.61 821
0 17 0.61 822
0 17 0.61 823
0 17 0.61 824
0 17 0.61 825
0 17 0.61 826
0 17 0.61 827
0 17 0.61 828
0 17 0.61 829
0 17 0.61 830
0 17 0.61 831
0 17 0.61 832
0 17 0.61 833
0 17 0.61 834
0 17 0.61 835
0 17 0.61 836
0 17 0.61 837
0 17 0.61 838
0 17 0.61 839
0 17 0.61 840
0 17 0.61 841
0 17 0.61 842
0 17 0.61 843
0 17 0.61 844
0 17 0.61 845
0 17 0.61 846
0 17 0.61 847
0 17 0.61 848
0 17 0.61 849
0 17 0.61 850
0 17 0.61 851
0 17 0.61 852
0 17 0.61 853
0 17 0.61 854
0 17 0.61 855
0 17 0.61 856
0 17 0.61 857
0 17 0.60 858
0 17 0.61 859
0 17 0.61 860
0 17 0.61 861
0 17 0.61 862
0 17 0.61 863
0 17 0.61 864
0 17 0.61 865
0 17 0.61 866
0 17 0.61 867
0 17 0.60 868
0 17 0.60 869
0 17 0.60 870
0 17 0.60 871
0 17 0.60 872
0 17 0.60 873
0 17 0.60 874
0 17 0.60 875
0 17 0.60 876
0 17 0.61 877
0 17 0.61 878
0 17 0.61 879
0 17 0.61 880
0 17 0.60 881
0 17 0.60 882
0 17 0.60 883
0 17 0.60 884
0 17 0.60 885
0 17 0.60 886
0 17 0.60 887
0 17 0.60 888
0 17 0.60 889
0 17 0.60 890
0 17 0.60 891
0 17 0.60 892
0 17 0.60 893
0 17 0.60 894
0 17 0.61 895
0 17 0.60 896
0 17 0.60 897
0 17 0.60 898
0 17 0.60 899
0 17 0.60 900
0 17 0.60 901
0 17 0.60 902
0 17 0.60 903
0 17 0.60 904
0 17 0.60 905
0 17 0.60 906
0 17 0.60 907
0 17 0.60 908
0 17 0.60 909
0 17 0.60 910
0 17 0.60 911
0 17 0.60 912
0 17 0.60 913
0 17 0.60 914
0 17 0.60 915
0 17 0.60 916
0 17 0.60 917
0 17 0.60 918
0 17 0.60 919
0 17 0.60 920
0 17 0.60 921
0 17 0.60 922
0 17 0.60 923
0 17 0.60 924
0 17 0.60 925
0 17 0.60 926
0 17 0.60 927
0 17 0.60 928
0 17 0.60 929
0 17 0.60 930
0 17 0.60 931
0 17 0.60 932
0 17 0.60 933
0 