2 2 2.00 1
2 2 2.00 2
0 2 1.33 3
0 2 1.50 4
0 2 1.60 5
0 2 1.50 6
0 2 1.57 7
0 2 1.50 8
0 2 1.56 9
0 2 1.50 10
0 2 1.55 11
0 2 1.50 12
0 3 1.62 13
0 3 1.57 14
0 3 1.53 15
0 3 1.50 16
0 3 1.53 17
0 3 1.50 18
0 3 1.53 19
0 3 1.50 20
0 3 1.48 21
0 3 1.45 22
0 3 1.43 23
0 3 1.42 24
0 3 1.44 25
0 3 1.42 26
0 3 1.41 27
0 3 1.43 28
0 3 1.41 29
0 3 1.43 30
0 3 1.42 31
0 3 1.44 32
0 3 1.45 33
0 3 1.44 34
0 3 1.46 35
0 3 1.47 36
0 3 1.46 37
0 3 1.45 38
0 3 1.44 39
0 3 1.45 40
0 3 1.44 41
0 3 1.43 42
0 3 1.40 43
0 3 1.41 44
0 3 1.40 45
0 3 1.41 46
0 3 1.40 47
0 3 1.42 48
0 3 1.41 49
0 3 1.40 50
0 3 1.39 51
0 3 1.38 52
0 3 1.38 53
0 3 1.35 54
0 3 1.36 55
0 3 1.34 56
0 3 1.33 57
0 3 1.34 58
0 3 1.36 59
0 3 1.37 60
0 3 1.36 61
0 3 1.35 62
0 3 1.35 63
0 3 1.34 64
0 4 1.38 65
0 4 1.38 66
0 4 1.37 67
0 4 1.38 68
0 4 1.36 69
0 4 1.37 70
0 4 1.37 71
0 4 1.36 72
0 4 1.37 73
0 4 1.36 74
0 4 1.37 75
0 4 1.37 76
0 4 1.36 77
0 4 1.36 78
0 4 1.37 79
0 4 1.36 80
0 4 1.37 81
0 4 1.38 82
0 4 1.37 83
0 4 1.37 84
0 4 1.36 85
0 4 1.36 86
0 4 1.36 87
0 4 1.35 88
0 4 1.36 89
0 4 1.37 90
0 4 1.36 91
0 4 1.37 92
0 4 1.38 93
0 4 1.37 94
0 4 1.38 95
0 4 1.38 96
0 4 1.37 97
0 4 1.37 98
0 4 1.35 99
0 4 1.36 100
0 4 1.37 101
0 4 1.36 102
0 4 1.36 103
0 4 1.37 104
0 4 1.36 105
0 4 1.36 106
0 4 1.35 107
0 4 1.35 108
0 4 1.35 109
0 4 1.35 110
0 4 1.35 111
0 4 1.36 112
0 4 1.35 113
0 4 1.36 114
0 4 1.37 115
0 4 1.36 116
0 4 1.36 117
0 4 1.36 118
0 4 1.36 119
0 4 1.35 120
0 4 1.36 121
0 4 1.35 122
0 4 1.35 123
0 4 1.35 124
0 4 1.35 125
0 4 1.35 126
0 4 1.35 127
0 4 1.35 128
0 4 1.35 129
0 4 1.35 130
0 4 1.36 131
0 4 1.35 132
0 4 1.35 133
0 4 1.35 134
0 4 1.36 135
0 4 1.36 136
0 4 1.36 137
0 4 1.36 138
0 4 1.35 139
0 4 1.36 140
0 4 1.35 141
0 4 1.36 142
0 4 1.36 143
0 4 1.36 144
0 4 1.35 145
0 4 1.36 146
0 4 1.35 147
0 4 1.36 148
0 4 1.36 149
0 4 1.37 150
0 4 1.36 151
0 4 1.36 152
0 4 1.36 153
0 4 1.37 154
0 4 1.37 155
0 4 1.37 156
0 4 1.36 157
0 4 1.36 158
0 4 1.36 159
0 4 1.36 160
0 4 1.37 161
0 4 1.37 162
0 4 1.37 163
0 4 1.37 164
0 4 1.37 165
0 4 1.37 166
0 4 1.38 167
0 4 1.39 168
0 4 1.38 169
0 4 1.38 170
0 4 1.39 171
0 4 1.39 172
0 4 1.39 173
0 4 1.39 174
0 4 1.40 175
0 4 1.41 176
0 4 1.41 177
0 4 1.40 178
0 4 1.40 179
0 4 1.40 180
0 4 1.39 181
0 4 1.40 182
0 4 1.39 183
0 4 1.39 184
0 4 1.39 185
0 4 1.39 186
0 4 1.39 187
0 4 1.39 188
0 4 1.39 189
0 4 1.39 190
0 4 1.39 191
0 4 1.39 192
0 4 1.39 193
0 4 1.39 194
0 4 1.39 195
0 4 1.39 196
0 4 1.39 197
0 4 1.39 198
0 4 1.39 199
0 4 1.39 200
0 4 1.39 201
0 4 1.39 202
0 4 1.38 203
0 4 1.38 204
0 4 1.38 205
0 4 1.38 206
0 4 1.38 207
0 4 1.38 208
0 4 1.38 209
0 4 1.39 210
0 4 1.39 211
0 4 1.38 212
0 4 1.38 213
0 4 1.38 214
0 4 1.38 215
0 4 1.38 216
0 4 1.37 217
0 4 1.38 218
0 4 1.37 219
0 4 1.37 220
0 4 1.37 221
0 4 1.36 222
0 4 1.36 223
0 4 1.36 224
0 4 1.36 225
0 4 1.37 226
0 4 1.37 227
0 4 1.36 228
0 4 1.37 229
0 4 1.37 230
0 4 1.36 231
0 4 1.36 232
0 4 1.36 233
0 4 1.36 234
0 4 1.37 235
0 4 1.36 236
0 4 1.37 237
0 4 1.37 238
0 4 1.36 239
0 4 1.37 240
0 4 1.37 241
0 4 1.36 242
0 4 1.36 243
0 4 1.36 244
0 4 1.36 245
0 4 1.36 246
0 4 1.36 247
0 4 1.36 248
0 4 1.36 249
0 4 1.36 250
0 4 1.35 251
0 4 1.36 252
0 4 1.36 253
0 4 1.36 254
0 4 1.36 255
0 4 1.36 256
0 4 1.35 257
0 4 1.35 258
0 4 1.35 259
0 4 1.35 260
0 4 1.35 261
0 4 1.35 262
0 4 1.35 263
0 4 1.35 264
0 4 1.35 265
0 4 1.35 266
0 4 1.36 267
0 4 1.35 268
0 4 1.35 269
0 4 1.35 270
0 4 1.35 271
0 4 1.35 272
0 4 1.35 273
0 4 1.35 274
0 4 1.35 275
0 4 1.35 276
0 4 1.34 277
0 4 1.34 278
0 4 1.34 279
0 4 1.34 280
0 4 1.34 281
0 4 1.34 282
0 4 1.34 283
0 4 1.34 284
0 4 1.34 285
0 4 1.34 286
0 4 1.34 287
0 4 1.33 288
0 4 1.34 289
0 4 1.33 290
0 4 1.33 291
0 4 1.34 292
0 4 1.34 293
0 4 1.34 294
0 4 1.34 295
0 4 1.34 296
0 4 1.33 297
0 4 1.33 298
0 4 1.33 299
0 4 1.34 300
0 4 1.34 301
0 4 1.34 302
0 4 1.34 303
0 4 1.33 304
0 4 1.33 305
0 4 1.33 306
0 4 1.33 307
0 4 1.32 308
0 4 1.33 309
0 4 1.33 310
0 4 1.33 311
0 4 1.33 312
0 4 1.33 313
0 4 1.33 314
0 4 1.33 315
0 4 1.32 316
0 4 1.32 317
0 4 1.32 318
0 4 1.33 319
0 4 1.32 320
0 4 1.33 321
0 4 1.33 322
0 4 1.33 323
0 4 1.32 324
0 4 1.33 325
0 4 1.32 326
0 4 1.32 327
0 4 1.32 328
0 4 1.32 329
0 4 1.32 330
0 4 1.32 331
0 4 1.32 332
0 4 1.32 333
0 4 1.32 334
0 4 1.32 335
0 4 1.32 336
0 4 1.32 337
0 4 1.32 338
0 4 1.32 339
0 4 1.32 340
0 4 1.32 341
0 4 1.32 342
0 4 1.31 343
0 4 1.31 344
0 4 1.32 345
0 4 1.32 346
0 4 1.31 347
0 4 1.31 348
0 4 1.31 349
0 4 1.31 350
0 4 1.31 351
0 4 1.31 352
0 4 1.31 353
0 4 1.31 354
0 4 1.31 355
0 4 1.31 356
0 4 1.31 357
0 4 1.32 358
0 4 1.31 359
0 4 1.31 360
0 4 1.31 361
0 4 1.31 362
0 4 1.32 363
0 21 1.37 364
0 21 1.37 365
0 21 1.37 366
0 21 1.37 367
0 21 1.37 368
0 21 1.37 369
0 21 1.37 370
0 21 1.37 371
0 21 1.37 372
0 21 1.38 373
0 21 1.37 374
0 21 1.37 375
0 21 1.37 376
0 21 1.37 377
0 21 1.37 378
0 21 1.37 379
0 21 1.37 380
0 21 1.37 381
0 21 1.37 382
0 21 1.37 383
0 21 1.37 384
0 21 1.37 385
0 21 1.37 386
0 21 1.37 387
0 21 1.37 388
0 21 1.37 389
0 21 1.37 390
0 21 1.37 391
0 21 1.37 392
0 21 1.37 393
0 21 1.37 394
0 21 1.37 395
0 21 1.37 396
0 21 1.37 397
0 21 1.37 398
0 21 1.37 399
0 21 1.37 400
0 21 1.37 401
0 21 1.37 402
0 21 1.36 403
0 21 1.36 404
0 21 1.36 405
0 21 1.36 406
0 21 1.37 407
0 21 1.37 408
0 21 1.36 409
0 21 1.37 410
0 21 1.36 411
0 21 1.36 412
0 21 1.36 413
0 21 1.36 414
0 21 1.36 415
0 21 1.37 416
0 21 1.36 417
0 21 1.36 418
0 21 1.37 419
0 21 1.37 420
0 21 1.37 421
0 21 1.36 422
0 21 1.36 423
0 21 1.36 424
0 21 1.36 425
0 21 1.36 426
0 21 1.36 427
0 21 1.36 428
0 21 1.36 429
0 21 1.37 430
0 21 1.37 431
0 21 1.37 432
0 21 1.36 433
0 21 1.37 434
0 21 1.37 435
0 21 1.36 436
0 21 1.37 437
0 21 1.37 438
0 21 1.37 439
0 21 1.37 440
0 21 1.37 441
0 21 1.36 442
0 21 1.37 443
0 21 1.36 444
0 21 1.37 445
0 21 1.37 446
0 21 1.36 447
0 21 1.36 448
0 21 1.37 449
0 21 1.36 450
0 21 1.37 451
0 21 1.36 452
0 21 1.36 453
0 21 1.36 454
0 21 1.36 455
0 21 1.36 456
0 21 1.36 457
0 21 1.36 458
0 21 1.36 459
0 21 1.36 460
0 21 1.36 461
0 21 1.36 462
0 21 1.36 463
0 21 1.36 464
0 21 1.36 465
0 21 1.36 466
0 21 1.36 467
0 21 1.36 468
0 21 1.36 469
0 21 1.36 470
0 21 1.36 471
0 21 1.36 472
0 21 1.36 473
0 21 1.36 474
0 21 1.36 475
0 21 1.36 476
0 21 1.36 477
0 21 1.36 478
0 21 1.36 479
0 21 1.36 480
0 21 1.36 481
0 21 1.36 482
0 21 1.36 483
0 21 1.36 484
0 21 1.36 485
0 21 1.36 486
0 21 1.36 487
0 21 1.36 488
0 21 1.36 489
0 21 1.36 490
0 21 1.35 491
0 21 1.35 492
0 21 1.35 493
0 21 1.36 494
0 21 1.36 495
0 21 1.36 496
0 21 1.36 497
0 21 1.36 498
0 21 1.36 499
0 21 1.36 500
0 21 1.36 501
0 21 1.36 502
0 21 1.36 503
0 21 1.36 504
0 21 1.36 505
0 21 1.36 506
0 21 1.36 507
0 21 1.35 508
0 21 1.35 509
0 21 1.35 510
0 21 1.35 511
0 21 1.35 512
0 21 1.35 513
0 21 1.35 514
0 21 1.35 515
0 21 1.35 516
0 21 1.35 517
0 21 1.35 518
0 21 1.35 519
0 21 1.35 520
0 21 1.35 521
0 21 1.35 522
0 21 1.35 523
0 21 1.35 524
0 21 1.35 525
0 21 1.35 526
0 21 1.35 527
0 21 1.35 528
0 21 1.35 529
0 21 1.35 530
0 21 1.35 531
0 21 1.35 532
0 21 1.35 533
0 21 1.35 534
0 21 1.35 535
0 21 1.35 536
0 21 1.35 537
0 21 1.36 538
0 21 1.35 539
0 21 1.35 540
0 21 1.35 541
0 21 1.35 542
0 21 1.35 543
0 21 1.35 544
0 21 1.35 545
0 21 1.35 546
0 21 1.35 547
0 21 1.35 548
0 21 1.35 549
0 21 1.35 550
0 21 1.34 551
0 21 1.34 552
0 21 1.35 553
0 21 1.34 554
0 21 1.35 555
0 21 1.35 556
0 21 1.34 557
0 21 1.34 558
0 21 1.35 559
0 21 1.34 560
0 21 1.34 561
0 21 1.35 562
0 21 1.35 563
0 21 1.35 564
0 21 1.35 565
0 21 1.35 566
0 21 1.35 567
0 21 1.35 568
0 21 1.34 569
0 21 1.34 570
0 21 1.35 571
0 21 1.34 572
0 21 1.34 573
0 21 1.34 574
0 21 1.34 575
0 21 1.35 576
0 21 1.34 577
0 21 1.34 578
0 21 1.34 579
0 21 1.34 580
0 21 1.34 581
0 21 1.34 582
0 21 1.34 583
0 21 1.34 584
0 21 1.34 585
0 21 1.34 586
0 21 1.34 587
0 21 1.34 588
0 21 1.34 589
0 21 1.34 590
0 21 1.34 591
0 21 1.34 592
0 21 1.35 593
0 21 1.35 594
0 21 1.34 595
0 21 1.34 596
0 21 1.34 597
0 21 1.34 598
0 21 1.34 599
0 21 1.34 600
0 21 1.34 601
0 21 1.34 602
0 21 1.34 603
0 21 1.34 604
0 21 1.34 605
0 21 1.34 606
0 21 1.34 607
0 21 1.34 608
0 21 1.34 609
0 21 1.34 610
0 21 1.34 611
0 21 1.34 612
0 21 1.34 613
0 21 1.34 614
0 21 1.34 615
0 21 1.34 616
0 21 1.34 617
0 21 1.34 618
0 21 1.34 6