1 1 1.00 1
0 1 0.50 2
0 1 0.33 3
0 1 0.25 4
0 1 0.20 5
0 1 0.17 6
0 1 0.29 7
0 1 0.25 8
0 1 0.22 9
0 1 0.30 10
0 1 0.27 11
0 1 0.33 12
0 1 0.31 13
0 1 0.36 14
0 1 0.33 15
0 1 0.31 16
0 1 0.35 17
0 1 0.33 18
0 1 0.37 19
0 1 0.35 20
0 2 0.43 21
0 2 0.41 22
0 2 0.43 23
0 2 0.42 24
0 2 0.44 25
0 2 0.46 26
0 2 0.44 27
0 2 0.43 28
0 2 0.41 29
0 2 0.40 30
0 2 0.39 31
0 2 0.38 32
0 2 0.36 33
0 2 0.35 34
0 2 0.34 35
0 2 0.36 36
0 2 0.38 37
0 2 0.37 38
0 2 0.38 39
0 2 0.40 40
0 2 0.39 41
0 2 0.40 42
0 2 0.42 43
0 2 0.41 44
0 2 0.40 45
0 2 0.41 46
0 2 0.43 47
0 2 0.42 48
0 2 0.41 49
0 2 0.40 50
0 2 0.39 51
0 2 0.38 52
0 2 0.40 53
0 2 0.39 54
0 2 0.38 55
0 2 0.38 56
0 2 0.37 57
0 2 0.36 58
0 2 0.37 59
0 2 0.37 60
0 2 0.38 61
0 2 0.37 62
0 2 0.38 63
0 2 0.38 64
0 2 0.38 65
0 2 0.38 66
0 2 0.37 67
0 2 0.38 68
0 2 0.38 69
0 2 0.37 70
0 2 0.37 71
0 2 0.36 72
0 2 0.36 73
0 2 0.35 74
0 2 0.36 75
0 2 0.36 76
0 2 0.36 77
0 2 0.36 78
0 2 0.35 79
0 2 0.36 80
0 2 0.36 81
0 2 0.37 82
0 2 0.36 83
0 2 0.37 84
0 2 0.38 85
0 2 0.37 86
0 2 0.37 87
0 2 0.38 88
0 2 0.38 89
0 2 0.38 90
0 2 0.37 91
0 2 0.37 92
0 2 0.37 93
0 2 0.36 94
0 2 0.36 95
0 2 0.35 96
0 2 0.36 97
0 2 0.36 98
0 2 0.36 99
0 2 0.36 100
0 2 0.37 101
0 2 0.37 102
0 2 0.37 103
0 2 0.38 104
0 2 0.37 105
0 2 0.38 106
0 2 0.37 107
0 2 0.37 108
0 2 0.37 109
0 2 0.36 110
0 2 0.36 111
0 2 0.38 112
0 2 0.37 113
0 2 0.37 114
0 2 0.37 115
0 2 0.37 116
0 2 0.37 117
0 2 0.37 118
0 2 0.38 119
0 2 0.38 120
0 2 0.37 121
0 2 0.38 122
0 2 0.37 123
0 2 0.38 124
0 2 0.38 125
0 2 0.37 126
0 2 0.37 127
0 2 0.37 128
0 2 0.36 129
0 2 0.36 130
0 2 0.37 131
0 2 0.36 132
0 2 0.36 133
0 2 0.37 134
0 2 0.36 135
0 2 0.37 136
0 2 0.36 137
0 2 0.37 138
0 2 0.37 139
0 2 0.36 140
0 2 0.36 141
0 2 0.37 142
0 2 0.36 143
0 2 0.36 144
0 2 0.37 145
0 2 0.36 146
0 2 0.36 147
0 2 0.36 148
0 2 0.36 149
0 2 0.35 150
0 2 0.35 151
0 2 0.36 152
0 2 0.35 153
0 2 0.35 154
0 2 0.35 155
0 2 0.35 156
0 2 0.35 157
0 2 0.35 158
0 2 0.36 159
0 2 0.36 160
0 2 0.36 161
0 2 0.36 162
0 2 0.37 163
0 2 0.37 164
0 2 0.36 165
0 2 0.36 166
0 2 0.37 167
0 2 0.36 168
0 2 0.36 169
0 2 0.36 170
0 2 0.36 171
0 2 0.36 172
0 2 0.36 173
0 2 0.36 174
0 2 0.35 175
0 2 0.35 176
0 2 0.36 177
0 2 0.35 178
0 2 0.35 179
0 2 0.36 180
0 2 0.36 181
0 2 0.36 182
0 2 0.37 183
0 2 0.37 184
0 2 0.37 185
0 2 0.37 186
0 2 0.37 187
0 2 0.37 188
0 2 0.37 189
0 2 0.37 190
0 2 0.37 191
0 2 0.36 192
0 2 0.37 193
0 2 0.37 194
0 2 0.37 195
0 2 0.37 196
0 2 0.37 197
0 2 0.36 198
0 2 0.36 199
0 2 0.36 200
0 2 0.36 201
0 2 0.36 202
0 2 0.36 203
0 2 0.36 204
0 2 0.36 205
0 2 0.35 206
0 2 0.36 207
0 2 0.36 208
0 2 0.35 209
0 2 0.36 210
0 2 0.36 211
0 2 0.35 212
0 2 0.35 213
0 2 0.35 214
0 2 0.35 215
0 2 0.35 216
0 2 0.35 217
0 2 0.35 218
0 2 0.36 219
0 2 0.35 220
0 2 0.35 221
0 2 0.35 222
0 2 0.35 223
0 2 0.35 224
0 2 0.35 225
0 2 0.35 226
0 2 0.35 227
0 2 0.36 228
0 2 0.36 229
0 2 0.36 230
0 2 0.35 231
0 2 0.36 232
0 2 0.36 233
0 2 0.35 234
0 2 0.36 235
0 2 0.36 236
0 2 0.36 237
0 2 0.36 238
0 2 0.36 239
0 2 0.36 240
0 2 0.36 241
0 2 0.36 242
0 2 0.36 243
0 2 0.36 244
0 2 0.36 245
0 2 0.36 246
0 2 0.36 247
0 2 0.36 248
0 2 0.36 249
0 2 0.36 250
0 2 0.36 251
0 2 0.36 252
0 2 0.36 253
0 2 0.36 254
0 2 0.36 255
0 2 0.36 256
0 2 0.36 257
0 2 0.36 258
0 2 0.36 259
0 2 0.36 260
0 2 0.36 261
0 2 0.36 262
0 2 0.36 263
0 2 0.36 264
0 2 0.35 265
0 2 0.36 266
0 2 0.36 267
0 2 0.35 268
0 2 0.35 269
0 2 0.36 270
0 2 0.35 271
0 2 0.35 272
0 2 0.35 273
0 2 0.35 274
0 2 0.35 275
0 2 0.36 276
0 2 0.35 277
0 2 0.35 278
0 2 0.35 279
0 2 0.35 280
0 2 0.35 281
0 2 0.35 282
0 2 0.35 283
0 2 0.36 284
0 2 0.36 285
0 2 0.36 286
0 2 0.36 287
0 2 0.36 288
0 2 0.36 289
0 2 0.36 290
0 2 0.36 291
0 2 0.36 292
0 2 0.36 293
0 2 0.36 294
0 2 0.36 295
0 2 0.36 296
0 2 0.36 297
0 2 0.37 298
0 2 0.36 299
0 2 0.37 300
0 2 0.37 301
0 2 0.37 302
0 2 0.37 303
0 2 0.37 304
0 2 0.36 305
0 2 0.37 306
0 2 0.36 307
0 2 0.37 308
0 2 0.37 309
0 2 0.37 310
0 2 0.37 311
0 2 0.37 312
0 2 0.37 313
0 2 0.38 314
0 2 0.37 315
0 2 0.38 316
0 2 0.38 317
0 2 0.38 318
0 2 0.38 319
0 2 0.38 320
0 2 0.38 321
0 2 0.38 322
0 2 0.38 323
0 2 0.38 324
0 2 0.38 325
0 2 0.38 326
0 2 0.38 327
0 2 0.38 328
0 2 0.38 329
0 2 0.38 330
0 2 0.38 331
0 2 0.38 332
0 2 0.38 333
0 2 0.38 334
0 2 0.39 335
0 2 0.39 336
0 2 0.39 337
0 2 0.38 338
0 2 0.38 339
0 2 0.38 340
0 2 0.39 341
0 2 0.39 342
0 2 0.39 343
0 2 0.39 344
0 2 0.39 345
0 2 0.39 346
0 2 0.39 347
0 2 0.39 348
0 2 0.39 349
0 2 0.39 350
0 2 0.38 351
0 2 0.38 352
0 2 0.39 353
0 2 0.39 354
0 2 0.39 355
0 2 0.39 356
0 2 0.39 357
0 2 0.39 358
0 2 0.39 359
0 2 0.39 360
0 2 0.39 361
0 2 0.39 362
0 2 0.39 363
0 2 0.39 364
0 2 0.39 365
0 2 0.39 366
0 2 0.39 367
0 2 0.39 368
0 2 0.39 369
0 2 0.39 370
0 2 0.39 371
0 2 0.39 372
0 2 0.39 373
0 2 0.39 374
0 2 0.39 375
0 2 0.39 376
0 2 0.39 377
0 2 0.39 378
0 2 0.39 379
0 2 0.39 380
0 2 0.39 381
0 2 0.39 382
0 2 0.39 383
0 2 0.39 384
0 2 0.39 385
0 2 0.39 386
0 2 0.40 387
0 2 0.39 388
0 2 0.39 389
0 2 0.39 390
0 2 0.39 391
0 2 0.39 392
0 2 0.39 393
0 2 0.39 394
0 2 0.39 395
0 2 0.39 396
0 2 0.39 397
0 2 0.39 398
0 2 0.39 399
0 2 0.39 400
0 2 0.39 401
0 2 0.39 402
0 2 0.39 403
0 2 0.39 404
0 2 0.39 405
0 2 0.39 406
0 2 0.39 407
0 2 0.39 408
0 2 0.39 409
0 2 0.39 410
0 2 0.39 411
0 2 0.39 412
0 2 0.39 413
0 2 0.39 414
0 2 0.39 415
0 2 0.39 416
0 2 0.39 417
0 2 0.39 418
0 2 0.39 419
0 2 0.39 420
0 2 0.39 421
0 2 0.39 422
0 2 0.39 423
0 2 0.39 424
0 2 0.39 425
0 2 0.39 426
0 2 0.39 427
0 2 0.39 428
0 2 0.40 429
0 2 0.40 430
0 2 0.39 431
0 2 0.39 432
0 2 0.39 433
0 2 0.40 434
0 2 0.40 435
0 2 0.39 436
0 2 0.40 437
0 2 0.39 438
0 2 0.39 439
0 2 0.40 440
0 2 0.39 441
0 2 0.39 442
0 2 0.39 443
0 2 0.39 444
0 2 0.39 445
0 2 0.39 446
0 2 0.39 447
0 2 0.39 448
0 2 0.39 449
0 2 0.39 450
0 2 0.39 451
0 2 0.40 452
0 2 0.40 453
0 2 0.40 454
0 2 0.40 455
0 2 0.40 456
0 2 0.40 457
0 2 0.40 458
0 2 0.40 459
0 2 0.40 460
0 2 0.40 461
0 2 0.40 462
0 2 0.40 463
0 2 0.40 464
0 2 0.40 465
0 2 0.40 466
0 2 0.40 467
0 2 0.40 468
0 2 0.40 469
0 2 0.40 470
0 2 0.40 471
0 2 0.40 472
0 2 0.40 473
0 2 0.40 474
0 2 0.40 475
0 2 0.40 476
0 2 0.40 477
0 2 0.40 478
0 2 0.40 479
0 2 0.40 480
0 2 0.40 481
0 2 0.40 482
0 2 0.40 483
0 2 0.40 484
0 2 0.40 485
0 2 0.40 486
0 2 0.40 487
0 2 0.40 488
0 2 0.40 489
0 2 0.40 490
0 2 0.40 491
0 2 0.40 492
0 2 0.40 493
0 2 0.40 494
0 2 0.40 495
0 2 0.40 496
0 2 0.40 497
0 2 0.40 498
0 2 0.40 499
0 2 0.40 500
0 2 0.40 501
0 2 0.40 502
0 2 0.40 503
0 2 0.40 504
0 2 0.40 505
0 2 0.40 506
0 2 0.40 507
0 2 0.40 508
0 2 0.40 509
0 2 0.40 510
0 2 0.40 511
0 2 0.40 512
0 2 0.40 513
0 2 0.40 514
0 2 0.40 515
0 2 0.40 516
0 2 0.40 517
0 2 0.40 518
0 2 0.40 519
0 2 0.40 520
0 2 0.40 521
0 2 0.40 522
0 2 0.40 523
0 2 0.40 524
0 2 0.40 525
0 2 0.40 526
0 2 0.40 527
0 2 0.40 528
0 2 0.40 529
0 2 0.39 530
0 2 0.40 531
0 2 0.40 532
0 2 0.40 533
0 2 0.40 534
0 2 0.40 535
0 2 0.40 536
0 2 0.39 537
0 2 0.39 538
0 2 0.39 539
0 2 0.39 540
0 2 0.39 541
0 2 0.39 542
0 2 0.39 543
0 2 0.39 544
0 2 0.39 545
0 2 0.39 546
0 2 0.39 547
0 2 0.39 548
0 2 0.39 549
0 2 0.39 550
0 2 0.39 551
0 2 0.39 552
0 2 0.39 553
0 2 0.39 554
0 2 0.39 555
0 2 0.39 556
0 2 0.39 557
0 2 0.39 558
0 2 0.39 559
0 2 0.39 560
0 2 0.39 561
0 2 0.39 562
0 2 0.39 563
0 2 0.39 564
0 2 0.39 565
0 2 0.39 566
0 2 0.39 567
0 2 0.39 568
0 2 0.39 569
0 2 0.39 570
0 2 0.39 571
0 2 0.40 572
0 2 0.39 573
0 2 0.39 574
0 2 0.40 575
0 2 0.40 576
0 2 0.40 577
0 2 0.40 578
0 2 0.40 579
0 2 0.40 580
0 2 0.40 581
0 2 0.40 582
0 2 0.40 583
0 2 0.40 584
0 2 0.40 585
0 2 0.40 586
0 2 0.40 587
0 2 0.40 588
0 2 0.40 589
0 2 0.40 590
0 2 0.40 591
0 2 0.40 592
0 2 0.40 593
0 2 0.40 594
0 2 0.40 595
0 2 0.40 596
0 2 0.40 597
0 2 0.40 598
0 2 0.40 599
0 2 0.40 600
0 2 0.40 601
0 2 0.40 602
0 2 0.40 603
0 2 0.40 604
0 2 0.40 605
0 2 0.40 606
0 2 0.40 607
0 2 0.40 608
0 2 0.40 609
0 2 0.40 610
0 2 0.40 611
0 2 0.40 612
0 2 0.39 613
0 2 0.39 614
0 2 0.40 615
0 2 0.39 616
0 2 0.39 617
0 2 0.39 618
0 2 0.39 619
0 2 0.39 620
0 2 0.39 621
0 2 0.39 622
0 2 0.39 623
0 2 0.39 624
0 2 0.39 625
0 2 0.39 626
0 2 0.39 627
0 2 0.39 628
0 2 0.39 629
0 2 0.39 630
0 2 0.39 631
0 2 0.39 632
0 2 0.39 633
0 2 0.39 634
0 2 0.39 635
0 2 0.39 636
0 2 0.39 637
0 2 0.39 638
0 2 0.39 639
0 2 0.39 640
0 2 0.39 641
0 2 0.39 642
0 2 0.39 643
0 2 0.39 644
0 2 0.39 645
0 2 0.39 646
0 2 0.39 647
0 2 0.39 648
0 2 0.39 649
0 2 0.39 650
0 2 0.39 651
0 2 0.39 652
0 2 0.39 653
0 2 0.39 654
0 2 0.39 655
0 2 0.39 656
0 2 0.39 657
0 2 0.39 658
0 2 0.39 659
0 2 0.39 660
0 2 0.39 661
0 2 0.39 662
0 2 0.39 663
0 2 0.39 664
0 2 0.39 665
0 2 0.39 666
0 2 0.39 667
0 2 0.39 668
0 2 0.39 669
0 2 0.40 670
0 2 0.39 671
0 2 0.39 672
0 2 0.40 673
0 2 0.39 674
0 2 0.39 675
0 2 0.39 676
0 2 0.39 677
0 2 0.40 678
0 2 0.39 679
0 2 0.39 680
0 2 0.40 681
0 2 0.39 682
0 2 0.39 683
0 2 0.39 684
0 2 0.39 685
0 2 0.39 686
0 2 0.39 687
0 2 0.39 688
0 2 0.39 689
0 2 0.39 690
0 2 0.39 691
0 2 0.39 692
0 2 0.39 693
0 2 0.39 694
0 2 0.39 695
0 2 0.39 696
0 2 0.39 697
0 2 0.39 698
0 2 0.39 699
0 2 0.39 700
0 2 0.39 701
0 2 0.39 702
0 2 0.39 703
0 2 0.39 704
0 2 0.39 705
0 2 0.39 706
0 2 0.39 707
0 2 0.39 708
0 2 0.39 709
0 2 0.39 710
0 2 0.39 711
0 2 0.39 712
0 2 0.39 713
0 2 0.39 714
0 2 0.39 715
0 2 0.39 716
0 2 0.39 717
0 2 0.39 718
0 2 0.39 719
0 2 0.39 720
0 2 0.39 721
0 2 0.39 722
0 2 0.39 723
0 2 0.39 724
0 2 0.39 725
0 2 0.39 726
0 2 0.39 727
0 2 0.39 728
0 2 0.39 729
0 2 0.39 730
0 2 0.39 731
0 2 0.39 732
0 2 0.39 733
0 2 0.39 734
0 2 0.39 735
0 2 0.39 736
0 2 0.39 737
0 2 0.39 738
0 2 0.39 739
0 2 0.39 740
0 2 0.39 741
0 2 0.39 742
0 2 0.39 743
0 2 0.39 744
0 2 0.39 745
0 2 0.39 746
0 2 0.39 747
0 2 0.39 748
0 2 0.39 749
0 2 0.39 750
0 2 0.39 751
0 2 0.39 752
0 2 0.39 753
0 2 0.39 754
0 2 0.39 755
0 2 0.39 756
0 2 0.39 757
0 2 0.39 758
0 2 0.39 759
0 2 0.39 760
0 2 0.39 761
0 2 0.39 762
0 2 0.39 763
0 2 0.39 764
0 2 0.39 765
0 2 0.39 766
0 2 0.39 767
0 2 0.39 768
0 2 0.39 769
0 2 0.39 770
0 2 0.39 771
0 2 0.39 772
0 2 0.39 773
0 2 0.39 774
0 2 0.39 775
0 2 0.39 776
0 2 0.39 777
0 2 0.39 778
0 2 0.39 779
0 2 0.39 780
0 2 0.39 781
0 2 0.39 782
0 2 0.39 783
0 2 0.39 784
0 2 0.39 785
0 2 0.39 786
0 2 0.39 787
0 2 0.39 788
0 2 0.39 789
0 2 0.39 790
0 2 0.39 791
0 2 0.39 792
0 2 0.39 793
0 2 0.39 794
0 2 0.39 795
0 2 0.39 796
0 2 0.39 797
0 2 0.39 798
0 2 0.39 799
0 2 0.39 800
0 2 0.39 801
0 2 0.39 802
0 2 0.39 803
0 2 0.39 804
0 2 0.39 805
0 2 0.39 806
0 2 0.39 807
0 2 0.39 808
0 2 0.40 809
0 2 0.40 810
0 2 0.40 811
0 2 0.40 812
0 2 0.40 813
0 2 0.40 814
0 2 0.40 815
0 2 0.40 816
0 2 0.40 817
0 2 0.39 818
0 2 0.39 819
0 2 0.40 820
0 2 0.39 821
0 2 0.40 822
0 2 0.39 823
0 2 0.39 824
0 2 0.39 825
0 2 0.39 826
0 2 0.40 827
0 2 0.39 828
0 2 0.40 829
0 2 0.40 830
0 2 0.39 831
0 2 0.40 832
0 2 0.40 833
0 2 0.40 834
0 2 0.40 835
0 2 0.39 836
0 2 0.39 837
0 2 0.39 838
0 2 0.39 839
0 2 0.40 840
0 2 0.40 841
0 2 0.40 842
0 2 0.40 843
0 2 0.40 844
0 2 0.40 845
0 2 0.40 846
0 2 0.40 847
0 2 0.40 848
0 2 0.40 849
0 2 0.40 850
0 2 0.40 851
0 2 0.40 852
0 2 0.40 853
0 2 0.40 854
0 2 0.40 855
0 2 0.40 856
0 2 0.40 857
0 2 0.40 858
0 2 0.40 859
0 2 0.40 860
0 2 0.40 861
0 2 0.40 862
0 2 0.40 863
0 2 0.40 864
0 2 0.40 865
0 2 0.40 866
0 2 0.40 867
0 2 0.40 868
0 2 0.40 869
0 2 0.40 870
0 2 0.40 871
0 2 0.40 872
0 2 0.40 873
0 2 0.40 874
0 2 0.40 875
0 2 0.40 876
0 2 0.40 877
0 2 0.40 878
0 2 0.40 879
0 2 0.40 880
0 2 0.40 881
0 2 0.40 882
0 2 0.40 883
0 2 0.40 884
0 2 0.40 885
0 2 0.40 886
0 2 0.40 887
0 2 0.40 888
0 2 0.40 889
0 2 0.40 890
0 2 0.40 891
0 2 0.40 892
0 2 0.40 893
0 2 0.40 894
0 2 0.40 895
0 2 0.40 896
0 2 0.40 897
0 2 0.40 898
0 2 0.40 899
0 2 0.40 900
0 2 0.40 901
0 2 0.41 902
0 2 0.41 903
0 2 0.40 904
0 2 0.41 905
0 2 0.41 906
0 2 0.41 907
0 2 0.41 908
0 2 0.41 909
0 2 0.41 910
0 2 0.41 911
0 2 0.41 912
0 2 0.41 913
0 2 0.41 914
0 2 0.41 915
0 2 0.41 916
0 2 0.41 917
0 2 0.41 918
0 2 0.40 919
0 2 0.40 920
0 2 0.40 921
0 2 0.40 922
0 2 0.40 923
0 2 0.40 924
0 2 0.40 925
0 2 0.40 926
0 2 0.41 927
0 2 0.41 928
0 2 0.41 929
0 2 0.41 930
0 2 0.41 931
0 2 0.41 932
0 2 0.41 933
0 2 0.41 934
0 2 0.41 935
0 2 0.41 936
0 2 0.41 937
0 2 0.41 938
0 2 0.41 939
0 2 0.41 940
0 2 0.40 941
0 2 0.41 942
0 2 0.41 943
0 2 0.40 944
0 2 0.41 945
0 2 0.41 946
0 2 0.41 947
0 2 0.41 948
0 2 0.41 949
0 2 0.41 950
0 2 0.41 951
0 2 0.41 952
0 2 0.41 953
0 2 0.4