2 2 2.00 1
1 2 1.50 2
1 2 1.33 3
1 2 1.25 4
1 2 1.40 5
1 2 1.33 6
1 2 1.29 7
1 2 1.25 8
1 2 1.22 9
1 2 1.30 10
1 2 1.27 11
1 2 1.25 12
1 2 1.23 13
1 2 1.29 14
1 2 1.27 15
1 2 1.25 16
1 2 1.24 17
1 2 1.22 18
1 2 1.21 19
1 2 1.25 20
1 2 1.29 21
0 2 1.23 22
0 2 1.26 23
0 2 1.25 24
0 2 1.24 25
0 2 1.27 26
0 2 1.26 27
0 2 1.25 28
0 2 1.24 29
0 2 1.27 30
0 2 1.26 31
0 2 1.25 32
0 2 1.24 33
0 2 1.24 34
0 2 1.23 35
0 2 1.22 36
0 2 1.24 37
0 2 1.24 38
0 2 1.23 39
0 2 1.23 40
0 2 1.20 41
0 2 1.21 42
0 2 1.23 43
0 2 1.23 44
0 2 1.22 45
0 2 1.22 46
0 2 1.23 47
0 2 1.23 48
0 2 1.24 49
0 2 1.22 50
0 2 1.20 51
0 2 1.21 52
0 2 1.21 53
0 2 1.22 54
0 2 1.22 55
0 2 1.21 56
0 2 1.21 57
0 2 1.19 58
0 2 1.19 59
0 2 1.18 60
0 2 1.18 61
0 2 1.19 62
0 2 1.19 63
0 2 1.20 64
0 2 1.20 65
0 2 1.20 66
0 2 1.21 67
0 2 1.22 68
0 2 1.22 69
0 2 1.21 70
0 2 1.21 71
0 2 1.22 72
0 2 1.22 73
0 2 1.23 74
0 2 1.23 75
0 2 1.22 76
0 2 1.22 77
0 2 1.22 78
0 2 1.23 79
0 2 1.24 80
0 2 1.23 81
0 2 1.23 82
0 2 1.23 83
0 2 1.23 84
0 2 1.21 85
0 2 1.22 86
0 2 1.22 87
0 2 1.20 88
0 2 1.19 89
0 2 1.20 90
0 2 1.20 91
0 2 1.20 92
0 2 1.20 93
0 2 1.20 94
0 2 1.19 95
0 2 1.18 96
0 2 1.19 97
0 2 1.18 98
0 2 1.17 99
0 2 1.18 100
0 2 1.18 101
0 2 1.19 102
0 2 1.17 103
0 2 1.18 104
0 2 1.18 105
0 2 1.18 106
0 2 1.19 107
0 2 1.19 108
0 2 1.18 109
0 2 1.18 110
0 2 1.18 111
0 2 1.18 112
0 2 1.17 113
0 2 1.17 114
0 2 1.17 115
0 2 1.16 116
0 2 1.16 117
0 2 1.15 118
0 3 1.17 119
0 3 1.17 120
0 3 1.17 121
0 3 1.16 122
0 3 1.16 123
0 3 1.17 124
0 3 1.17 125
0 3 1.17 126
0 3 1.18 127
0 3 1.18 128
0 3 1.18 129
0 3 1.18 130
0 3 1.19 131
0 3 1.20 132
0 3 1.20 133
0 3 1.19 134
0 3 1.19 135
0 3 1.19 136
0 3 1.19 137
0 3 1.19 138
0 3 1.19 139
0 3 1.19 140
0 3 1.19 141
0 3 1.19 142
0 3 1.20 143
0 3 1.19 144
0 3 1.19 145
0 3 1.20 146
0 3 1.20 147
0 3 1.20 148
0 3 1.19 149
0 3 1.19 150
0 3 1.20 151
0 3 1.20 152
0 3 1.20 153
0 3 1.19 154
0 3 1.19 155
0 3 1.19 156
0 3 1.18 157
0 3 1.19 158
0 3 1.18 159
0 3 1.18 160
0 3 1.17 161
0 3 1.18 162
0 3 1.18 163
0 3 1.18 164
0 3 1.18 165
0 3 1.18 166
0 3 1.19 167
0 3 1.18 168
0 3 1.18 169
0 3 1.18 170
0 3 1.18 171
0 3 1.17 172
0 3 1.17 173
0 3 1.17 174
0 3 1.17 175
0 3 1.16 176
0 3 1.16 177
0 3 1.16 178
0 3 1.16 179
0 3 1.16 180
0 3 1.15 181
0 3 1.15 182
0 3 1.15 183
0 3 1.15 184
0 3 1.16 185
0 3 1.16 186
0 3 1.16 187
0 3 1.16 188
0 3 1.16 189
0 3 1.16 190
0 3 1.16 191
0 3 1.17 192
0 3 1.17 193
0 3 1.16 194
0 3 1.15 195
0 3 1.15 196
0 3 1.15 197
0 3 1.15 198
0 3 1.15 199
0 3 1.15 200
0 3 1.14 201
0 3 1.14 202
0 3 1.13 203
0 3 1.14 204
0 3 1.14 205
0 3 1.14 206
0 3 1.15 207
0 3 1.15 208
0 3 1.15 209
0 3 1.14 210
0 3 1.15 211
0 3 1.15 212
0 3 1.15 213
0 3 1.15 214
0 3 1.15 215
0 3 1.15 216
0 3 1.15 217
0 3 1.15 218
0 3 1.15 219
0 3 1.15 220
0 3 1.14 221
0 3 1.14 222
0 3 1.14 223
0 3 1.14 224
0 3 1.14 225
0 3 1.14 226
0 3 1.14 227
0 3 1.14 228
0 3 1.14 229
0 3 1.13 230
0 3 1.13 231
0 3 1.13 232
0 3 1.13 233
0 3 1.13 234
0 3 1.13 235
0 3 1.13 236
0 3 1.13 237
0 3 1.13 238
0 3 1.13 239
0 3 1.13 240
0 3 1.13 241
0 3 1.14 242
0 3 1.14 243
0 3 1.14 244
0 3 1.14 245
0 3 1.14 246
0 3 1.14 247
0 3 1.15 248
0 3 1.14 249
0 3 1.14 250
0 3 1.14 251
0 3 1.15 252
0 3 1.15 253
0 3 1.15 254
0 3 1.15 255
0 3 1.15 256
0 3 1.15 257
0 3 1.15 258
0 3 1.15 259
0 3 1.15 260
0 3 1.15 261
0 3 1.15 262
0 3 1.15 263
0 3 1.16 264
0 3 1.16 265
0 3 1.16 266
0 3 1.16 267
0 3 1.16 268
0 3 1.16 269
0 3 1.16 270
0 3 1.16 271
0 3 1.16 272
0 3 1.16 273
0 3 1.15 274
0 3 1.15 275
0 3 1.15 276
0 3 1.15 277
0 3 1.15 278
0 3 1.15 279
0 3 1.16 280
0 3 1.17 281
0 3 1.17 282
0 3 1.17 283
0 3 1.17 284
0 3 1.16 285
0 3 1.16 286
0 3 1.16 287
0 3 1.16 288
0 3 1.16 289
0 3 1.16 290
0 3 1.16 291
0 3 1.16 292
0 3 1.15 293
0 3 1.15 294
0 3 1.15 295
0 3 1.15 296
0 3 1.15 297
0 3 1.15 298
0 3 1.15 299
0 3 1.15 300
0 3 1.14 301
0 3 1.14 302
0 3 1.14 303
0 3 1.14 304
0 3 1.14 305
0 3 1.14 306
0 3 1.14 307
0 3 1.14 308
0 3 1.13 309
0 3 1.13 310
0 3 1.13 311
0 3 1.13 312
0 3 1.13 313
0 3 1.13 314
0 3 1.13 315
0 3 1.13 316
0 3 1.13 317
0 3 1.13 318
0 3 1.13 319
0 3 1.12 320
0 3 1.13 321
0 3 1.13 322
0 3 1.13 323
0 27 