2 2 2.00 1
2 2 2.00 2
2 2 2.00 3
1 2 1.75 4
1 2 1.60 5
1 2 1.67 6
1 2 1.57 7
1 2 1.62 8
1 2 1.67 9
0 2 1.50 10
0 2 1.45 11
0 2 1.42 12
0 2 1.46 13
0 2 1.43 14
0 2 1.33 15
0 2 1.25 16
0 2 1.29 17
0 2 1.28 18
0 2 1.32 19
0 2 1.30 20
0 2 1.33 21
0 2 1.27 22
0 2 1.30 23
0 2 1.29 24
0 2 1.32 25
0 2 1.31 26
0 2 1.30 27
0 2 1.29 28
0 2 1.28 29
0 2 1.30 30
0 2 1.29 31
0 2 1.28 32
0 2 1.27 33
0 2 1.29 34
0 3 1.34 35
0 3 1.33 36
0 3 1.32 37
0 3 1.32 38
0 3 1.33 39
0 3 1.35 40
0 3 1.37 41
0 3 1.38 42
0 3 1.37 43
0 3 1.36 44
0 3 1.33 45
0 3 1.33 46
0 3 1.32 47
0 3 1.31 48
0 3 1.31 49
0 3 1.32 50
0 3 1.31 51
0 3 1.33 52
0 3 1.32 53
0 3 1.31 54
0 3 1.33 55
0 3 1.34 56
0 3 1.33 57
0 3 1.33 58
0 3 1.34 59
0 3 1.33 60
0 3 1.34 61
0 3 1.34 62
0 3 1.33 63
0 3 1.33 64
0 3 1.32 65
0 3 1.32 66
0 3 1.31 67
0 3 1.34 68
0 3 1.33 69
0 3 1.34 70
0 3 1.34 71
0 3 1.32 72
0 3 1.32 73
0 3 1.32 74
0 3 1.32 75
0 3 1.33 76
0 3 1.32 77
0 3 1.32 78
0 3 1.32 79
0 3 1.32 80
0 3 1.32 81
0 3 1.32 82
0 3 1.33 83
0 3 1.32 84
0 3 1.33 85
0 3 1.33 86
0 3 1.33 87
0 3 1.33 88
0 3 1.33 89
0 3 1.33 90
0 3 1.33 91
0 3 1.33 92
0 3 1.33 93
0 3 1.33 94
0 3 1.34 95
0 3 1.34 96
0 3 1.34 97
0 3 1.34 98
0 3 1.34 99
0 3 1.34 100
0 3 1.33 101
0 3 1.34 102
0 3 1.35 103
0 3 1.36 104
0 3 1.35 105
0 3 1.36 106
0 3 1.36 107
0 3 1.36 108
0 3 1.36 109
0 3 1.35 110
0 3 1.36 111
0 3 1.36 112
0 3 1.35 113
0 3 1.35 114
0 3 1.35 115
0 3 1.35 116
0 3 1.36 117
0 3 1.36 118
0 3 1.35 119
0 3 1.36 120
0 3 1.36 121
0 3 1.35 122
0 3 1.35 123
0 3 1.34 124
0 3 1.34 125
0 3 1.33 126
0 3 1.33 127
0 3 1.34 128
0 3 1.33 129
0 3 1.33 130
0 3 1.34 131
0 3 1.33 132
0 3 1.32 133
0 3 1.33 134
0 3 1.33 135
0 3 1.32 136
0 3 1.33 137
0 3 1.33 138
0 3 1.32 139
0 3 1.32 140
0 3 1.33 141
0 3 1.32 142
0 3 1.31 143
0 3 1.31 144
0 3 1.30 145
0 3 1.29 146
0 3 1.29 147
0 3 1.30 148
0 3 1.31 149
0 3 1.31 150
0 3 1.32 151
0 3 1.32 152
0 3 1.33 153
0 3 1.33 154
0 3 1.34 155
0 3 1.33 156
0 3 1.33 157
0 3 1.33 158
0 3 1.33 159
0 3 1.33 160
0 3 1.34 161
0 3 1.33 162
0 3 1.33 163
0 3 1.33 164
0 3 1.33 165
0 3 1.33 166
0 3 1.33 167
0 3 1.33 168
0 3 1.33 169
0 3 1.33 170
0 3 1.33 171
0 3 1.33 172
0 3 1.32 173
0 3 1.32 174
0 3 1.32 175
0 3 1.31 176
0 3 1.32 177
0 3 1.31 178
0 4 1.33 179
0 4 1.33 180
0 4 1.33 181
0 4 1.33 182
0 4 1.33 183
0 4 1.33 184
0 4 1.33 185
0 4 1.33 186
0 4 1.33 187
0 4 1.33 188
0 4 1.33 189
0 4 1.33 190
0 4 1.32 191
0 4 1.33 192
0 4 1.33 193
0 4 1.32 194
0 4 1.32 195
0 4 1.32 196
0 4 1.32 197
0 4 1.32 198
0 4 1.33 199
0 4 1.32 200
0 4 1.32 201
0 4 1.33 202
0 4 1.33 203
0 4 1.33 204
0 4 1.33 205
0 4 1.34 206
0 4 1.34 207
0 4 1.33 208
0 4 1.33 209
0 4 1.32 210
0 4 1.31 211
0 4 1.31 212
0 4 1.31 213
0 4 1.31 214
0 4 1.31 215
0 4 1.31 216
0 4 1.31 217
0 4 1.32 218
0 4 1.32 219
0 4 1.32 220
0 4 1.32 221
0 4 1.32 222
0 4 1.33 223
0 4 1.33 224
0 4 1.33 225
0 4 1.33 226
0 4 1.33 227
0 4 1.33 228
0 4 1.33 229
0 4 1.33 230
0 4 1.33 231
0 4 1.33 232
0 4 1.33 233
0 4 1.32 234
0 4 1.33 235
0 4 1.33 236
0 4 1.33 237
0 4 1.33 238
0 4 1.33 239
0 4 1.33 240
0 4 1.33 241
0 4 1.33 242
0 4 1.33 243
0 4 1.33 244
0 4 1.33 245
0 4 1.33 246
0 4 1.32 247
0 4 1.32 248
0 4 1.33 249
0 4 1.32 250
0 4 1.32 251
0 4 1.33 252
0 4 1.33 253
0 4 1.33 254
0 4 1.33 255
0 4 1.34 256
0 4 1.33 257
0 4 1.34 258
0 4 1.34 259
0 4 1.34 260
0 4 1.34 261
0 4 1.35 262
0 4 1.35 263
0 4 1.35 264
0 4 1.35 265
0 4 1.35 266
0 4 1.35 267
0 4 1.35 268
0 4 1.35 269
0 4 1.34 270
0 4 1.35 271
0 4 1.35 272
0 4 1.35 273
0 4 1.34 274
0 4 1.34 275
0 4 1.34 276
0 4 1.34 277
0 4 1.34 278
0 4 1.34 279
0 4 1.34 280
0 4 1.34 281
0 4 1.34 282
0 4 1.34 283
0 4 1.34 284
0 4 1.34 285
0 4 1.34 286
0 4 1.34 287
0 4 1.34 288
0 4 1.34 289
0 4 1.34 290
0 4 1.34 291
0 4 1.34 292
0 4 1.34 293
0 4 1.34 294
0 4 1.34 295
0 4 1.34 296
0 4 1.35 297
0 4 1.35 298
0 4 1.34 299
0 4 1.34 300
0 4 1.34 301
0 4 1.34 302
0 4 1.34 303
0 4 1.34 304
0 4 1.34 305
0 4 1.34 306
0 4 1.35 307
0 4 1.34 308
0 4 1.35 309
0 4 1.35 310
0 4 1.34 311
0 4 1.35 312
0 4 1.35 313
0 4 1.35 314
0 4 1.35 315
0 4 1.35 316
0 4 1.35 317
0 4 1.35 318
0 4 1.35 319
0 4 1.35 320
0 4 1.35 321
0 4 1.35 322
0 4 1.35 323
0 4 1.35 324
0 4 1.35 325
0 4 1.35 326
0 4 1.35 327
0 4 1.35 328
0 4 1.35 329
0 4 1.35 330
0 4 1.35 331
0 4 1.35 332
0 4 1.35 333
0 4 1.35 334
0 4 1.35 335
0 4 1.35 336
0 4 1.35 337
0 4 1.35 338
0 4 1.35 339
0 4 1.35 340
0 4 1.35 341
0 4 1.35 342
0 4 1.35 343
0 4 1.35 344
0 4 1.35 345
0 4 1.35 346
0 4 1.35 347
0 4 1.35 348
0 4 1.35 349
0 4 1.35 350
0 4 1.35 351
0 4 1.35 352
0 4 1.34 353
0 4 1.34 354
0 4 1.34 355
0 4 1.34 356
0 4 1.34 357
0 4 1.34 358
0 4 1.35 359
0 4 1.34 360
0 4 1.35 361
0 4 1.35 362
0 4 1.34 363
0 4 1.34 364
0 4 1.34 365
0 4 1.34 366
0 4 1.34 367
0 4 1.34 368
0 4 1.34 369
0 4 1.34 370
0 4 1.35 371
0 4 1.34 372
0 4 1.35 373
0 4 1.35 374
0 4 1.35 375
0 4 1.35 376
0 4 1.35 377
0 4 1.35 378
0 4 1.36 379
0 4 1.36 380
0 4 1.36 381
0 4 1.36 382
0 4 1.36 383
0 4 1.36 384
0 4 1.36 385
0 4 1.36 386
0 4 1.35 387
0 4 1.35 388
0 4 1.35 389
0 4 1.35 390
0 4 1.35 391
0 4 1.35 392
0 4 1.35 393
0 4 1.35 394
0 4 1.35 395
0 4 1.35 396
0 4 1.35 397
0 4 1.35 398
0 4 1.35 399
0 13 1.38 400
0 13 1.38 401
0 13 1.38 402
0 13 1.37 403
0 13 1.38 404
0 13 1.38 405
0 13 1.38 406
0 13 1.38 407
0 13 1.38 408
0 13 1.38 409
0 13 1.38 410
0 13 1.37 411
0 13 1.37 412
0 13 1.37 413
0 13 1.37 414
0 13 1.38 415
0 13 1.38 416
0 13 1.37 417
0 13 1.37 418
0 13 1.37 419
0 13 1.37 420
0 13 1.37 421
0 13 1.37 422
0 13 1.37 423
0 13 1.37 424
0 13 1.38 425
0 13 1.38 426
0 13 1.38 427
0 13 1.38 428
0 13 1.38 429
0 13 1.38 430
0 13 1.38 431
0 13 1.38 432
0 13 1.38 433
0 13 1.38 434
0 13 1.38 435
0 13 1.38 436
0 13 1.38 437
0 13 1.38 438
0 13 1.38 439
0 13 1.38 440
0 13 1.38 441
0 13 1.38 442
0 13 1.38 443
0 13 1.39 444
0 13 1.38 445
0 13 1.39 446
0 13 1.38 447
0 13 1.39 448
0 13 1.39 449
0 13 1.39 450
0 13 1.39 451
0 13 1.40 452
0 13 1.40 453
0 13 1.40 454
0 13 1.40 455
0 13 1.40 456
0 13 1.40 457
0 13 1.40 458
0 13 1.40 459
0 13 1.40 460
0 13 1.40 461
0 13 1.40 462
0 13 1.40 463
0 13 1.40 464
0 13 1.40 465
0 13 1.40 466
0 13 1.40 467
0 13 1.40 468
0 13 1.40 469
0 13 1.40 470
0 13 1.40 471
0 13 1.40 472
0 13 1.40 473
0 13 1.40 474
0 13 1.40 475
0 13 1.40 476
0 13 1.40 477
0 13 1.40 478
0 13 1.40 479
0 13 1.40 480
0 13 1.41 481
0 13 1.40 482
0 13 1.41 483
0 13 1.40 484
0 13 1.41 485
0 13 1.41 486
0 13 1.40 487
0 13 1.41 488
0 13 1.41 489
0 13 1.41 490
0 13 1.41 491
0 13 1.41 492
0 13 1.41 493
0 13 1.41 494
0 13 1.41 495
0 13 1.41 496
0 13 1.41 497
0 13 1.41 498
0 13 1.41 499
0 13 1.41 500
0 13 1.41 501
0 13 1.41 502
0 13 1.41 503
0 13 1.41 504
0 13 1.41 505
0 13 1.41 506
0 13 1.41 507
0 13 1.41 508
0 13 1.41 509
0 13 1.41 510
0 13 1.41 511
0 13 1.40 512
0 13 1.40 513
0 13 1.40 514
0 13 1.40 515
0 13 1.40 516
0 13 1.40 517
0 13 1.40 518
0 13 1.40 519
0 13 1.40 520
0 13 1.40 521
0 13 1.40 522
0 13 1.40 523
0 13 1.40 524
0 13 1.39 525
0 13 1.40 526
0 13 1.40 527
0 13 1.40 528
0 13 1.40 529
0 13 1.40 530
0 13 1.40 531
0 13 1.40 532
0 13 1.40 533
0 13 1.40 534
0 13 1.40 535
0 13 1.40 536
0 13 1.40 537
0 13 1.40 538
0 13 1.40 539
0 13 1.40 540
0 13 1.40 541
0 13 1.40 542
0 13 1.40 543
0 13 1.40 544
0 13 1.40 545
0 13 1.40 546
0 13 1.40 547
0 13 1.40 548
0 13 1.40 549
0 13 1.40 550
0 13 1.40 551
0 13 1.40 552
0 13 1.40 553
0 13 1.40 554
0 13 1.40 555
0 13 1.40 556
0 13 1.40 557
0 13 1.40 558
0 13 1.40 559
0 13 1.40 560
0 13 1.40 561
0 13 1.40 562
0 13 1.39 563
0 13 1.40 564
0 13 1.39 565
0 13 1.39 566
0 13 1.39 567
0 13 1.39 568
0 13 1.39 569
0 13 1.39 570
0 13 1.39 571
0 13 1.39 572
0 13 1.39 573
0 13 1.39 574
0 13 1.39 575
0 13 1.39 576
0 13 1.40 577
0 13 1.40 578
0 13 1.40 579
0 13 1.40 580
0 13 1.40 581
0 13 1.40 582
0 13 1.40 583
0 13 1.40 584
0 13 1.40 585
0 13 1.40 586
0 13 1.40 587
0 13 1.40 588
0 13 1.40 589
0 13 1.40 590
0 13 1.40 591
0 13 1.40 592
0 13 1.40 593
0 13 1.40 594
0 13 1.40 595
0 13 1.40 596
0 13 1.40 597
0 13 1.40 598
0 13 1.40 599
0 13 1.40 600
0 13 1.40 601
0 13 1.40 602
0 13 1.40 603
0 13 1.40 604
0 13 1.40 605
0 13 1.40 606
0 13 1.40 607
0 13 1.40 608
0 13 1.40 609
0 13 1.40 610
0 13 1.40 611
0 13 1.40 612
0 13 1.40 613
0 13 1.40 614
0 13 1.40 615
0 13 1.40 616
0 13 1.40 617
0 13 1.39 618
0 13 1.39 619
0 13 1.39 620
0 13 1.39 621
0 13 