0 0 0.00 1
0 1 0.50 2
0 1 0.33 3
0 1 0.25 4
0 1 0.20 5
0 1 0.17 6
0 1 0.14 7
0 1 0.12 8
0 1 0.22 9
0 1 0.20 10
0 1 0.18 11
0 1 0.17 12
0 1 0.23 13
0 1 0.21 14
0 1 0.27 15
0 1 0.25 16
0 1 0.24 17
0 1 0.28 18
0 1 0.26 19
0 1 0.25 20
0 1 0.29 21
0 1 0.27 22
0 1 0.26 23
0 1 0.25 24
0 1 0.24 25
0 1 0.27 26
0 1 0.26 27
0 1 0.25 28
0 1 0.24 29
0 1 0.27 30
0 1 0.26 31
0 1 0.25 32
0 1 0.24 33
0 1 0.26 34
0 1 0.26 35
0 1 0.25 36
0 1 0.24 37
0 1 0.26 38
0 1 0.26 39
0 1 0.25 40
0 1 0.24 41
0 1 0.24 42
0 1 0.23 43
0 1 0.23 44
0 1 0.22 45
0 1 0.22 46
0 1 0.21 47
0 1 0.21 48
0 1 0.22 49
0 1 0.22 50
0 1 0.22 51
0 1 0.21 52
0 1 0.21 53
0 1 0.20 54
0 1 0.20 55
0 1 0.20 56
0 1 0.19 57
0 1 0.19 58
0 1 0.19 59
0 1 0.20 60
0 1 0.20 61
0 1 0.19 62
0 1 0.19 63
0 1 0.19 64
0 1 0.20 65
0 1 0.20 66
0 1 0.21 67
0 1 0.21 68
0 1 0.20 69
0 1 0.21 70
0 1 0.21 71
0 1 0.21 72
0 1 0.21 73
0 1 0.22 74
0 1 0.21 75
0 1 0.21 76
0 1 0.21 77
0 1 0.21 78
0 1 0.22 79
0 1 0.21 80
0 1 0.21 81
0 1 0.22 82
0 1 0.22 83
0 1 0.21 84
0 1 0.22 85
0 1 0.22 86
0 1 0.22 87
0 1 0.22 88
0 1 0.21 89
0 1 0.21 90
0 1 0.21 91
0 1 0.21 92
0 1 0.22 93
0 1 0.21 94
0 1 0.21 95
0 1 0.21 96
0 1 0.21 97
0 1 0.20 98
0 1 0.20 99
0 1 0.20 100
0 1 0.20 101
0 1 0.20 102
0 1 0.19 103
0 1 0.19 104
0 1 0.20 105
0 1 0.20 106
0 1 0.20 107
0 1 0.19 108
0 1 0.19 109
0 1 0.19 110
0 1 0.19 111
0 1 0.20 112
0 1 0.19 113
0 1 0.19 114
0 1 0.19 115
0 1 0.19 116
0 1 0.20 117
0 1 0.19 118
0 1 0.19 119
0 1 0.19 120
0 1 0.20 121
0 1 0.20 122
0 1 0.20 123
0 1 0.19 124
0 1 0.19 125
0 1 0.20 126
0 1 0.20 127
0 1 0.20 128
0 1 0.19 129
0 1 0.19 130
0 1 0.20 131
0 1 0.20 132
0 1 0.20 133
0 1 0.19 134
0 1 0.19 135
0 1 0.20 136
0 1 0.20 137
0 1 0.20 138
0 1 0.20 139
0 1 0.20 140
0 1 0.20 141
0 1 0.20 142
0 1 0.20 143
0 1 0.20 144
0 1 0.20 145
0 1 0.20 146
0 1 0.20 147
0 1 0.20 148
0 1 0.20 149
0 1 0.20 150
0 1 0.20 151
0 1 0.20 152
0 1 0.20 153
0 1 0.19 154
0 1 0.19 155
0 1 0.20 156
0 1 0.20 157
0 1 0.20 158
0 1 0.20 159
0 1 0.20 160
0 1 0.20 161
0 1 0.20 162
0 1 0.20 163
0 1 0.20 164
0 1 0.20 165
0 1 0.20 166
0 1 0.20 167
0 1 0.20 168
0 1 0.20 169
0 1 0.20 170
0 1 0.20 171
0 1 0.20 172
0 1 0.20 173
0 1 0.20 174
0 1 0.19 175
0 1 0.19 176
0 1 0.20 177
0 1 0.20 178
0 1 0.20 179
0 1 0.19 180
0 1 0.20 181
0 1 0.20 182
0 1 0.20 183
0 1 0.20 184
0 1 0.19 185
0 1 0.19 186
0 1 0.20 187
0 1 0.20 188
0 1 0.20 189
0 1 0.19 190
0 1 0.19 191
0 1 0.19 192
0 1 0.19 193
0 1 0.19 194
0 1 0.19 195
0 1 0.19 196
0 1 0.19 197
0 1 0.20 198
0 1 0.20 199
0 1 0.20 200
0 1 0.19 201
0 1 0.19 202
0 1 0.19 203
0 1 0.20 204
0 1 0.20 205
0 1 0.19 206
0 1 0.20 207
0 1 0.20 208
0 1 0.20 209
0 1 0.20 210
0 1 0.19 211
0 1 0.19 212
0 1 0.19 213
0 1 0.19 214
0 1 0.19 215
0 1 0.19 216
0 1 0.19 217
0 1 0.19 218
0 1 0.19 219
0 1 0.20 220
0 1 0.19 221
0 1 0.19 222
0 1 0.20 223
0 1 0.20 224
0 1 0.20 225
0 1 0.19 226
0 1 0.19 227
0 1 0.19 228
0 1 0.19 229
0 1 0.20 230
0 1 0.19 231
0 1 0.19 232
0 1 0.20 233
0 1 0.20 234
0 1 0.20 235
0 1 0.20 236
0 1 0.20 237
0 1 0.20 238
0 1 0.20 239
0 1 0.20 240
0 1 0.20 241
0 1 0.20 242
0 1 0.20 243
0 1 0.20 244
0 1 0.20 245
0 1 0.20 246
0 1 0.19 247
0 1 0.19 248
0 1 0.20 249
0 1 0.20 250
0 1 0.20 251
0 1 0.20 252
0 1 0.20 253
0 1 0.20 254
0 1 0.20 255
0 1 0.20 256
0 1 0.20 257
0 1 0.20 258
0 1 0.20 259
0 1 0.20 260
0 1 0.20 261
0 1 0.19 262
0 1 0.20 263
0 1 0.20 264
0 1 0.20 265
0 1 0.20 266
0 1 0.19 267
0 1 0.19 268
0 1 0.19 269
0 1 0.19 270
0 1 0.20 271
0 1 0.19 272
0 1 0.19 273
0 1 0.19 274
0 1 0.19 275
0 1 0.19 276
0 1 0.19 277
0 1 0.19 278
0 1 0.20 279
0 1 0.20 280
0 1 0.20 281
0 1 0.20 282
0 1 0.20 283
0 1 0.20 284
0 1 0.20 285
0 1 0.20 286
0 1 0.20 287
0 1 0.20 288
0 1 0.20 289
0 1 0.20 290
0 1 0.20 291
0 1 0.20 292
0 1 0.20 293
0 1 0.20 294
0 1 0.20 295
0 1 0.20 296
0 1 0.20 297
0 1 0.20 298
0 1 0.20 299
0 1 0.20 300
0 1 0.20 301
0 1 0.20 302
0 1 0.19 303
0 1 0.19 304
0 1 0.20 305
0 1 0.20 306
0 1 0.20 307
0 1 0.19 308
0 1 0.20 309
0 1 0.20 310
0 1 0.20 311
0 1 0.20 312
0 1 0.20 313
0 1 0.20 314
0 1 0.20 315
0 1 0.20 316
0 1 0.20 317
0 1 0.19 318
0 1 0.20 319
0 1 0.20 320
0 1 0.20 321
0 1 0.20 322
0 1 0.20 323
0 1 0.20 324
0 1 0.20 325
0 1 0.20 326
0 1 0.20 327
0 1 0.20 328
0 1 0.20 329
0 1 0.20 330
0 1 0.20 331
0 1 0.20 332
0 1 0.20 333
0 1 0.20 334
0 1 0.20 335
0 1 0.20 336
0 1 0.20 337
0 1 0.20 338
0 1 0.20 339
0 1 0.20 340
0 1 0.21 341
0 1 0.20 342
0 1 0.20 343
0 1 0.21 344
0 1 0.21 345
0 1 0.21 346
0 1 0.20 347
0 1 0.20 348
0 1 0.20 349
0 1 0.20 350
0 1 0.21 351
0 1 0.20 352
0 1 0.20 353
0 1 0.21 354
0 1 0.21 355
0 1 0.21 356
0 1 0.20 357
0 1 0.20 358
0 1 0.20 359
0 1 0.20 360
0 1 0.20 361
0 1 0.20 362
0 1 0.21 363
0 1 0.21 364
0 1 0.21 365
0 1 0.21 366
0 1 0.21 367
0 1 0.21 368
0 1 0.21 369
0 1 0.21 370
0 1 0.21 371
0 1 0.21 372
0 1 0.21 373
0 1 0.21 374
0 1 0.21 375
0 1 0.21 376
0 1 0.21 377
0 1 0.21 378
0 1 0.21 379
0 1 0.21 380
0 1 0.21 381
0 1 0.21 382
0 1 0.21 383
0 1 0.21 384
0 1 0.21 385
0 1 0.21 386
0 1 0.21 387
0 1 0.21 388
0 1 0.21 389
0 1 0.21 390
0 1 0.21 391
0 1 0.21 392
0 1 0.21 393
0 1 0.21 394
0 1 0.21 395
0 1 0.21 396
0 1 0.21 397
0 1 0.21 398
0 1 0.21 399
0 1 0.21 400
0 1 0.21 401
0 1 0.21 402
0 1 0.21 403
0 1 0.21 404
0 1 0.21 405
0 1 0.21 406
0 1 0.21 407
0 1 0.21 408
0 1 0.21 409
0 1 0.21 410
0 1 0.21 411
0 1 0.21 412
0 1 0.21 413
0 1 0.21 414
0 1 0.21 415
0 1 0.21 416
0 1 0.21 417
0 1 0.21 418
0 1 0.21 419
0 1 0.21 420
0 1 0.21 421
0 1 0.21 422
0 1 0.21 423
0 1 0.21 424
0 1 0.21 425
0 1 0.21 426
0 1 0.21 427
0 1 0.21 428
0 1 0.21 429
0 1 0.20 430
0 1 0.20 431
0 1 0.20 432
0 1 0.21 433
0 1 0.21 434
0 1 0.20 435
0 1 0.21 436
0 1 0.21 437
0 1 0.21 438
0 1 0.21 439
0 1 0.21 440
0 1 0.21 441
0 1 0.21 442
0 1 0.21 443
0 1 0.21 444
0 1 0.21 445
0 1 0.21 446
0 1 0.21 447
0 1 0.21 448
0 1 0.21 449
0 1 0.21 450
0 1 0.21 451
0 1 0.21 452
0 1 0.21 453
0 1 0.20 454
0 1 0.21 455
0 1 0.21 456
0 1 0.21 457
0 1 0.21 458
0 1 0.21 459
0 1 0.21 460
0 1 0.21 461
0 1 0.21 462
0 1 0.21 463
0 1 0.20 464
0 1 0.20 465
0 1 0.20 466
0 1 0.20 467
0 1 0.20 468
0 1 0.20 469
0 1 0.20 470
0 1 0.20 471
0 1 0.20 472
0 1 0.20 473
0 1 0.20 474
0 1 0.20 475
0 1 0.20 476
0 1 0.20 477
0 1 0.20 478
0 1 0.20 479
0 1 0.20 480
0 1 0.20 481
0 1 0.20 482
0 1 0.20 483
0 1 0.20 484
0 1 0.21 485
0 1 0.21 486
0 1 0.21 487
0 1 0.21 488
0 1 0.21 489
0 1 0.21 490
0 1 0.21 491
0 1 0.21 492
0 1 0.21 493
0 1 0.21 494
0 1 0.21 495
0 1 0.21 496
0 1 0.21 497
0 1 0.21 498
0 1 0.21 499
0 1 0.21 500
0 1 0.21 501
0 1 0.21 502
0 1 0.21 503
0 1 0.21 504
0 1 0.21 505
0 1 0.21 506
0 1 0.21 507
0 1 0.21 508
0 1 0.21 509
0 1 0.21 510
0 1 0.21 511
0 1 0.21 512
0 1 0.21 513
0 1 0.21 514
0 1 0.21 515
0 1 0.21 516
0 1 0.21 517
0 1 0.21 518
0 1 0.21 519
0 1 0.21 520
0 1 0.21 521
0 1 0.21 522
0 1 0.21 523
0 1 0.21 524
0 1 0.21 525
0 1 0.21 526
0 1 0.20 527
0 1 0.20 528
0 1 0.20 529
0 1 0.20 530
0 1 0.20 531
0 1 0.20 532
0 1 0.20 533
0 1 0.20 534
0 1 0.20 535
0 1 0.21 536
0 1 0.20 537
0 1 0.20 538
0 1 0.21 539
0 1 0.21 540
0 1 0.21 541
0 1 0.21 542
0 1 0.21 543
0 1 0.21 544
0 1 0.21 545
0 1 0.21 546
0 1 0.21 547
0 1 0.21 548
0 1 0.21 549
0 1 0.21 550
0 1 0.21 551
0 1 0.21 552
0 1 0.21 553
0 1 0.21 554
0 1 0.21 555
0 1 0.21 556
0 1 0.21 557
0 1 0.21 558
0 1 0.21 559
0 1 0.21 560
0 1 0.21 561
0 1 0.21 562
0 1 0.21 563
0 1 0.21 564
0 1 0.21 565
0 1 0.21 566
0 1 0.21 567
0 1 0.21 568
0 1 0.21 569
0 1 0.21 570
0 1 0.21 571
0 1 0.21 572
0 1 0.21 573
0 1 0.21 574
0 1 0.21 575
0 1 0.21 576
0 1 0.21 577
0 1 0.21 578
0 1 0.21 579
0 1 0.21 580
0 1 0.21 581
0 1 0.21 582
0 1 0.21 583
0 1 0.21 584
0 1 0.21 585
0 1 0.21 586
0 1 0.21 587
0 1 0.21 588
0 1 0.21 589
0 1 0.21 590
0 1 0.21 591
0 1 0.21 592
0 1 0.21 593
0 1 0.21 594
0 1 0.21 595
0 1 0.20 596
0 1 0.20 597
0 1 0.20 598
0 1 0.20 599
0 1 0.20 600
0 1 0.20 601
0 1 0.20 602
0 1 0.21 603
0 1 0.21 604
0 1 0.20 605
0 1 0.20 606
0 1 0.21 607
0 1 0.21 608
0 1 0.21 609
0 1 0.20 610
0 1 0.21 611
0 1 0.21 612
0 1 0.21 613
0 1 0.21 614
0 1 0.21 615
0 1 0.21 616
0 1 0.21 617
0 1 0.21 618
0 1 0.21 619
0 1 0.21 620
0 1 0.21 621
0 1 0.21 622
0 1 0.21 623
0 1 0.21 624
0 1 0.21 625
0 1 0.21 626
0 1 0.21 627
0 1 0.21 628
0 1 0.21 629
0 1 0.21 630
0 1 0.21 631
0 1 0.21 632
0 1 0.21 633
0 1 0.21 634
0 1 0.21 635
0 1 0.21 636
0 1 0.21 637
0 1 0.21 638
0 1 0.21 639
0 1 0.21 640
0 1 0.21 641
0 1 0.21 642
0 1 0.21 643
0 1 0.21 644
0 1 0.21 645
0 1 0.21 646
0 1 0.21 647
0 1 0.21 648
0 1 0.21 649
0 1 0.21 650
0 1 0.21 651
0 1 0.21 652
0 1 0.21 653
0 1 0.21 654
0 1 0.21 655
0 1 0.21 656
0 1 0.21 657
0 1 0.21 658
0 1 0.21 659
0 1 0.21 660
0 1 0.21 661
0 1 0.21 662
0 1 0.21 663
0 1 0.20 664
0 1 0.20 665
0 1 0.20 666
0 1 0.20 667
0 1 0.20 668
0 1 0.20 669
0 1 0.20 670
0 1 0.20 671
0 1 0.20 672
0 1 0.20 673
0 1 0.20 674
0 1 0.20 675
0 1 0.20 676
0 1 0.20 677
0 1 0.20 678
0 1 0.20 679
0 1 0.20 680
0 1 0.20 681
0 1 0.20 682
0 1 0.20 683
0 1 0.20 684
0 1 0.20 685
0 1 0.20 686
0 1 0.20 687
0 1 0.20 688
0 1 0.20 689
0 1 0.20 690
0 1 0.20 691
0 1 0.20 692
0 1 0.20 693
0 1 0.20 694
0 1 0.20 695
0 1 0.20 696
0 1 0.20 697
0 1 0.20 698
0 1 0.20 699
0 1 0.20 700
0 1 0.20 701
0 1 0.20 702
0 1 0.20 703
0 1 0.20 704
0 1 0.20 705
0 1 0.20 706
0 1 0.20 707
0 1 0.20 708
0 1 0.20 709
0 1 0.20 710
0 1 0.20 711
0 1 0.20 712
0 1 0.20 713
0 1 0.20 714
0 1 0.20 715
0 1 0.20 716
0 1 0.20 717
0 1 0.20 718
0 1 0.20 719
0 1 0.20 720
0 1 0.20 721
0 1 0.20 722
0 1 0.20 723
0 1 0.20 724
0 1 0.20 725
0 1 0.20 726
0 1 0.20 727
0 1 0.20 728
0 1 0.20 729
0 1 0.20 730
0 1 0.20 731
0 1 0.20 732
0 1 0.20 733
0 1 0.20 734
0 1 0.20 735
0 1 0.20 736
0 1 0.20 737
0 1 0.20 738
0 1 0.20 739
0 1 0.20 740
0 1 0.20 741
0 1 0.20 742
0 1 0.20 743
0 1 0.20 744
0 1 0.20 745
0 1 0.20 746
0 1 0.20 747
0 1 0.20 748
0 1 0.20 749
0 1 0.20 750
0 1 0.20 751
0 1 0.20 752
0 1 0.20 753
0 1 0.20 754
0 1 0.20 755
0 1 0.20 756
0 1 0.20 757
0 1 0.20 758
0 1 0.20 759
0 1 0.20 760
0 1 0.20 761
0 1 0.20 762
0 1 0.20 763
0 1 0.20 764
0 1 0.20 765
0 1 0.20 766
0 1 0.20 767
0 1 0.20 768
0 1 0.20 769
0 1 0.20 770
0 1 0.20 771
0 1 0.20 772
0 1 0.20 773
0 1 0.20 774
0 1 0.21 775
0 1 0.20 776
0 1 0.20 777
0 1 0.20 778
0 1 0.21 779
0 1 0.21 780
0 1 0.20 781
0 1 0.21 782
0 1 0.21 783
0 1 0.21 784
0 1 0.21 785
0 1 0.21 786
0 1 0.21 787
0 1 0.21 788
0 1 0.21 789
0 1 0.21 790
0 1 0.21 791
0 1 0.21 792
0 1 0.21 793
0 1 0.21 794
0 1 0.21 795
0 1 0.21 796
0 1 0.21 797
0 1 0.21 798
0 1 0.21 799
0 1 0.21 800
0 1 0.21 801
0 1 0.21 802
0 1 0.21 803
0 1 0.21 804
0 1 0.21 805
0 1 0.21 806
0 1 0.21 807
0 1 0.21 808
0 1 0.21 809
0 1 0.21 810
0 1 0.21 811
0 1 0.21 812
0 1 0.21 813
0 1 0.21 814
0 1 0.21 815
0 1 0.21 816
0 1 0.21 817
0 1 0.21 818
0 1 0.21 819
0 1 0.21 820
0 1 0.21 821
0 1 0.21 822
0 1 0.21 823
0 1 0.21 824
0 1 0.21 825
0 1 0.21 826
0 1 0.21 827
0 1 0.21 828
0 1 0.21 829
0 1 0.21 830
0 1 0.21 831
0 1 0.21 832
0 1 0.21 833
0 1 0.21 834
0 1 0.20 835
0 1 0.20 836
0 1 0.20 837
0 1 0.20 838
0 1 0.21 839
0 1 0.20 840
0 1 0.20 841
0 1 0.21 842
0 1 0.21 843
0 1 0.20 844
0 1 0.21 845
0 1 0.21 846
0 1 0.21 847
0 1 0.21 848
0 1 0.20 849
0 1 0.20 850
0 1 0.20 851
0 1 0.20 852
0 1 0.20 853
0 1 0.20 854
0 1 0.20 855
0 1 0.20 856
0 1 0.20 857
0 1 0.20 858
0 1 0.20 859
0 1 0.20 860
0 1 0.20 861
0 1 0.21 862
0 1 0.21 863
0 1 0.20 864
0 1 0.20 865
0 1 0.20 866
0 1 0.20 867
0 1 0.20 868
0 1 0.20 869
0 1 0.20 870
0 1 0.20 871
0 1 0.20 872
0 1 0.20 873
0 1 0.20 874
0 1 0.20 875
0 1 0.20 876
0 1 0.20 877
0 1 0.21 878
0 1 0.20 879
0 1 0.20 880
0 1 0.20 881
0 1 0.20 882
0 1 0.20 883
0 1 0.20 884
0 1 0.20 885
0 1 0.20 886
0 1 0.20 887
0 1 0.20 888
0 1 0.20 889
0 1 0.20 890
0 1 0.20 891
0 1 0.21 892
0 1 0.20 893
0 1 0.20 894
0 1 0.20 895
0 1 0.21 896
0 1 0.21 897
0 1 0.20 898
0 1 0.20 899
0 1 0.20 900
0 1 0.20 901
0 1 0.20 902
0 1 0.20 903
0 1 0.20 904
0 1 0.20 905
0 1 0.21 906
0 1 0.21 907
0 1 0.20 908
0 1 0.20 909
0 1 0.20 910
0 1 0.20 911
0 1 0.20 912
0 1 0.20 913
0 1 0.20 914
0 1 0.20 915
0 1 0.20 916
0 1 0.21 917
0 1 0.20 918
0 1 0.20 919
0 1 0.20 920
0 1 0.21 921
0 1 0.20 922
0 1 0.20 923
0 1 0.20 924
0 1 0.20 925
0 1 0.20 926
0 1 0.20 927
0 1 0.20 928
0 1 0.20 929
0 1 0.20 930
0 1 0.21 931
0 1 0.20 932
0 1 0.20 933
0 1 0.20 934
0 1 0.20 935
0 1 0.20 936
0 1 0.20 937
0 1 0.20 938
0 1 0.20 939
0 1 0.20 940
0 1 0.20 941
0 1 0.20 942
0 1 0.20 943
0 1 0.20 944
0 1 0.20 945
0 1 0.20 946
0 1 0.20 947
0 1 0.20 948
0 1 0.20 949
0 1 0.20 950
0 1 0.20 951
0 1 0.20 952
0 1 0.20 953
0 1 0.2