4 4 4.00 1
3 4 3.50 2
2 4 3.00 3
2 4 3.00 4
2 4 2.80 5
1 4 2.50 6
1 4 2.71 7
1 4 2.62 8
1 4 2.56 9
1 4 2.60 10
1 4 2.73 11
1 4 2.83 12
1 4 2.85 13
1 4 2.86 14
1 4 2.80 15
1 4 2.81 16
1 4 2.82 17
1 4 2.83 18
1 4 2.79 19
1 4 2.85 20
1 4 2.81 21
1 4 2.77 22
1 4 2.74 23
1 4 2.79 24
1 4 2.80 25
1 4 2.85 26
1 4 2.81 27
1 4 2.79 28
1 4 2.79 29
1 4 2.80 30
1 4 2.81 31
1 4 2.78 32
1 4 2.79 33
1 4 2.79 34
1 4 2.77 35
1 4 2.78 36
1 4 2.78 37
1 4 2.79 38
1 4 2.79 39
1 4 2.80 40
1 4 2.78 41
1 4 2.79 42
1 4 2.81 43
1 4 2.82 44
1 4 2.80 45
1 4 2.80 46
1 4 2.81 47
1 4 2.81 48
1 4 2.82 49
1 4 2.80 50
1 4 2.80 51
1 4 2.79 52
1 4 2.79 53
1 4 2.81 54
1 4 2.84 55
1 4 2.84 56
1 4 2.86 57
1 4 2.84 58
1 4 2.85 59
1 4 2.85 60
1 4 2.85 61
1 6 2.90 62
1 6 2.90 63
1 6 2.89 64
1 6 2.89 65
1 6 2.88 66
1 6 2.88 67
1 6 2.88 68
1 6 2.88 69
1 6 2.89 70
1 6 2.89 71
1 6 2.89 72
1 6 2.89 73
1 6 2.89 74
1 6 2.88 75
1 6 2.88 76
1 6 2.88 77
1 6 2.88 78
1 6 2.89 79
1 6 2.88 80
1 6 2.86 81
1 6 2.87 82
1 6 2.87 83
1 6 2.87 84
1 6 2.87 85
1 6 2.87 86
1 6 2.87 87
1 6 2.86 88
1 6 2.87 89
1 6 2.86 90
1 6 2.86 91
1 6 2.85 92
1 6 2.84 93
1 6 2.84 94
1 6 2.84 95
1 6 2.83 96
1 6 2.86 97
1 6 2.86 98
1 6 2.85 99
1 6 2.87 100
1 6 2.86 101
1 6 2.87 102
1 6 2.87 103
1 6 2.87 104
1 6 2.87 105
1 6 2.87 106
1 6 2.87 107
1 6 2.90 108
1 6 2.90 109
1 6 2.93 110
1 6 2.92 111
1 6 2.92 112
1 6 2.92 113
1 6 2.91 114
1 6 2.91 115
1 6 2.91 116
1 6 2.91 117
1 6 2.91 118
1 6 2.91 119
1 6 2.90 120
1 6 2.89 121
1 6 2.89 122
1 6 2.89 123
1 6 2.89 124
1 6 2.89 125
1 6 2.89 126
1 6 2.87 127
1 6 2.88 128
1 6 2.87 129
1 6 2.86 130
1 6 2.86 131
1 6 2.86 132
1 6 2.86 133
1 6 2.87 134
1 6 2.87 135
1 20 2.99 136
1 20 2.99 137
1 20 2.99 138
1 20 2.99 139
1 20 2.98 140
1 20 2.98 141
1 20 2.98 142
1 20 2.97 143
1 20 2.97 144
1 20 2.96 145
1 20 2.96 146
1 20 2.95 147
1 20 2.95 148
1 20 2.95 149
0 20 2.93 150
0 20 2.93 151
0 20 2.93 152
0 20 2.93 153
0 20 2.92 154
0 20 2.93 155
0 20 2.92 156
0 20 2.92 157
0 20 2.92 158
0 20 2.91 159
0 20 2.91 160
0 20 2.91 161
0 20 2.91 162
0 20 2.91 163
0 20 2.90 164
0 20 2.90 165
0 20 2.90 166
0 20 2.90 167
0 20 2.89 168
0 20 2.89 169
0 20 2.89 170
0 20 2.89 171
0 20 2.88 172
0 20 2.88 173
0 20 2.87 174
0 20 2.89 175
0 20 2.88 176
0 20 2.88 177
0 20 2.88 178
0 20 2.88 179
0 20 2.88 180
0 20 2.88 181
0 20 2.88 182
0 20 2.87 183
0 20 2.88 184
0 20 2.88 185
0 20 2.88 186
0 20 2.87 187
0 20 2.87 188
0 20 2.87 189
0 20 2.87 190
0 20 2.87 191
0 20 2.86 192
0 20 2.87 193
0 20 2.86 194
0 20 2.86 195
0 20 2.86 196
0 20 2.85 197
0 20 2.85 198
0 20 2.85 199
0 20 2.85 200
0 20 2.85 201
0 20 2.85 202
0 20 2.85 203
0 20 2.85 204
0 20 2.85 205
0 20 2.85 206
0 20 2.85 207
0 20 2.85 208
0 20 2.85 209
0 20 2.84 210
0 20 2.84 211
0 20 2.84 212
0 20 2.85 213
0 20 2.85 214
0 20 2.85 215
0 20 2.85 216
0 20 2.85 217
0 20 2.85 218
0 20 2.85 219
0 20 2.85 220
0 20 2.85 221
0 20 2.85 222
0 20 2.85 223
0 20 2.85 224
0 20 2.85 225
0 20 2.85 226
0 20 2.84 227
0 20 2.84 228
0 20 2.84 229
0 20 2.83 230
0 20 2.84 231
0 20 2.84 232
0 20 2.84 233
0 20 2.83 234
0 20 2.83 235
0 20 2.83 236
0 20 2.84 237
0 20 2.84 238
0 20 2.84 239
0 20 2.84 240
0 20 2.83 241
0 20 2.83 242
0 20 2.84 243
0 20 2.83 244
0 20 2.83 245
0 20 2.83 246
0 20 2.83 247
0 20 2.82 248
0 20 2.82 249
0 20 2.83 250
0 20 2.82 251
0 20 2.83 252
0 20 2.83 253
0 20 2.82 254
0 20 2.82 255
0 20 2.82 256
0 20 2.83 257
0 20 2.83 258
0 20 2.83 259
0 20 2.82 260
0 20 2.82 261
0 20 2.82 262
0 20 2.82 263
0 20 2.82 264
0 20 2.82 265
0 20 2.82 266
0 20 2.81 267
0 20 2.81 268
0 20 2.81 269
0 20 2.81 270
0 20 2.81 271
0 20 2.81 272
0 20 2.81 273
0 20 2.81 274
0 20 2.81 275
0 20 2.81 276
0 20 2.81 277
0 20 2.81 278
0 20 2.81 279
0 20 2.80 280
0 20 2.80 281
0 20 2.79 282
0 20 2.79 283
0 20 2.78 284
0 20 2.78 285
0 20 2.78 286
0 20 2.78 287
0 20 2.77 288
0 20 2.77 289
0 20 2.78 290
0 20 2.79 291
0 20 2.79 292
0 20 2.79 293
0 20 2.79 294
0 20 2.79 295
0 20 2.79 296
0 20 2.79 297
0 20 2.79 298
0 20 2.79 299
0 20 2.79 300
0 20 2.79 301
0 20 2.78 302
0 20 2.79 303
0 20 2.78 304
0 20 2.78 305
0 20 2.78 306
0 20 2.78 307
0 20 2.78 308
0 20 2.78 309
0 20 2.78 310
0 20 2.78 311
0 20 2.78 312
0 20 2.78 313
0 20 2.78 314
0 20 2.77 315
0 20 2.78 316
0 20 2.78 317
0 20 2.77 318
0 20 2.77 319
0 20 2.77 320
0 20 2.76 321
0 20 2.76 322
0 20 2.76 323
0 20 2.76 324
0 20 2.76 325
0 20 2.75 326
0 20 2.76 327
0 20 2.75 328
0 20 2.75 329
0 20 2.75 330
0 20 2.75 331
0 20 2.75 332
0 20 2.75 333
0 20 2.75 334
0 20 2.75 335
0 20 2.75 336
0 20 2.75 337
0 20 2.75 338
0 20 2.75 339
0 20 2.75 340
0 20 2.75 341
0 20 2.75 342
0 20 2.75 343
0 20 2.75 344
0 20 2.75 345
0 20 2.75 346
0 20 2.75 347
0 20 2.75 348
0 20 2.75 349
0 20 2.75 350
0 20 2.75 351
0 20 2.75 352
0 20 2.75 353
0 20 2.75 354
0 20 2.75 355
0 20 2.75 356
0 20 2.75 357
0 20 2.75 358
0 20 2.75 359
0 20 2.75 360
0 20 2.75 361
0 20 2.75 362
0 20 2.75 363
0 20 2.76 364
0 20 2.75 365
0 20 2.75 366
0 20 2.75 367
0 20 2.76 368
0 20 2.76 369
0 20 2.76 370
0 20 2.76 371
0 20 2.76 372
0 20 2.76 373
0 20 2.76 374
0 20 2.75 375
0 20 2.76 376
0 20 2.75 377
0 20 2.75 378
0 20 2.75 379
0 20 2.75 380
0 20 2.75 381
0 20 2.75 382
0 20 2.74 383
0 20 2.74 384
0 20 2.75 385
0 20 2.74 386
0 20 2.74 387
0 20 2.74 388
0 20 2.74 389
0 20 2.74 390
0 20 2.73 391
0 20 2.73 392
0 20 2.73 393
0 20 2.73 394
0 20 2.73 395
0 20 2.73 396
0 20 2.73 397
0 20 2.73 398
0 20 2.73 399
0 20 2.73 400
0 20 2.73 401
0 20 2.73 402
0 20 2.73 403
0 20 2.73 404
0 20 2.73 405
0 20 2.72 406
0 20 2.72 407
0 20 2.72 408
0 20 2.72 409
0 20 2.72 410
0 20 2.72 411
0 20 2.72 412
0 20 2.72 413
0 20 2.72 414
0 20 2.72 415
0 20 2.72 416
0 20 2.72 417
0 20 2.72 418
0 20 2.71 419
0 20 2.71 420
0 20 2.71 421
0 20 2.71 422
0 20 2.71 423
0 20 2.71 424
0 20 2.71 425
0 20 2.70 426
0 20 2.70 427
0 20 2.71 428
0 20 2.71 429
0 20 2.70 430
0 20 2.70 431
0 20 2.70 432
0 20 2.70 433
0 20 2.70 434
0 20 2.70 435
0 20 2.69 436
0 20 2.70 437
0 20 2.70 438
0 20 2.70 439
0 20 2.69 440
0 20 2.69 441
0 20 2.69 442
0 20 2.69 443
0 20 2.69 444
0 20 2.69 445
0 20 2.68 446
0 20 2.68 447
0 20 2.68 448
0 20 2.68 449
0 20 2.68 450
0 20 2.68 451
0 20 2.68 452
0 20 2.68 453
0 20 2.68 454
0 20 2.68 455
0 20 2.68 456
0 20 2.68 457
0 20 2.68 458
0 20 2.68 459
0 20 2.68 460
0 20 2.68 461
0 20 2.68 462
0 20 2.68 463
0 20 2.68 464
0 20 2.68 465
0 20 2.68 466
0 20 2.68 467
0 20 2.68 468
0 20 2.68 469
0 20 2.68 470
0 20 2.68 471
0 20 2.68 472
0 20 2.68 473
0 20 2.68 474
0 20 2.68 475
0 20 2.68 476
0 20 2.68 477
0 20 2.68 478
0 20 2.68 479
0 20 2.68 480
0 20 2.68 481
0 20 2.68 482
0 20 2.68 483
0 20 2.68 484
0 20 2.68 485
0 20 2.68 486
0 20 2.68 487
0 20 2.68 488
0 20 2.69 489
0 20 2.68 490
0 20 2.68 491
0 20 2.68 492
0 20 2.68 493
0 20 2.68 494
0 20 2.68 495
0 20 2.68 496
0 20 2.68 497
0 20 2.68 498
0 20 2.68 499
0 20 2.68 500
0 20 2.68 501
0 20 2.68 502
0 20 2.67 503
0 20 2.67 504
0 20 2.67 505
0 20 2.67 506
0 20 2.67 507
0 20 2.67 508
0 20 2.67 509
0 20 2.67 510
0 20 2.67 511
0 20 2.67 512
0 20 2.67 513
0 20 2.67 514
0 20 2.67 515
0 20 2.67 516
0 20 2.67 517
0 20 2.67 518
0 20 2.67 519
0 20 2.67 520
0 20 2.67 521
0 20 2.67 522
0 20 2.67 523
0 20 2.67 524
0 20 2.67 525
0 20 2.68 526
0 20 2.68 527
0 20 2.68 528
0 20 2.68 529
0 20 2.68 530
0 20 2.68 531
0 20 2.68 532
0 20 2.68 533
0 20 2.68 534
0 20 2.67 535
0 20 2.68 536
0 20 2.67 537
0 20 2.67 538
0 20 2.67 539
0 20 2.67 540
0 20 2.67 541
0 20 2.67 542
0 20 2.67 543
0 20 2.67 544
0 20 2.67 545
0 20 2.67 546
0 20 2.67 547
0 20 2.67 548
0 20 2.67 549
0 20 2.67 550
0 20 2.67 551
0 20 2.67 552
0 20 2.67 553
0 20 2.67 554
0 20 2.67 555
0 20 2.67 556
0 20 2.67 557
0 20 2.66 558
0 20 2.67 559
0 20 2.66 560
0 20 2.66 561
0 20 2.66 562
0 20 2.66 563
0 20 2.66 564
0 20 2.66 565
0 20 2.66 566
0 20 2.66 567
0 20 2.66 568
0 20 2.66 569
0 20 2.66 570
0 20 2.66 571
0 20 2.66 572
0 20 2.66 573
0 20 2.66 574
0 20 2.66 575
0 20 2.66 576
0 20 2.66 577
0 20 2.66 578
0 20 2.66 579
0 20 2.66 580
0 20 2.66 581
0 20 2.66 582
0 20 2.66 583
0 20 2.66 584
0 20 2.66 585
0 20 2.66 586
0 20 2.66 587
0 20 2.66 588
0 20 2.66 589
0 20 2.66 590
0 20 2.66 591
0 20 2.66 592
0 20 2.66 593
0 20 2.66 594
0 20 2.66 595
0 20 2.66 596
0 20 2.66 597
0 20 2.66 598
0 20 2.66 599
0 20 2.66 600
0 20 2.66 601
0 20 2.66 602
0 20 2.