0 0 0.00 1
0 0 0.00 2
0 1 0.33 3
0 1 0.50 4
0 1 0.40 5
0 1 0.33 6
0 1 0.29 7
0 1 0.38 8
0 1 0.33 9
0 1 0.30 10
0 1 0.36 11
0 1 0.33 12
0 1 0.31 13
0 1 0.29 14
0 1 0.27 15
0 1 0.31 16
0 1 0.29 17
0 1 0.28 18
0 1 0.26 19
0 1 0.25 20
0 1 0.29 21
0 1 0.27 22
0 1 0.26 23
0 1 0.29 24
0 1 0.28 25
0 1 0.31 26
0 1 0.30 27
0 1 0.32 28
0 1 0.31 29
0 1 0.30 30
0 1 0.32 31
0 1 0.34 32
0 1 0.33 33
0 1 0.32 34
0 1 0.34 35
0 1 0.33 36
0 1 0.35 37
0 1 0.34 38
0 1 0.36 39
0 1 0.35 40
0 1 0.37 41
0 1 0.36 42
0 1 0.37 43
0 1 0.39 44
0 1 0.38 45
0 1 0.39 46
0 1 0.38 47
0 1 0.40 48
0 1 0.39 49
0 1 0.38 50
0 1 0.39 51
0 1 0.38 52
0 1 0.40 53
0 1 0.39 54
0 1 0.38 55
0 1 0.39 56
0 1 0.39 57
0 1 0.38 58
0 1 0.39 59
0 1 0.38 60
0 1 0.38 61
0 1 0.37 62
0 1 0.37 63
0 1 0.36 64
0 1 0.37 65
0 1 0.36 66
0 1 0.36 67
0 1 0.35 68
0 1 0.36 69
0 1 0.36 70
0 1 0.37 71
0 1 0.36 72
0 2 0.38 73
0 2 0.38 74
0 2 0.39 75
0 2 0.39 76
0 2 0.39 77
0 2 0.38 78
0 2 0.38 79
0 2 0.38 80
0 2 0.38 81
0 2 0.39 82
0 2 0.40 83
0 2 0.39 84
0 2 0.39 85
0 2 0.38 86
0 2 0.38 87
0 2 0.38 88
0 2 0.38 89
0 2 0.38 90
0 2 0.37 91
0 2 0.38 92
0 2 0.38 93
0 2 0.38 94
0 2 0.38 95
0 2 0.38 96
0 2 0.38 97
0 2 0.38 98
0 2 0.37 99
0 2 0.37 100
0 2 0.37 101
0 2 0.36 102
0 2 0.36 103
0 2 0.36 104
0 2 0.36 105
0 2 0.36 106
0 2 0.36 107
0 2 0.36 108
0 2 0.37 109
0 2 0.36 110
0 2 0.37 111
0 2 0.37 112
0 2 0.37 113
0 2 0.37 114
0 2 0.37 115
0 2 0.36 116
0 2 0.37 117
0 2 0.36 118
0 2 0.36 119
0 2 0.37 120
0 2 0.36 121
0 2 0.37 122
0 2 0.37 123
0 2 0.37 124
0 2 0.38 125
0 2 0.37 126
0 2 0.37 127
0 2 0.37 128
0 2 0.37 129
0 2 0.37 130
0 2 0.37 131
0 2 0.36 132
0 2 0.36 133
0 2 0.36 134
0 2 0.36 135
0 2 0.35 136
0 2 0.35 137
0 2 0.36 138
0 2 0.35 139
0 2 0.35 140
0 2 0.35 141
0 2 0.35 142
0 2 0.35 143
0 2 0.35 144
0 2 0.35 145
0 2 0.35 146
0 2 0.35 147
0 2 0.35 148
0 2 0.35 149
0 2 0.35 150
0 2 0.35 151
0 2 0.36 152
0 2 0.35 153
0 2 0.35 154
0 2 0.35 155
0 2 0.35 156
0 2 0.36 157
0 2 0.35 158
0 2 0.35 159
0 2 0.36 160
0 2 0.35 161
0 2 0.35 162
0 2 0.36 163
0 2 0.35 164
0 2 0.35 165
0 2 0.35 166
0 2 0.35 167
0 2 0.35 168
0 2 0.35 169
0 2 0.35 170
0 2 0.35 171
0 2 0.34 172
0 2 0.34 173
0 2 0.34 174
0 2 0.34 175
0 2 0.34 176
0 2 0.34 177
0 2 0.34 178
0 2 0.34 179
0 2 0.34 180
0 2 0.34 181
0 2 0.34 182
0 2 0.34 183
0 2 0.34 184
0 2 0.34 185
0 2 0.34 186
0 2 0.34 187
0 2 0.35 188
0 2 0.34 189
0 2 0.35 190
0 2 0.35 191
0 2 0.34 192
0 2 0.34 193
0 2 0.35 194
0 2 0.34 195
0 2 0.34 196
0 2 0.35 197
0 2 0.34 198
0 2 0.34 199
0 2 0.34 200
0 2 0.34 201
0 2 0.34 202
0 2 0.33 203
0 2 0.33 204
0 2 0.33 205
0 2 0.33 206
0 2 0.33 207
0 2 0.33 208
0 2 0.33 209
0 2 0.32 210
0 2 0.32 211
0 2 0.32 212
0 2 0.32 213
0 2 0.32 214
0 2 0.33 215
0 2 0.33 216
0 2 0.33 217
0 2 0.33 218
0 2 0.33 219
0 2 0.33 220
0 2 0.33 221
0 2 0.33 222
0 2 0.33 223
0 2 0.33 224
0 2 0.33 225
0 2 0.33 226
0 2 0.33 227
0 2 0.33 228
0 2 0.33 229
0 2 0.33 230
0 2 0.33 231
0 2 0.33 232
0 2 0.33 233
0 2 0.33 234
0 2 0.33 235
0 2 0.33 236
0 2 0.33 237
0 2 0.33 238
0 2 0.33 239
0 2 0.33 240
0 2 0.33 241
0 2 0.33 242
0 2 0.33 243
0 2 0.32 244
0 2 0.33 245
0 2 0.33 246
0 2 0.32 247
0 2 0.32 248
0 2 0.33 249
0 2 0.32 250
0 2 0.32 251
0 2 0.32 252
0 2 0.32 253
0 2 0.32 254
0 2 0.32 255
0 2 0.32 256
0 2 0.32 257
0 2 0.32 258
0 2 0.32 259
0 2 0.32 260
0 2 0.32 261
0 2 0.32 262
0 2 0.33 263
0 2 0.33 264
0 2 0.32 265
0 2 0.33 266
0 2 0.33 267
0 2 0.32 268
0 2 0.32 269
0 2 0.32 270
0 2 0.32 271
0 2 0.32 272
0 2 0.32 273
0 2 0.32 274
0 2 0.32 275
0 2 0.32 276
0 2 0.32 277
0 2 0.32 278
0 2 0.32 279
0 2 0.32 280
0 2 0.32 281
0 2 0.32 282
0 2 0.32 283
0 2 0.32 284
0 2 0.32 285
0 2 0.32 286
0 2 0.32 287
0 2 0.32 288
0 2 0.32 289
0 2 0.32 290
0 2 0.32 291
0 2 0.32 292
0 2 0.32 293
0 2 0.32 294
0 2 0.33 295
0 2 0.32 296
0 2 0.33 297
0 2 0.33 298
0 2 0.32 299
0 2 0.32 300
0 2 0.33 301
0 2 0.32 302
0 2 0.32 303
0 2 0.32 304
0 2 0.32 305
0 2 0.32 306
0 2 0.32 307
0 2 0.32 308
0 2 0.32 309
0 2 0.33 310
0 2 0.32 311
0 2 0.32 312
0 2 0.32 313
0 2 0.32 314
0 2 0.32 315
0 2 0.32 316
0 2 0.32 317
0 2 0.32 318
0 2 0.32 319
0 2 0.32 320
0 2 0.32 321
0 2 0.32 322
0 2 0.32 323
0 2 0.32 324
0 2 0.32 325
0 2 0.33 326
0 2 0.33 327
0 2 0.33 328
0 2 0.33 329
0 2 0.33 330
0 2 0.33 331
0 2 0.33 332
0 2 0.32 333
0 2 0.32 334
0 2 0.32 335
0 2 0.32 336
0 2 0.33 337
0 2 0.33 338
0 2 0.33 339
0 2 0.33 340
0 2 0.33 341
0 2 0.33 342
0 2 0.33 343
0 2 0.33 344
0 2 0.32 345
0 2 0.32 346
0 2 0.32 347
0 2 0.32 348
0 2 0.32 349
0 2 0.32 350
0 2 0.32 351
0 2 0.32 352
0 2 0.32 353
0 2 0.32 354
0 2 0.32 355
0 2 0.32 356
0 2 0.32 357
0 2 0.32 358
0 2 0.32 359
0 2 0.32 360
0 2 0.32 361
0 2 0.32 362
0 2 0.32 363
0 2 0.32 364
0 2 0.32 365
0 2 0.32 366
0 2 0.32 367
0 2 0.32 368
0 2 0.32 369
0 2 0.32 370
0 2 0.32 371
0 2 0.32 372
0 2 0.32 373
0 2 0.32 374
0 2 0.32 375
0 2 0.32 376
0 2 0.32 377
0 2 0.32 378
0 2 0.32 379
0 2 0.32 380
0 2 0.32 381
0 2 0.32 382
0 2 0.32 383
0 2 0.32 384
0 2 0.32 385
0 2 0.32 386
0 2 0.32 387
0 2 0.32 388
0 2 0.32 389
0 2 0.32 390
0 2 0.32 391
0 2 0.32 392
0 2 0.32 393
0 2 0.32 394
0 2 0.32 395
0 2 0.32 396
0 2 0.32 397
0 2 0.32 398
0 2 0.32 399
0 2 0.32 400
0 2 0.32 401
0 2 0.32 402
0 2 0.32 403
0 2 0.32 404
0 2 0.32 405
0 2 0.32 406
0 2 0.32 407
0 2 0.32 408
0 2 0.32 409
0 2 0.32 410
0 2 0.32 411
0 2 0.32 412
0 2 0.32 413
0 2 0.32 414
0 2 0.32 415
0 2 0.32 416
0 2 0.32 417
0 2 0.32 418
0 2 0.32 419
0 2 0.32 420
0 2 0.32 421
0 2 0.32 422
0 2 0.32 423
0 2 0.32 424
0 2 0.32 425
0 2 0.32 426
0 2 0.32 427
0 2 0.32 428
0 2 0.32 429
0 2 0.32 430
0 2 0.32 431
0 2 0.32 432
0 2 0.32 433
0 2 0.32 434
0 2 0.32 435
0 2 0.32 436
0 2 0.32 437
0 2 0.32 438
0 2 0.32 439
0 2 0.32 440
0 2 0.32 441
0 2 0.32 442
0 2 0.32 443
0 2 0.32 444
0 2 0.32 445
0 2 0.32 446
0 2 0.32 447
0 2 0.32 448
0 2 0.32 449
0 2 0.32 450
0 2 0.32 451
0 2 0.32 452
0 2 0.32 453
0 2 0.32 454
0 2 0.32 455
0 2 0.32 456
0 2 0.32 457
0 2 0.32 458
0 2 0.32 459
0 2 0.32 460
0 2 0.32 461
0 2 0.32 462
0 2 0.32 463
0 2 0.32 464
0 2 0.32 465
0 2 0.32 466
0 2 0.32 467
0 2 0.32 468
0 2 0.32 469
0 2 0.31 470
0 2 0.32 471
0 2 0.32 472
0 2 0.32 473
0 2 0.32 474
0 2 0.32 475
0 2 0.32 476
0 2 0.32 477
0 2 0.32 478
0 2 0.32 479
0 2 0.32 480
0 2 0.32 481
0 2 0.32 482
0 2 0.32 483
0 2 0.32 484
0 2 0.32 485
0 2 0.32 486
0 2 0.32 487
0 2 0.32 488
0 2 0.32 489
0 2 0.32 490
0 2 0.32 491
0 2 0.32 492
0 2 0.32 493
0 2 0.32 494
0 2 0.32 495
0 2 0.32 496
0 2 0.32 497
0 2 0.32 498
0 2 0.32 499
0 2 0.32 500
0 2 0.32 501
0 2 0.32 502
0 2 0.32 503
0 2 0.32 504
0 2 0.32 505
0 2 0.32 506
0 2 0.32 507
0 2 0.32 508
0 2 0.32 509
0 2 0.32 510
0 2 0.32 511
0 2 0.32 512
0 2 0.33 513
0 2 0.32 514
0 2 0.32 515
0 2 0.32 516
0 2 0.32 517
0 2 0.32 518
0 2 0.33 519
0 2 0.33 520
0 2 0.32 521
0 2 0.32 522
0 2 0.32 523
0 2 0.32 524
0 2 0.32 525
0 2 0.32 526
0 2 0.32 527
0 2 0.32 528
0 2 0.32 529
0 2 0.32 530
0 2 0.32 531
0 2 0.32 532
0 2 0.32 533
0 2 0.32 534
0 2 0.32 535
0 2 0.32 536
0 2 0.32 537
0 2 0.32 538
0 2 0.32 539
0 2 0.32 540
0 2 0.32 541
0 2 0.32 542
0 2 0.32 543
0 2 0.32 544
0 2 0.32 545
0 2 0.32 546
0 2 0.32 547
0 2 0.32 548
0 2 0.32 549
0 2 0.32 550
0 2 0.32 551
0 2 0.32 552
0 2 0.32 553
0 2 0.32 554
0 2 0.32 555
0 2 0.32 556
0 2 0.32 557
0 2 0.32 558
0 2 0.32 559
0 2 0.32 560
0 2 0.32 561
0 2 0.32 562
0 2 0.32 563
0 2 0.32 564
0 2 0.32 565
0 2 0.32 566
0 2 0.32 567
0 2 0.32 568
0 2 0.32 569
0 2 0.32 570
0 2 0.32 571
0 2 0.31 572
0 2 0.32 573
0 2 0.32 574
0 2 0.31 575
0 2 0.32 576
0 2 0.32 577
0 2 0.31 578
0 2 0.31 579
0 2 0.31 580
0 2 0.31 581
0 2 0.31 582
0 2 0.32 583
0 2 0.32 584
0 2 0.31 585
0 2 0.32 586
0 2 0.32 587
0 2 0.32 588
0 2 0.32 589
0 2 0.32 590
0 2 0.32 591
0 2 0.32 592
0 2 0.32 593
0 2 0.32 594
0 2 0.32 595
0 2 0.32 596
0 2 0.32 597
0 2 0.32 598
0 2 0.32 599
0 2 0.32 600
0 2 0.32 601
0 2 0.32 602
0 2 0.32 603
0 2 0.32 604
0 2 0.32 605
0 2 0.32 606
0 2 0.32 607
0 2 0.32 608
0 2 0.32 609
0 2 0.32 610
0 2 0.32 611
0 2 0.32 612
0 2 0.32 613
0 2 0.32 614
0 2 0.32 615
0 2 0.32 616
0 2 0.32 617
0 2 0.32 618
0 2 0.32 619
0 2 0.31 620
0 2 0.31 621
0 2 0.31 622
0 2 0.31 623
0 2 0.31 624
0 2 0.31 625
0 2 0.31 626
0 2 0.31 627
0 2 0.31 628
0 2 0.31 629
0 2 0.31 630
0 2 0.31 631
0 2 0.31 632
0 2 0.31 633
0 2 0.31 634
0 2 0.31 635
0 2 0.31 636
0 2 0.31 637
0 2 0.31 638
0 2 0.31 639
0 2 0.31 640
0 2 0.31 641
0 2 0.31 642
0 2 0.31 643
0 2 0.31 644
0 2 0.31 645
0 2 0.31 646
0 2 0.31 647
0 2 0.31 648
0 2 0.31 649
0 2 0.31 650
0 2 0.31 651
0 2 0.31 652
0 2 0.31 653
0 2 0.31 654
0 2 0.31 655
0 2 0.31 656
0 2 0.31 657
0 2 0.31 658
0 2 0.31 659
0 2 0.31 660
0 2 0.31 661
0 2 0.31 662
0 2 0.31 663
0 2 0.31 664
0 2 0.31 665
0 2 0.31 666
0 2 0.31 667
0 2 0.31 668
0 2 0.31 669
0 2 0.31 670
0 2 0.31 671
0 2 0.31 672
0 2 0.31 673
0 2 0.31 674
0 2 0.31 675
0 2 0.31 676
0 2 0.31 677
0 2 0.31 678
0 2 0.31 679
0 2 0.31 680
0 2 0.31 681
0 2 0.31 682
0 2 0.31 683
0 2 0.31 684
0 2 0.31 685
0 2 0.31 686
0 2 0.31 687
0 2 0.31 688
0 2 0.31 689
0 2 0.31 690
0 2 0.31 691
0 2 0.31 692
0 2 0.31 693
0 2 0.31 694
0 2 0.31 695
0 2 0.31 696
0 2 0.31 697
0 2 0.31 698
0 2 0.31 699
0 2 0.31 700
0 2 0.31 701
0 2 0.31 702
0 2 0.31 703
0 2 0.32 704
0 2 0.31 705
0 2 0.31 706
0 2 0.32 707
0 2 0.32 708
0 2 0.32 709
0 2 0.32 710
0 2 0.32 711
0 2 0.32 712
0 2 0.32 713
0 2 0.32 714
0 2 0.32 715
0 2 0.32 716
0 2 0.32 717
0 2 0.32 718
0 2 0.32 719
0 2 0.32 720
0 2 0.32 721
0 2 0.32 722
0 2 0.32 723
0 2 0.32 724
0 2 0.32 725
0 2 0.32 726
0 2 0.31 727
0 2 0.32 728
0 2 0.32 729
0 2 0.32 730
0 2 0.32 731
0 2 0.32 732
0 2 0.32 733
0 2 0.32 734
0 2 0.32 735
0 2 0.32 736
0 2 0.32 737
0 2 0.32 738
0 2 0.32 739
0 2 0.32 740
0 2 0.32 741
0 2 0.32 742
0 2 0.32 743
0 2 0.32 744
0 2 0.32 745
0 2 0.32 746
0 2 0.32 747
0 2 0.32 748
0 2 0.32 749
0 2 0.31 750
0 2 0.31 751
0 2 0.32 752
0 2 0.31 753
0 2 0.31 754
0 2 0.31 755
0 2 0.31 756
0 2 0.31 757
0 2 0.31 758
0 2 0.31 759
0 2 0.31 760
0 2 0.31 761
0 2 0.31 762
0 2 0.31 763
0 2 0.31 764
0 2 0.31 765
0 2 0.31 766
0 2 0.31 767
0 2 0.31 768
0 2 0.31 769
0 2 0.31 770
0 2 0.31 771
0 2 0.31 772
0 2 0.31 773
0 2 0.31 774
0 2 0.31 775
0 2 0.31 776
0 2 0.31 777
0 2 0.31 778
0 2 0.31 779
0 2 0.31 780
0 2 0.31 781
0 2 0.31 782
0 2 0.31 783
0 2 0.31 784
0 2 0.31 785
0 2 0.31 786
0 2 0.31 787
0 2 0.31 788
0 2 0.31 789
0 2 0.31 790
0 2 0.31 791
0 2 0.31 792
0 2 0.31 793
0 2 0.31 794
0 2 0.31 795
0 2 0.31 796
0 2 0.31 797
0 2 0.31 798
0 2 0.31 799
0 2 0.31 800
0 2 0.31 801
0 2 0.31 802
0 2 0.31 803
0 2 0.31 804
0 2 0.31 805
0 2 0.31 806
0 2 0.31 807
0 2 0.31 808
0 2 0.31 809
0 2 0.31 810
0 2 0.31 811
0 2 0.31 812
0 2 0.31 813
0 2 0.31 814
0 2 0.31 815
0 2 0.31 816
0 2 0.31 817
0 2 0.31 818
0 2 0.31 819
0 2 0.31 820
0 2 0.31 821
0 2 0.31 822
0 2 0.31 823
0 2 0.31 824
0 2 0.31 825
0 2 0.31 826
0 2 0.31 827
0 2 0.31 828
0 2 0.31 829
0 2 0.31 830
0 2 0.31 831
0 2 0.31 832
0 2 0.31 833
0 2 0.31 834
0 2 0.31 835
0 2 0.31 836
0 2 0.31 837
0 2 0.31 838
0 2 0.31 839
0 2 0.31 840
0 2 0.31 841
0 2 0.31 842
0 2 0.31 843
0 2 0.31 844
0 2 0.31 845
0 2 0.31 846
0 2 0.31 847
0 2 0.31 848
0 2 0.31 849
0 2 0.31 850
0 2 0.31 851
0 2 0.31 852
0 2 0.31 853
0 2 0.31 854
0 2 0.31 855
0 2 0.31 856
0 2 0.31 857
0 2 0.31 858
0 2 0.31 859
0 2 0.30 860
0 2 0.31 861
0 2 0.31 862
0 2 0.30 863
0 2 0.30 864
0 2 0.31 865
0 2 0.30 866
0 2 0.30 867
0 2 0.30 868
0 2 0.30 869
0 2 0.31 870
0 2 0.31 871
0 2 0.31 872
0 2 0.31 873
0 2 0.31 874
0 2 0.31 875
0 2 0.30 876
0 2 0.30 877
0 2 0.30 878
0 2 0.30 879
0 2 0.30 880
0 2 0.30 881
0 2 0.30 882
0 2 0.31 883
0 2 0.31 884
0 2 0.31 885
0 2 0.30 886
0 2 0.30 887
0 2 0.30 888
0 2 0.30 889
0 2 0.30 890
0 2 0.31 891
0 2 0.30 892
0 2 0.31 893
0 2 0.31 894
0 2 0.31 895
0 2 0.30 896
0 2 0.30 897
0 2 0.31 898
0 2 0.30 899
0 2 0.30 900
0 2 0.31 901
0 2 0.30 902
0 2 0.30 903
0 2 0.30 904
0 2 0.30 905
0 2 0.30 906
0 2 0.30 907
0 2 0.31 908
0 2 0.30 909
0 2 0.30 910
0 2 0.31 911
0 2 0.30 912
0 2 0.30 913
0 2 0.30 914
0 2 0.30 915
0 2 0.30 916
0 2 0.30 917
0 2 0.30 918
0 2 0.30 919
0 2 0.30 920
0 2 0.30 921
0 2 0.30 922
0 2 0.30 923
0 2 0.30 924
0 2 0.30 925
0 2 0.30 926
0 2 0.30 927
0 2 0.30 928
0 2 0.30 929
0 2 0.30 930
0 2 0.30 931
0 2 0.30 932
0 2 0.30 933
0 2 0.30 934
0 2 0.30 935
0 2 0.30 936
0 2 0.30 937
0 2 0.30 938
0 2 0.30 939
0 2 0.30 940
0 2 0.30 941
0 2 0.30 942
0 2 0.30 943
0 2 0.30 944
0 2 0.30 945
0 2 0.30 946
0 2 0.30 947
0 2 0.30 948
0 2 0.30 949
0 2 0.30 950
0 2 0.30 951
0 2 0.30 952
0 2 0.31 953
0 2 0.3