0 0 0.00 1
0 0 0.00 2
0 0 0.00 3
0 0 0.00 4
0 1 0.20 5
0 1 0.17 6
0 1 0.29 7
0 1 0.25 8
0 1 0.33 9
0 1 0.30 10
0 1 0.27 11
0 1 0.33 12
0 1 0.31 13
0 1 0.36 14
0 1 0.33 15
0 1 0.38 16
0 1 0.35 17
0 1 0.33 18
0 1 0.37 19
0 1 0.35 20
0 1 0.38 21
0 1 0.36 22
0 1 0.35 23
0 1 0.38 24
0 1 0.36 25
0 1 0.38 26
0 1 0.37 27
0 1 0.36 28
0 1 0.38 29
0 1 0.40 30
0 1 0.39 31
0 1 0.38 32
0 1 0.36 33
0 1 0.35 34
0 1 0.34 35
0 1 0.36 36
0 1 0.38 37
0 1 0.39 38
0 1 0.38 39
0 1 0.38 40
0 1 0.37 41
0 1 0.36 42
0 1 0.35 43
0 2 0.39 44
0 2 0.38 45
0 2 0.37 46
0 2 0.38 47
0 2 0.38 48
0 2 0.39 49
0 2 0.40 50
0 2 0.39 51
0 2 0.38 52
0 2 0.38 53
0 2 0.39 54
0 2 0.38 55
0 2 0.39 56
0 2 0.39 57
0 2 0.41 58
0 2 0.41 59
0 2 0.40 60
0 2 0.39 61
0 2 0.40 62
0 2 0.40 63
0 2 0.39 64
0 2 0.38 65
0 2 0.38 66
0 2 0.39 67
0 2 0.38 68
0 2 0.38 69
0 2 0.37 70
0 2 0.38 71
0 2 0.38 72
0 2 0.38 73
0 2 0.39 74
0 2 0.39 75
0 2 0.39 76
0 2 0.42 77
0 2 0.41 78
0 2 0.42 79
0 2 0.41 80
0 2 0.42 81
0 2 0.41 82
0 2 0.41 83
0 2 0.42 84
0 2 0.41 85
0 2 0.41 86
0 2 0.43 87
0 2 0.42 88
0 2 0.42 89
0 2 0.41 90
0 2 0.42 91
0 2 0.41 92
0 2 0.41 93
0 2 0.43 94
0 2 0.43 95
0 2 0.44 96
0 2 0.44 97
0 2 0.45 98
0 2 0.44 99
0 2 0.44 100
0 2 0.46 101
0 2 0.45 102
0 2 0.45 103
0 2 0.45 104
0 2 0.46 105
0 2 0.46 106
0 2 0.46 107
0 2 0.46 108
0 2 0.46 109
0 2 0.45 110
0 2 0.46 111
0 2 0.46 112
0 2 0.45 113
0 2 0.46 114
0 2 0.45 115
0 2 0.46 116
0 2 0.45 117
0 2 0.45 118
0 2 0.45 119
0 2 0.45 120
0 2 0.45 121
0 2 0.46 122
0 2 0.46 123
0 2 0.47 124
0 2 0.46 125
0 2 0.47 126
0 2 0.46 127
0 2 0.47 128
0 2 0.47 129
0 2 0.48 130
0 2 0.47 131
0 2 0.47 132
0 2 0.47 133
0 2 0.46 134
0 2 0.47 135
0 2 0.47 136
0 2 0.47 137
0 2 0.47 138
0 2 0.47 139
0 2 0.46 140
0 2 0.47 141
0 2 0.46 142
0 2 0.46 143
0 2 0.47 144
0 2 0.47 145
0 2 0.47 146
0 2 0.48 147
0 2 0.47 148
0 2 0.47 149
0 2 0.47 150
0 2 0.48 151
0 2 0.47 152
0 2 0.47 153
0 2 0.47 154
0 2 0.47 155
0 2 0.47 156
0 2 0.47 157
0 2 0.47 158
0 2 0.47 159
0 2 0.47 160
0 2 0.47 161
0 2 0.47 162
0 2 0.47 163
0 2 0.47 164
0 2 0.47 165
0 2 0.47 166
0 2 0.47 167
0 2 0.46 168
0 2 0.46 169
0 2 0.46 170
0 2 0.46 171
0 2 0.45 172
0 3 0.47 173
0 3 0.47 174
0 3 0.46 175
0 3 0.46 176
0 3 0.46 177
0 3 0.47 178
0 3 0.47 179
0 3 0.47 180
0 3 0.46 181
0 3 0.47 182
0 3 0.46 183
0 3 0.46 184
0 3 0.46 185
0 3 0.47 186
0 3 0.47 187
0 3 0.47 188
0 3 0.47 189
0 3 0.47 190
0 3 0.48 191
0 3 0.47 192
0 3 0.48 193
0 3 0.47 194
0 3 0.48 195
0 3 0.48 196
0 3 0.48 197
0 3 0.47 198
0 3 0.47 199
0 3 0.47 200
0 3 0.48 201
0 3 0.48 202
0 3 0.48 203
0 3 0.48 204
0 3 0.48 205
0 3 0.48 206
0 3 0.48 207
0 3 0.48 208
0 3 0.48 209
0 3 0.48 210
0 3 0.48 211
0 3 0.48 212
0 3 0.48 213
0 3 0.48 214
0 3 0.47 215
0 3 0.47 216
0 3 0.47 217
0 3 0.47 218
0 3 0.47 219
0 3 0.47 220
0 3 0.48 221
0 3 0.48 222
0 3 0.48 223
0 3 0.48 224
0 3 0.48 225
0 3 0.48 226
0 3 0.48 227
0 3 0.48 228
0 3 0.48 229
0 3 0.48 230
0 3 0.49 231
0 3 0.49 232
0 3 0.50 233
0 3 0.50 234
0 3 0.49 235
0 3 0.49 236
0 3 0.49 237
0 3 0.49 238
0 3 0.49 239
0 3 0.49 240
0 3 0.49 241
0 3 0.49 242
0 3 0.49 243
0 3 0.49 244
0 3 0.49 245
0 3 0.49 246
0 3 0.49 247
0 3 0.50 248
0 3 0.49 249
0 3 0.49 250
0 3 0.49 251
0 3 0.49 252
0 3 0.49 253
0 3 0.50 254
0 3 0.50 255
0 3 0.50 256
0 3 0.50 257
0 3 0.50 258
0 3 0.50 259
0 3 0.50 260
0 3 0.50 261
0 3 0.50 262
0 3 0.50 263
0 3 0.50 264
0 3 0.50 265
0 3 0.50 266
0 3 0.50 267
0 3 0.51 268
0 3 0.51 269
0 3 0.51 270
0 3 0.51 271
0 3 0.51 272
0 3 0.51 273
0 3 0.51 274
0 3 0.52 275
0 3 0.51 276
0 3 0.51 277
0 3 0.51 278
0 3 0.51 279
0 3 0.51 280
0 3 0.52 281
0 3 0.51 282
0 3 0.51 283
0 3 0.51 284
0 3 0.52 285
0 3 0.52 286
0 3 0.52 287
0 3 0.51 288
0 3 0.52 289
0 3 0.51 290
0 3 0.51 291
0 3 0.51 292
0 3 0.51 293
0 3 0.51 294
0 3 0.51 295
0 3 0.51 296
0 3 0.51 297
0 3 0.51 298
0 3 0.51 299
0 3 0.51 300
0 3 0.51 301
0 3 0.51 302
0 3 0.51 303
0 3 0.51 304
0 3 0.51 305
0 3 0.51 306
0 3 0.51 307
0 3 0.51 308
0 3 0.51 309
0 3 0.51 310
0 3 0.51 311
0 3 0.51 312
0 3 0.51 313
0 3 0.51 314
0 3 0.51 315
0 3 0.51 316
0 3 0.51 317
0 3 0.52 318
0 3 0.51 319
0 3 0.51 320
0 3 0.51 321
0 3 0.51 322
0 3 0.51 323
0 3 0.52 324
0 3 0.51 325
0 3 0.52 326
0 3 0.52 327
0 3 0.52 328
0 3 0.52 329
0 3 0.52 330
0 3 0.52 331
0 3 0.52 332
0 3 0.52 333
0 3 0.52 334
0 3 0.52 335
0 3 0.51 336
0 3 0.52 337
0 3 0.51 338
0 3 0.52 339
0 3 0.51 340
0 3 0.51 341
0 3 0.51 342
0 3 0.51 343
0 3 0.51 344
0 3 0.52 345
0 3 0.52 346
0 3 0.52 347
0 3 0.52 348
0 3 0.52 349
0 3 0.52 350
0 3 0.52 351
0 3 0.52 352
0 3 0.52 353
0 3 0.52 354
0 3 0.52 355
0 3 0.52 356
0 3 0.52 357
0 3 0.52 358
0 3 0.52 359
0 3 0.52 360
0 3 0.52 361
0 3 0.52 362
0 3 0.52 363
0 3 0.52 364
0 3 0.52 365
0 3 0.52 366
0 3 0.52 367
0 3 0.52 368
0 3 0.51 369
0 3 0.52 370
0 3 0.51 371
0 3 0.51 372
0 3 0.51 373
0 3 0.51 374
0 3 0.51 375
0 3 0.51 376
0 3 0.51 377
0 3 0.51 378
0 3 0.51 379
0 3 0.52 380
0 3 0.51 381
0 3 0.52 382
0 3 0.51 383
0 3 0.51 384
0 3 0.51 385
0 3 0.51 386
0 3 0.52 387
0 3 0.52 388
0 3 0.51 389
0 3 0.52 390
0 3 0.51 391
0 3 0.52 392
0 3 0.52 393
0 3 0.52 394
0 3 0.51 395
0 3 0.52 396
0 3 0.51 397
0 3 0.52 398
0 3 0.52 399
0 3 0.52 400
0 3 0.51 401
0 3 0.51 402
0 3 0.52 403
0 3 0.51 404
0 3 0.52 405
0 3 0.51 406
0 3 0.52 407
0 3 0.51 408
0 3 0.52 409
0 3 0.51 410
0 3 0.51 411
0 3 0.51 412
0 3 0.51 413
0 3 0.51 414
0 3 0.51 415
0 3 0.51 416
0 3 0.52 417
0 3 0.52 418
0 3 0.52 419
0 3 0.52 420
0 3 0.52 421
0 3 0.52 422
0 3 0.52 423
0 3 0.52 424
0 3 0.52 425
0 3 0.52 426
0 3 0.52 427
0 3 0.52 428
0 3 0.52 429
0 3 0.52 430
0 3 0.52 431
0 3 0.52 432
0 3 0.52 433
0 3 0.52 434
0 3 0.52 435
0 3 0.52 436
0 3 0.52 437
0 3 0.52 438
0 3 0.52 439
0 3 0.52 440
0 3 0.52 441
0 3 0.52 442
0 3 0.52 443
0 3 0.52 444
0 3 0.52 445
0 3 0.52 446
0 3 0.52 447
0 3 0.52 448
0 3 0.52 449
0 3 0.52 450
0 3 0.52 451
0 3 0.52 452
0 3 0.52 453
0 3 0.52 454
0 3 0.52 455
0 3 0.52 456
0 3 0.52 457
0 3 0.52 458
0 3 0.52 459
0 3 0.52 460
0 3 0.52 461
0 3 0.53 462
0 3 0.53 463
0 3 0.53 464
0 3 0.52 465
0 3 0.52 466
0 3 0.52 467
0 3 0.52 468
0 3 0.52 469
0 3 0.53 470
0 3 0.52 471
0 3 0.53 472
0 3 0.53 473
0 3 0.53 474
0 3 0.52 475
0 3 0.52 476
0 3 0.52 477
0 3 0.52 478
0 3 0.52 479
0 3 0.52 480
0 3 0.52 481
0 3 0.52 482
0 3 0.52 483
0 3 0.52 484
0 3 0.52 485
0 3 0.52 486
0 3 0.52 487
0 3 0.52 488
0 3 0.52 489
0 3 0.51 490
0 3 0.52 491
0 3 0.52 492
0 3 0.52 493
0 3 0.52 494
0 3 0.52 495
0 3 0.52 496
0 3 0.52 497
0 3 0.52 498
0 3 0.52 499
0 3 0.52 500
0 3 0.52 501
0 3 0.52 502
0 3 0.52 503
0 3 0.52 504
0 3 0.52 505
0 3 0.52 506
0 3 0.52 507
0 3 0.52 508
0 3 0.52 509
0 3 0.52 510
0 3 0.52 511
0 3 0.52 512
0 3 0.52 513
0 3 0.52 514
0 3 0.52 515
0 3 0.52 516
0 3 0.52 517
0 3 0.53 518
0 3 0.53 519
0 3 0.53 520
0 3 0.53 521
0 3 0.53 522
0 3 0.53 523
0 3 0.53 524
0 3 0.53 525
0 3 0.53 526
0 3 0.53 527
0 3 0.53 528
0 3 0.53 529
0 3 0.53 530
0 3 0.53 531
0 3 0.53 532
0 3 0.53 533
0 3 0.53 534
0 3 0.53 535
0 3 0.53 536
0 3 0.53 537
0 3 0.53 538
0 3 0.53 539
0 3 0.53 540
0 3 0.53 541
0 3 0.54 542
0 3 0.53 543
0 3 0.53 544
0 3 0.54 545
0 3 0.54 546
0 3 0.54 547
0 3 0.54 548
0 3 0.54 549
0 3 0.53 550
0 3 0.54 551
0 3 0.53 552
0 3 0.53 553
0 3 0.53 554
0 3 0.53 555
0 3 0.53 556
0 3 0.53 557
0 3 0.53 558
0 3 0.53 559
0 3 0.53 560
0 3 0.53 561
0 3 0.53 562
0 3 0.53 563
0 3 0.53 564
0 3 0.53 565
0 3 0.53 566
0 3 0.53 567
0 3 0.53 568
0 3 0.53 569
0 3 0.54 570
0 3 0.53 571
0 3 0.53 572
0 3 0.54 573
0 3 0.54 574
0 3 0.54 575
0 3 0.54 576
0 3 0.54 577
0 3 0.54 578
0 3 0.54 579
0 3 0.54 580
0 3 0.54 581
0 3 0.54 582
0 3 0.54 583
0 3 0.54 584
0 3 0.54 585
0 3 0.54 586
0 3 0.54 587
0 3 0.54 588
0 3 0.54 589
0 3 0.54 590
0 3 0.54 591
0 3 0.54 592
0 3 0.54 593
0 3 0.54 594
0 3 0.54 595
0 3 0.54 596
0 3 0.54 597
0 3 0.54 598
0 3 0.54 599
0 3 0.54 600
0 3 0.54 601
0 3 0.54 602
0 3 0.54 603
0 3 0.54 604
0 3 0.54 605
0 3 0.54 606
0 3 0.54 607
0 3 0.54 608
0 3 0.54 609
0 3 0.54 610
0 3 0.54 611
0 3 0.54 612
0 3 0.54 613
0 3 0.54 614
0 3 0.54 615
0 3 0.54 616
0 3 0.54 617
0 3 0.54 618
0 3 0.54 619
0 3 0.54 620
0 3 0.54 621
0 3 0.54 622
0 3 0.54 623
0 3 0.54 624
0 3 0.54 625
0 3 0.54 626
0 3 0.54 627
0 3 0.54 628
0 3 0.54 629
0 3 0.54 630
0 3 0.55 631
0 3 0.55 632
0 3 0.55 633
0 3 0.55 634
0 3 0.55 635
0 3 0.55 636
0 3 0.55 637
0 3 0.55 638
0 3 0.55 639
0 3 0.55 640
0 3 0.55 641
0 3 0.55 642
0 3 0.55 643
0 3 0.55 644
0 3 0.55 645
0 3 0.55 646
0 3 0.55 647
0 3 0.55 648
0 3 0.55 649
0 3 0.55 650
0 3 0.55 651
0 3 0.55 652
0 3 0.55 653
0 3 0.55 654
0 3 0.55 655
0 3 0.55 656
0 3 0.55 657
0 3 0.55 658
0 3 0.55 659
0 3 0.55 660
0 3 0.55 661
0 3 0.55 662
0 3 0.55 663
0 3 0.55 664
0 3 0.55 665
0 3 0.55 666
0 3 0.55 667
0 3 0.55 668
0 3 0.55 669
0 3 0.55 670
0 3 0.55 671
0 3 0.55 672
0 3 0.55 673
0 3 0.55 674
0 3 0.55 675
0 3 0.55 676
0 3 0.55 677
0 3 0.55 678
0 3 0.55 679
0 3 0.55 680
0 3 0.55 681
0 3 0.55 682
0 3 0.55 683
0 3 0.55 684
0 3 0.55 685
0 3 0.55 686
0 3 0.55 687
0 3 0.55 688
0 3 0.55 689
0 3 0.55 690
0 3 0.55 691
0 3 0.55 692
0 3 0.55 693
0 3 0.55 694
0 3 0.55 695
0 3 0.55 696
0 3 0.55 697
0 3 0.55 698
0 3 0.55 699
0 3 0.55 700
0 3 0.54 701
0 3 0.55 702
0 3 0.54 703
0 3 0.54 704
0 3 0.54 705
0 3 0.54 706
0 3 0.54 707
0 3 0.54 708
0 3 0.54 709
0 3 0.54 710
0 3 0.54 711
0 3 0.54 712
0 3 0.54 713
0 3 0.54 714
0 3 0.54 715
0 3 0.54 716
0 3 0.55 717
0 3 0.55 718
0 3 0.55 719
0 3 0.55 720
0 3 0.55 721
0 12 0.56 722
0 12 0.56 723
0 12 0.56 724
0 12 0.56 725
0 12 0.56 726
0 12 0.56 727
0 12 0.56 728
0 12 0.56 729
0 12 0.56 730
0 12 0.56 731
0 12 0.56 732
0 12 0.56 733
0 12 0.56 734
0 12 0.56 735
0 12 0.56 736
0 12 0.56 737
0 12 0.56 738
0 12 0.56 739
0 12 0.56 740
0 12 0.56 741
0 12 0.56 742
0 12 0.56 743
0 12 0.56 744
0 12 0.56 745
0 12 0.56 746
0 12 0.56 747
0 12 0.56 748
0 12 0.56 749
0 12 0.56 750
0 12 0.56 751
0 12 0.56 752
0 12 0.56 753
0 12 0.56 754
0 12 0.57 755
0 12 0.56 756
0 12 0.57 757
0 12 0.57 758
0 12 0.57 759
0 12 0.57 760
0 12 0.57 761
0 12 0.57 762
0 12 0.57 763
0 12 0.57 764
0 12 0.57 765
0 12 0.57 766
0 12 0.56 767
0 12 0.56 768
0 12 0.56 769
0 12 0.56 770
0 12 0.56 771
0 12 0.56 772
0 12 0.56 773
0 12 0.56 774
0 12 0.56 775
0 12 0.56 776
0 12 0.56 777
0 12 0.56 778
0 12 0.56 779
0 12 0.56 780
0 12 0.56 781
0 12 0.56 782
0 12 0.56 783
0 12 0.56 784
0 12 0.57 785
0 12 0.57 786
0 12 0.57 787
0 12 0.56 788
0 12 0.57 789
0 12 0.57 790
0 12 0.57 791
0 12 0.56 792
0 12 0.56 793
0 12 0.56 794
0 12 0.56 795
0 12 0.56 796
0 12 0.56 797
0 12 0.56 798
0 12 0.56 799
0 12 0.56 800
0 12 0.56 801
0 12 0.56 802
0 12 0.56 803
0 12 0.56 804
0 12 0.56 805
0 12 0.56 806
0 12 0.56 807
0 12 0.56 808
0 12 0.56 809
0 12 0.56 810
0 12 0.56 811
0 12 0.56 812
0 12 0.56 813
0 12 0.56 814
0 12 0.56 815
0 12 0.56 816
0 12 0.56 817
0 12 0.56 818
0 12 0.56 819
0 12 0.56 820
0 12 0.56 821
0 12 0.56 822
0 12 0.56 823
0 12 0.56 824
0 12 0.56 825
0 12 0.56 826
0 12 0.56 827
0 12 0.56 828
0 12 0.56 829
0 12 0.56 830
0 12 0.56 831
0 12 0.56 832
0 12 0.56 833
0 12 0.56 834
0 12 0.56 835
0 12 0.56 836
0 12 0.56 837
0 12 0.56 838
0 12 0.56 839
0 12 0.56 840
0 12 0.56 841
0 12 0.56 842
0 12 0.56 843
0 12 0.56 844
0 12 0.56 845
0 12 0.56 846
0 12 0.56 847
0 12 0.56 848
0 12 0.56 849
0 12 0.56 850
0 12 0.56 851
0 12 0.56 852
0 12 0.56 853
0 12 0.56 854
0 12 0.56 855
0 12 0.56 856
0 12 0.56 857
0 12 0.56 858
0 12 0.56 859
0 12 0.56 860
0 12 0.56 861
0 12 0.56 862
0 12 0.56 863
0 12 0.56 864
0 12 0.56 865
0 12 0.56 866
0 12 0.56 867
0 12 0.56 868
0 12 0.56 869
0 12 0.56 870
0 12 0.56 871
0 12 0.56 872
0 12 0.56 873
0 12 0.56 874
0 12 0.56 875
0 12 0.56 876
0 12 0.56 877
0 12 0.56 878
0 12 0.56 879
0 12 0.56 880
0 12 0.56 881
0 12 0.56 882
0 12 0.56 883
0 12 0.56 884
0 12 0.56 885
0 12 0.56 886
0 12 0.56 887
0 12 0.56 888
0 12 0.56 889
0 12 0.56 890
0 12 0.56 891
0 12 0.56 892
0 12 0.56 893
0 12 0.56 894
0 12 0.56 895
0 12 0.56 896
0 12 0.56 897
0 12 0.56 898
0 12 0.56 899
0 12 0.56 900
0 12 0.56 901
0 12 0.56 902
0 12 0.56 903
0 12 0.56 904
0 12 0.56 905
0 12 0.56 906
0 12 0.56 907
0 12 0.56 908
0 12 0.56 909
0 12 0.56 910
0 12 0.56 911
0 12 0.56 912
0 12 0.56 913
0 12 0.56 914
0 12 0.56 915
0 12 0.56 916
0 12 0.56 917
0 12 0.56 918
0 12 0.56 919
0 12 0.56 920
0 12 0.56 921
0 12 0.56 922
0 12 0.56 923
0 12 0.56 924
0 12 0.56 925
0 12 0.56 926
0 12 0.56 927
0 12 0.56 928
0 12 0.56 929
0 12 0.56 930
0 12 0.56 931
0 12 0.56 932
0 12 0.56 933
0 12 0.56 934
0 12 0.56 935
0 12 0.55 936
0 12 0.55 937