6 6 6.00 1
1 6 3.50 2
1 6 2.67 3
1 6 2.25 4
1 6 2.40 5
1 6 2.33 6
1 6 2.29 7
1 6 2.12 8
1 6 2.00 9
1 6 2.10 10
1 6 2.09 11
1 6 2.00 12
1 6 2.00 13
1 6 1.93 14
1 6 1.93 15
1 6 1.88 16
1 6 1.82 17
1 6 1.78 18
1 6 1.79 19
1 6 1.80 20
1 6 1.76 21
1 6 1.77 22
1 6 1.78 23
1 6 1.79 24
1 6 1.80 25
1 6 1.81 26
1 6 1.81 27
1 6 1.82 28
1 6 1.83 29
1 6 1.80 30
1 6 1.77 31
1 6 1.75 32
1 6 1.79 33
1 6 1.79 34
1 6 1.77 35
1 6 1.78 36
1 6 1.76 37
1 6 1.74 38
1 6 1.72 39
1 6 1.73 40
1 6 1.71 41
1 6 1.71 42
1 6 1.72 43
1 6 1.73 44
1 6 1.73 45
1 6 1.74 46
1 6 1.74 47
1 6 1.75 48
1 6 1.76 49
1 6 1.76 50
1 6 1.76 51
1 6 1.77 52
1 6 1.77 53
1 6 1.76 54
1 6 1.75 55
1 6 1.75 56
1 6 1.75 57
1 6 1.76 58
1 6 1.76 59
1 6 1.77 60
1 6 1.77 61
1 6 1.76 62
1 6 1.78 63
1 6 1.80 64
1 6 1.80 65
1 6 1.79 66
1 6 1.79 67
1 6 1.78 68
1 6 1.77 69
1 6 1.77 70
1 6 1.77 71
1 6 1.76 72
1 6 1.77 73
1 6 1.76 74
1 6 1.76 75
1 6 1.76 76
1 6 1.77 77
1 6 1.76 78
1 6 1.76 79
1 6 1.75 80
1 6 1.75 81
1 6 1.76 82
1 6 1.75 83
1 6 1.75 84
1 6 1.75 85
1 6 1.76 86
1 6 1.76 87
1 6 1.75 88
1 6 1.75 89
1 6 1.74 90
1 6 1.75 91
1 6 1.74 92
1 6 1.75 93
1 6 1.76 94
1 6 1.75 95
1 6 1.74 96
1 6 1.74 97
1 6 1.74 98
1 6 1.75 99
1 6 1.75 100
1 6 1.75 101
1 6 1.75 102
1 6 1.75 103
1 6 1.75 104
1 6 1.75 105
1 6 1.75 106
1 6 1.75 107
1 6 1.75 108
1 6 1.75 109
1 6 1.75 110
1 6 1.75 111
1 6 1.75 112
1 6 1.75 113
1 6 1.76 114
1 6 1.76 115
1 6 1.75 116
1 6 1.76 117
1 6 1.77 118
1 6 1.77 119
1 6 1.77 120
1 6 1.77 121
1 6 1.76 122
1 11 1.84 123
1 11 1.84 124
1 11 1.83 125
1 11 1.83 126
1 11 1.83 127
1 11 1.83 128
1 11 1.82 129
1 11 1.82 130
1 11 1.81 131
1 11 1.82 132
1 11 1.82 133
1 11 1.81 134
1 11 1.81 135
1 11 1.81 136
1 11 1.81 137
1 11 1.81 138
1 11 1.82 139
1 11 1.82 140
1 11 1.82 141
1 11 1.82 142
1 11 1.83 143
1 11 1.83 144
1 11 1.83 145
1 11 1.84 146
1 11 1.83 147
1 11 1.83 148
1 11 1.83 149
1 11 1.83 150
1 11 1.83 151
1 11 1.83 152
1 11 1.83 153
1 11 1.84 154
1 11 1.85 155
1 11 1.84 156
1 11 1.84 157
1 11 1.84 158
1 11 1.85 159
1 11 1.84 160
1 11 1.84 161
1 11 1.85 162
1 11 1.84 163
1 11 1.85 164
1 11 1.84 165
1 11 1.84 166
1 11 1.84 167
1 11 1.83 168
0 11 1.82 169
0 11 1.82 170
0 11 1.83 171
0 11 1.83 172
0 11 1.83 173
0 11 1.82 174
0 11 1.81 175
0 11 1.81 176
0 11 1.81 177
0 11 1.81 178
0 11 1.80 179
0 11 1.81 180
0 11 1.80 181
0 11 1.80 182
0 11 1.80 183
0 11 1.80 184
0 11 1.80 185
0 11 1.81 186
0 11 1.81 187
0 11 1.80 188
0 11 1.80 189
0 11 1.80 190
0 11 1.80 191
0 11 1.80 192
0 11 1.80 193
0 11 1.79 194
0 11 1.79 195
0 11 1.80 196
0 11 1.79 197
0 11 1.79 198
0 11 1.79 199
0 11 1.79 200
0 11 1.80 201
0 11 1.80 202
0 11 1.79 203
0 11 1.79 204
0 11 1.79 205
0 11 1.79 206
0 11 1.79 207
0 11 1.79 208
0 11 1.79 209
0 11 1.79 210
0 11 1.79 211
0 11 1.78 212
0 11 1.79 213
0 11 1.79 214
0 11 1.79 215
0 11 1.79 216
0 11 1.78 217
0 11 1.78 218
0 11 1.78 219
0 11 1.78 220
0 11 1.78 221
0 11 1.78 222
0 11 1.78 223
0 11 1.77 224
0 11 1.77 225
0 11 1.77 226
0 11 1.77 227
0 11 1.77 228
0 11 1.77 229
0 11 1.77 230
0 11 1.77 231
0 11 1.77 232
0 11 1.78 233
0 11 1.77 234
0 11 1.77 235
0 11 1.77 236
0 11 1.77 237
0 11 1.77 238
0 11 1.77 239
0 11 1.77 240
0 11 1.78 241
0 11 1.78 242
0 11 1.78 243
0 11 1.78 244
0 11 1.78 245
0 11 1.78 246
0 11 1.78 247
0 11 1.78 248
0 11 1.78 249
0 11 1.78 250
0 11 1.78 251
0 11 1.78 252
0 11 1.78 253
0 11 1.78 254
0 11 1.77 255
0 11 1.77 256
0 11 1.77 257
0 11 1.77 258
0 11 1.77 259
0 11 1.77 260
0 11 1.77 261
0 11 1.77 262
0 11 1.77 263
0 11 1.77 264
0 11 1.77 265
0 11 1.77 266
0 11 1.78 267
0 11 1.77 268
0 11 1.77 269
0 11 1.77 270
0 11 1.77 271
0 11 1.77 272
0 11 1.77 273
0 11 1.78 274
0 11 1.77 275
0 11 1.78 276
0 11 1.78 277
0 11 1.77 278
0 11 1.77 279
0 11 1.77 280
0 11 1.78 281
0 11 1.77 282
0 11 1.77 283
0 11 1.78 284
0 11 1.78 285
0 11 1.78 286
0 11 1.78 287
0 11 1.78 288
0 11 1.78 289
0 11 1.78 290
0 11 1.78 291
0 11 1.78 292
0 11 1.78 293
0 11 1.78 294
0 11 1.77 295
0 11 1.77 296
0 11 1.77 297
0 11 1.78 298
0 11 1.78 299
0 11 1.77 300
0 11 1.77 301
0 11 1.77 302
0 11 1.78 303
0 11 1.78 304
0 11 1.78 305
0 11 1.78 306
0 11 1.78 307
0 11 1.78 308
0 11 1.78 309
0 11 1.78 310
0 11 1.77 311
0 11 1.78 312
0 11 1.78 313
0 11 1.78 314
0 11 1.78 315
0 11 1.78 316
0 11 1.78 317
0 11 1.78 318
0 11 1.78 319
0 11 1.78 320
0 11 1.78 321
0 11 1.79 322
0 11 1.79 323
0 11 1.79 324
0 11 1.78 325
0 11 1.78 326
0 11 1.78 327
0 11 1.78 328
0 11 1.78 329
0 11 1.78 330
0 11 1.78 331
0 11 1.78 332
0 11 1.78 333
0 11 1.78 334
0 11 1.79 335
0 11 1.79 336
0 11 1.79 337
0 11 1.78 338
0 11 1.79 339
0 11 1.79 340
0 11 1.79 341
0 11 1.79 342
0 11 1.79 343
0 11 1.79 344
0 11 1.79 345
0 11 1.79 346
0 11 1.79 347
0 11 1.79 348
0 11 1.79 349
0 11 1.79 350
0 11 1.79 351
0 11 1.79 352
0 11 1.80 353
0 11 1.80 354
0 11 1.80 355
0 11 1.79 356
0 11 1.80 357
0 11 1.80 358
0 11 1.80 359
0 11 1.80 360
0 11 1.80 361
0 11 1.80 362
0 11 1.80 363
0 11 1.80 364
0 11 1.80 365
0 11 1.80 366
0 11 1.80 367
0 11 1.80 368
0 11 1.80 369
0 11 1.80 370
0 11 1.80 371
0 11 1.80 372
0 11 1.80 373
0 11 1.79 374
0 11 1.79 375
0 11 1.79 376
0 11 1.79 377
0 11 1.79 378
0 11 1.79 379
0 11 1.79 380
0 11 1.79 381
0 11 1.80 382
0 11 1.80 383
0 11 1.80 384
0 11 1.79 385
0 11 1.80 386
0 11 1.80 387
0 11 1.80 388
0 11 1.80 389
0 11 1.80 390
0 11 1.80 391
0 11 1.80 392
0 11 1.79 393
0 11 1.79 394
0 11 1.79 395
0 11 1.80 396
0 11 1.79 397
0 11 1.80 398
0 11 1.79 399
0 11 1.79 400
0 11 1.79 401
0 11 1.79 402
0 11 1.79 403
0 11 1.79 404
0 11 1.79 405
0 11 1.79 406
0 11 1.79 407
0 11 1.79 408
0 11 1.79 409
0 11 1.79 410
0 11 1.79 411
0 11 1.79 412
0 11 1.79 413
0 11 1.79 414
0 11 1.79 415
0 11 1.79 416
0 11 1.79 417
0 11 1.79 418
0 11 1.79 419
0 11 1.79 420
0 11 1.79 421
0 11 1.79 422
0 11 1.79 423
0 11 1.79 424
0 11 1.79 425
0 11 1.79 426
0 11 1.79 427
0 11 1.79 428
0 11 1.79 429
0 11 1.79 430
0 11 1.79 431
0 11 1.79 432
0 11 1.79 433
0 11 1.79 434
0 11 1.79 435
0 11 1.79 436
0 11 1.79 437
0 11 1.79 438
0 11 1.79 439
0 11 1.79 440
0 11 1.79 441
0 11 1.79 442
0 11 1.79 443
0 11 1.79 444
0 11 1.79 445
0 11 1.79 446
0 11 1.79 447
0 11 1.78 448
0 11 1.78 449
0 11 1.78 450
0 11 1.78 451
0 11 1.78 452
0 11 1.78 453
0 11 1.78 454
0 11 1.78 455
0 11 1.78 456
0 11 1.78 457
0 11 1.78 458
0 11 1.78 459
0 11 1.78 460
0 11 1.77 461
0 11 1.77 462
0 11 1.77 463
0 11 1.77 464
0 11 1.77 465
0 11 1.77 466
0 11 1.77 467
0 11 1.77 468
0 11 1.77 469
0 11 1.77 470
0 11 1.77 471
0 11 1.77 472
0 11 1.77 473
0 11 1.77 474
0 11 1.77 475
0 11 1.77 476
0 11 1.77 477
0 11 1.77 478
0 11 1.77 479
0 11 1.77 480
0 11 1.77 481
0 11 1.77 482
0 11 1.77 483
0 11 1.77 484
0 11 1.77 485
0 11 1.77 486
0 11 1.77 487
0 11 1.76 488
0 11 1.77 489
0 11 1.77 490
0 11 1.77 491
0 11 1.76 492
0 11 1.76 493
0 11 1.76 494
0 11 1.76 495
0 11 1.76 496
0 11 1.76 497
0 11 1.76 498
0 11 1.76 499
0 11 1.76 500
0 11 1.76 501
0 11 1.76 502
0 11 1.76 503
0 11 1.76 504
0 11 1.76 505
0 11 1.76 506
0 11 1.76 507
0 11 1.75 508
0 11 1.75 509
0 11 1.75 510
0 11 1.76 511
0 11 1.75 512
0 11 1.75 513
0 11 1.75 514
0 11 1.76 515
0 11 1.76 516
0 11 1.75 517
0 11 1.75 518
0 11 1.75 519
0 11 1.75 520
0 11 1.75 521
0 11 1.75 522
0 11 1.75 523
0 11 1.75 524
0 11 1.75 525
0 11 1.75 526
0 11 1.75 527
0 11 1.75 528
0 11 1.75 529
0 11 1.75 530
0 11 1.75 531
0 11 1.75 532
0 11 1.74 533
0 11 1.75 534
0 11 1.74 535
0 11 1.74 536
0 11 1.74 537
0 11 1.74 538
0 11 1.74 539
0 11 1.74 540
0 11 1.74 541
0 11 1.74 542
0 11 1.74 543
0 11 1.74 544
0 11 1.74 545
0 11 1.74 546
0 11 1.74 547
0 11 1.74 548
0 11 1.74 549
0 11 1.74 550
0 11 1.74 551
0 11 1.74 552
0 11 1.74 553
0 11 1.74 554
0 11 1.74 555
0 11 1.74 556
0 11 1.75 557
0 11 1.74 558
0 11 1.74 559
0 11 1.74 560
0 11 1.74 561
0 11 1.74 562
0 11 1.74 563
0 11 1.74 564
0 11 1.74 565
0 11 1.74 566
0 11 1.74 567
0 11 1.74 568
0 11 1.74 569
0 11 1.74 570
0 11 1.74 571
0 11 1.74 572
0 11 1.74 573
0 11 1.73 574
0 11 1.73 575
0 11 1.73 576
0 11 1.73 577
0 11 1.73 578
0 11 1.73 579
0 11 1.73 580
0 11 1.72 581
0 11 1.73 582
0 11 1.73 583
0 11 1.72 584
0 11 1.72 585
0 11 1.72 586
0 11 1.72 587
0 11 1.72 588
0 11 1.72 589
0 11 1.72 590
0 11 1.72 591
0 11 1.72 592
0 11 1.72 593
0 11 1.72 594
0 11 1.72 595
0 11 1.72 596
0 11 1.72 597
0 11 1.72 598
0 11 1.72 599
0 11 1.72 600
0 11 1.72 601
0 11 1.7