4 4 4.00 1
2 4 3.00 2
2 4 2.67 3
2 4 2.50 4
2 4 2.40 5
2 4 2.33 6
2 4 2.29 7
2 4 2.25 8
2 4 2.33 9
2 4 2.30 10
2 4 2.27 11
2 4 2.25 12
2 4 2.23 13
2 4 2.21 14
2 4 2.20 15
2 4 2.25 16
1 4 2.18 17
1 4 2.11 18
1 4 2.16 19
1 4 2.20 20
1 4 2.19 21
1 4 2.23 22
1 4 2.26 23
1 4 2.29 24
1 4 2.32 25
1 4 2.31 26
1 4 2.33 27
1 4 2.36 28
1 4 2.34 29
1 4 2.33 30
1 4 2.35 31
1 4 2.34 32
1 4 2.33 33
1 4 2.29 34
1 4 2.31 35
1 4 2.31 36
1 4 2.32 37
1 4 2.32 38
1 4 2.31 39
1 4 2.30 40
1 4 2.29 41
1 4 2.29 42
1 4 2.28 43
1 5 2.34 44
1 5 2.33 45
1 5 2.33 46
1 5 2.32 47
1 35 3.00 48
1 35 3.00 49
1 35 3.14 50
1 35 3.14 51
1 35 3.12 52
1 35 3.09 53
1 35 3.09 54
1 35 3.07 55
1 35 3.05 56
1 35 3.05 57
1 35 3.05 58
1 35 3.05 59
1 35 3.05 60
1 35 3.03 61
1 35 3.03 62
1 35 3.03 63
1 35 3.00 64
1 35 2.98 65
1 35 2.97 66
1 35 2.96 67
1 35 2.96 68
1 35 2.94 69
1 35 2.94 70
1 35 2.92 71
1 35 2.92 72
1 35 2.90 73
1 35 2.95 74
1 35 2.93 75
1 35 2.92 76
1 35 2.92 77
1 35 2.91 78
1 35 2.91 79
1 35 2.91 80
1 35 2.90 81
1 35 2.89 82
1 35 2.88 83
1 35 2.88 84
1 35 2.87 85
1 35 2.87 86
1 35 2.87 87
1 35 2.88 88
1 35 2.87 89
1 35 2.86 90
1 35 2.85 91
1 35 2.84 92
1 35 2.83 93
1 35 2.82 94
1 35 2.81 95
1 35 2.80 96
1 35 2.80 97
1 35 2.81 98
1 35 2.80 99
1 35 2.79 100
1 35 2.79 101
1 35 2.79 102
1 35 2.82 103
1 35 2.81 104
1 35 2.79 105
1 35 2.78 106
1 35 2.78 107
1 35 2.78 108
1 35 2.77 109
1 35 2.77 110
1 35 2.77 111
1 35 2.76 112
1 35 2.76 113
1 35 2.75 114
1 35 2.75 115
1 35 2.74 116
1 35 2.74 117
1 35 2.74 118
1 35 2.73 119
1 35 2.75 120
1 35 2.74 121
1 35 2.75 122
1 35 2.73 123
1 35 2.74 124
1 35 2.74 125
1 35 2.74 126
1 35 2.74 127
1 35 2.74 128
1 35 2.73 129
1 35 2.72 130
1 35 2.71 131
1 35 2.71 132
1 35 2.71 133
1 35 2.71 134
1 35 2.72 135
1 35 2.72 136
1 35 2.72 137
1 35 2.72 138
1 35 2.71 139
1 35 2.71 140
1 35 2.71 141
1 35 2.71 142
1 35 2.71 143
1 35 2.70 144
1 35 2.70 145
1 35 2.70 146
1 35 2.70 147
1 35 2.70 148
1 35 2.69 149
1 35 2.69 150
1 35 2.70 151
1 35 2.70 152
1 35 2.69 153
1 35 2.69 154
1 35 2.70 155
1 35 2.71 156
1 35 2.70 157
1 35 2.70 158
1 35 2.70 159
1 35 2.71 160
1 35 2.70 161
1 35 2.70 162
1 35 2.70 163
1 35 2.70 164
1 35 2.70 165
1 35 2.71 166
1 35 2.71 167
1 35 2.71 168
1 35 2.72 169
1 35 2.72 170
1 35 2.71 171
1 35 2.72 172
1 35 2.71 173
1 35 2.70 174
1 35 2.71 175
1 35 2.71 176
1 35 2.71 177
1 35 2.70 178
1 35 2.70 179
1 35 2.71 180
1 35 2.70 181
1 35 2.70 182
1 35 2.70 183
1 35 2.70 184
1 35 2.70 185
1 35 2.69 186
1 35 2.69 187
1 35 2.69 188
1 35 2.68 189
1 35 2.68 190
1 35 2.68 191
1 35 2.67 192
1 35 2.66 193
1 35 2.66 194
1 35 2.66 195
1 35 2.65 196
1 35 2.65 197
1 35 2.65 198
1 35 2.65 199
1 35 2.65 200
1 35 2.65 201
1 35 2.65 202
1 35 2.65 203
1 35 2.65 204
1 35 2.65 205
1 35 2.65 206
1 35 2.65 207
1 35 2.66 208
1 35 2.66 209
1 35 2.66 210
1 35 2.66 211
1 35 2.66 212
1 35 2.66 213
1 35 2.66 214
1 35 2.66 215
1 35 2.66 216
1 35 2.66 217
1 35 2.66 218
1 35 2.66 219
1 35 2.66 220
1 35 2.66 221
1 35 2.66 222
1 35 2.66 223
1 35 2.66 224
1 35 2.65 225
1 35 2.65 226
1 35 2.65 227
1 35 2.65 228
1 35 2.65 229
1 35 2.64 230
1 35 2.65 231
1 35 2.65 232
1 35 2.65 233
1 35 2.65 234
1 35 2.66 235
1 35 2.65 236
1 35 2.65 237
1 35 2.65 238
1 35 2.65 239
1 35 2.64 240
1 35 2.64 241
1 35 2.64 242
1 35 2.64 243
1 35 2.64 244
1 35 2.64 245
1 35 2.64 246
1 35 2.64 247
1 35 2.64 248
1 35 2.64 249
1 35 2.64 250
1 35 2.64 251
1 35 2.64 252
1 35 2.64 253
1 35 2.63 254
1 35 2.63 255
1 35 2.63 256
1 35 2.63 257
1 35 2.62 258
1 35 2.62 259
1 35 2.62 260
1 35 2.62 261
1 35 2.61 262
1 35 2.61 263
1 35 2.61 264
1 35 2.61 265
1 35 2.61 266
1 35 2.61 267
1 35 2.60 268
1 35 2.60 269
1 35 2.59 270
1 35 2.59 271
1 35 2.59 272
1 35 2.58 273
1 35 2.58 274
1 35 2.59 275
1 35 2.59 276
1 35 2.59 277
1 35 2.59 278
1 35 2.59 279
1 35 2.59 280
1 35 2.59 281
1 35 2.59 282
1 35 2.59 283
1 35 2.60 284
1 35 2.59 285
1 35 2.59 286
1 35 2.59 287
1 35 2.59 288
1 35 2.59 289
1 35 2.59 290
1 35 2.59 291
1 35 2.59 292
1 35 2.59 293
1 35 2.59 294
1 35 2.58 295
1 35 2.58 296
1 35 2.58 297
1 35 2.58 298
1 35 2.58 299
1 35 2.58 300
1 35 2.58 301
1 35 2.58 302
1 35 2.58 303
1 35 2.58 304
1 35 2.58 305
1 35 2.58 306
1 35 2.58 307
1 35 2.58 308
1 35 2.58 309
1 35 2.58 310
1 35 2.58 311
1 35 2.58 312
1 35 2.58 313
1 35 2.58 314
1 35 2.58 315
1 35 2.58 316
1 35 2.58 317
1 35 2.58 318
1 35 2.57 319
1 35 2.57 320
1 35 2.57 321
1 35 2.57 322
1 35 2.57 323
1 35 2.57 324
1 35 2.57 325
1 35 2.57 326
1 35 2.57 327
1 35 2.57 328
1 35 2.57 329
1 35 2.56 330
1 35 2.56 331
1 35 2.56 332
1 35 2.56 333
1 35 2.56 334
1 35 2.56 335
1 35 2.56 336
1 35 2.56 337
1 35 2.56 338
1 35 2.55 339
1 35 2.56 340
1 35 2.56 341
1 35 2.55 342
1 35 2.55 343
1 35 2.56 344
1 35 2.56 345
1 35 2.56 346
1 35 2.56 347
1 35 2.55 348
1 35 2.55 349
1 35 2.55 350
1 35 2.56 351
1 35 2.56 352
1 35 2.56 353
1 35 2.56 354
1 35 2.56 355
1 35 2.56 356
1 35 2.55 357
1 35 2.56 358
1 35 2.55 359
1 35 2.55 360
1 35 2.55 361
1 35 2.55 362
1 35 2.55 363
1 35 2.55 364
1 35 2.55 365
1 35 2.55 366
1 35 2.54 367
1 35 2.54 368
1 35 2.54 369
1 35 2.54 370
1 35 2.54 371
1 35 2.54 372
1 35 2.54 373
1 35 2.55 374
1 35 2.54 375
1 35 2.54 376
1 35 2.54 377
1 35 2.54 378
1 35 2.54 379
1 35 2.54 380
1 35 2.54 381
1 35 2.54 382
1 35 2.54 383
1 35 2.54 384
1 35 2.54 385
1 35 2.54 386
1 35 2.54 387
1 35 2.54 388
1 35 2.54 389
1 35 2.54 390
1 35 2.54 391
1 35 2.54 392
1 35 2.54 393
1 35 2.54 394
1 35 2.54 395
1 35 2.54 396
1 35 2.54 397
1 35 2.54 398
1 35 2.54 399
1 35 2.54 400
1 35 2.54 401
1 35 2.54 402
1 35 2.54 403
1 35 2.54 404
1 35 2.54 405
1 35 2.54 406
1 35 2.54 407
1 35 2.54 408
1 35 2.54 409
1 35 2.54 410
1 35 2.54 411
1 35 2.54 412
1 35 2.54 413
1 35 2.54 414
1 35 2.54 415
1 35 2.54 416
1 35 2.54 417
1 35 2.54 418
1 35 2.53 419
1 35 2.53 420
1 35 2.53 421
1 35 2.53 422
1 35 2.53 423
1 35 2.53 424
1 35 2.53 425
1 35 2.53 426
1 35 2.53 427
1 35 2.53 428
1 35 2.53 429
1 35 2.53 430
1 35 2.53 431
1 35 2.52 432
1 35 2.52 433
1 35 2.52 434
1 35 2.52 435
1 35 2.52 436
1 35 2.52 437
1 35 2.52 438
1 35 2.52 439
1 35 2.52 440
1 35 2.52 441
1 35 2.52 442
1 35 2.52 443
1 35 2.52 444
1 35 2.52 445
1 35 2.52 446
1 35 2.53 447
1 35 2.53 448
1 35 2.53 449
1 35 2.52 450
1 35 2.52 451
1 35 2.52 452
1 35 2.52 453
1 35 2.52 454
1 35 2.52 455
1 35 2.52 456
1 35 2.52 457
1 35 2.52 458
1 35 2.52 459
1 35 2.52 460
1 35 2.52 461
1 35 2.52 462
1 35 2.52 463
1 35 2.52 464
1 35 2.52 465
1 35 2.52 466
1 35 2.52 467
1 35 2.52 468
1 35 2.52 469
1 35 2.52 470
1 35 2.52 471
1 35 2.52 472
1 35 2.52 473
1 35 2.52 474
1 35 2.52 475
1 35 2.52 476
1 35 2.52 477
1 35 2.52 478
1 35 2.52 479
1 35 2.52 480
1 35 2.52 481
1 35 2.52 482
1 35 2.52 483
1 35 2.52 484
1 35 2.52 485
1 35 2.52 486
1 35 2.52 487
1 35 2.52 488
1 35 2.52 489
1 35 2.51 490
1 35 2.51 491
1 35 2.51 492
1 35 2.51 493
1 35 2.51 494
1 35 2.51 495
1 35 2.51 496
1 35 2.51 497
1 35 2.51 498
1 35 2.51 499
1 35 2.51 500
1 35 2.51 501
1 35 2.51 502
1 35 2.51 503
1 35 2.51 504
1 35 2.50 505
1 35 2.51 506
1 35 2.51 507
1 35 2.51 508
1 35 2.50 509
1 35 2.50 510
1 35 2.50 511
1 35 2.50 512
1 35 2.50 513
1 35 2.51 514
1 35 2.51 515
1 35 2.51 516
1 35 2.51 517
1 35 2.51 518
1 35 2.51 519
1 35 2.51 520
1 35 2.51 521
1 35 2.51 522
1 35 2.51 523
1 35 2.51 524
1 35 2.50 525
1 35 2.51 526
1 35 2.51 527
1 35 2.51 528
1 35 2.51 529
1 35 2.51 530
1 35 2.51 531
1 35 2.51 532
1 35 2.51 533
1 35 2.51 534
1 35 2.51 535
1 35 2.51 536
1 35 2.51 537
1 35 2.51 538
1 35 2.51 539
1 35 2.51 540
1 35 2.51 541
1 35 2.51 542
1 35 2.51 543
1 35 2.51 544
1 35 2.51 545
1 35 2.51 546
1 35 2.51 547
1 35 2.51 548
1 35 2.51 549
1 35 2.51 550
1 35 2.51 551
1 35 2.51 552
1 35 2.51 553
1 35 2.51 554
1 35 2.51 555
1 35 2.52 556
1 35 2.52 557
1 35 2.51 558
1 35 2.51 559
1 35 2.51 560
1 35 2.52 561
1 35 2.52 562
1 35 2.52 563
1 35 2.52 564
1 35 2.52 565
1 35 2.52 566
1 35 2.51 567
1 35 2.52 568
1 35 2.51 569
1 35 2.51 570
1 35 2.51 571
1 35 2.51 572
1 35 2.51 573
1 35 2.51 574
1 35 2.51 575
1 35 2.51 576
1 35 2.51 577
1 35 2.51 578
1 35 2.51 579
1 35 2.52 580
1 35 2.51 581
1 35 2.51 582
1 35 2.51 583
1 35 2.51 584
1 35 2.51 585
1 35 2.51 586
1 35 2.51 587
1 35 2.52 588
1 35 2.51 589
1 35 2.51 590
1 35 2.51 591
1 35 2.52 592
1 35 2.52 593
1 35 2.52 594
1 35 2.52 595
1 35 2.52 596
1 3