0 0 0.00 1
0 1 0.50 2
0 1 0.33 3
0 1 0.25 4
0 1 0.20 5
0 1 0.17 6
0 1 0.14 7
0 1 0.12 8
0 1 0.11 9
0 1 0.10 10
0 1 0.09 11
0 1 0.17 12
0 1 0.15 13
0 1 0.21 14
0 1 0.20 15
0 1 0.19 16
0 1 0.18 17
0 1 0.22 18
0 1 0.21 19
0 1 0.25 20
0 1 0.24 21
0 1 0.23 22
0 1 0.22 23
0 1 0.21 24
0 1 0.20 25
0 1 0.19 26
0 1 0.19 27
0 1 0.21 28
0 1 0.21 29
0 1 0.20 30
0 1 0.19 31
0 1 0.19 32
0 1 0.18 33
0 1 0.18 34
0 1 0.20 35
0 1 0.19 36
0 1 0.19 37
0 1 0.21 38
0 1 0.21 39
0 1 0.20 40
0 1 0.22 41
0 1 0.21 42
0 1 0.23 43
0 1 0.23 44
0 1 0.22 45
0 1 0.24 46
0 1 0.23 47
0 1 0.23 48
0 1 0.24 49
0 1 0.24 50
0 1 0.24 51
0 1 0.25 52
0 1 0.25 53
0 1 0.24 54
0 1 0.24 55
0 1 0.23 56
0 1 0.23 57
0 1 0.22 58
0 1 0.22 59
0 1 0.22 60
0 1 0.21 61
0 1 0.23 62
0 1 0.22 63
0 1 0.22 64
0 1 0.22 65
0 1 0.23 66
0 1 0.22 67
0 1 0.22 68
0 1 0.22 69
0 1 0.21 70
0 1 0.21 71
0 1 0.22 72
0 1 0.22 73
0 1 0.23 74
0 1 0.24 75
0 1 0.24 76
0 1 0.23 77
0 1 0.24 78
0 1 0.24 79
0 1 0.24 80
0 1 0.25 81
0 1 0.24 82
0 1 0.24 83
0 1 0.24 84
0 1 0.24 85
0 1 0.23 86
0 1 0.23 87
0 1 0.23 88
0 1 0.22 89
0 1 0.23 90
0 1 0.23 91
0 1 0.23 92
0 1 0.23 93
0 1 0.23 94
0 1 0.23 95
0 1 0.23 96
0 1 0.23 97
0 1 0.22 98
0 1 0.22 99
0 1 0.23 100
0 1 0.23 101
0 1 0.23 102
0 1 0.23 103
0 1 0.23 104
0 1 0.24 105
0 1 0.24 106
0 1 0.23 107
0 1 0.23 108
0 1 0.24 109
0 1 0.24 110
0 1 0.24 111
0 1 0.24 112
0 1 0.24 113
0 1 0.24 114
0 1 0.23 115
0 1 0.24 116
0 1 0.24 117
0 1 0.24 118
0 1 0.24 119
0 1 0.23 120
0 1 0.24 121
0 1 0.24 122
0 1 0.24 123
0 1 0.24 124
0 1 0.24 125
0 1 0.24 126
0 1 0.24 127
0 1 0.23 128
0 1 0.23 129
0 1 0.24 130
0 1 0.24 131
0 1 0.23 132
0 1 0.23 133
0 1 0.23 134
0 1 0.23 135
0 1 0.23 136
0 1 0.23 137
0 1 0.22 138
0 1 0.23 139
0 1 0.23 140
0 1 0.23 141
0 1 0.23 142
0 1 0.22 143
0 1 0.22 144
0 1 0.22 145
0 1 0.22 146
0 1 0.22 147
0 1 0.22 148
0 1 0.21 149
0 1 0.21 150
0 1 0.21 151
0 1 0.21 152
0 1 0.21 153
0 1 0.21 154
0 1 0.21 155
0 1 0.21 156
0 1 0.21 157
0 1 0.21 158
0 1 0.21 159
0 1 0.21 160
0 1 0.20 161
0 1 0.20 162
0 1 0.20 163
0 1 0.20 164
0 1 0.21 165
0 1 0.20 166
0 1 0.20 167
0 1 0.20 168
0 1 0.21 169
0 1 0.21 170
0 1 0.20 171
0 1 0.20 172
0 1 0.21 173
0 1 0.21 174
0 1 0.21 175
0 1 0.21 176
0 1 0.21 177
0 1 0.21 178
0 1 0.21 179
0 1 0.21 180
0 1 0.22 181
0 1 0.21 182
0 1 0.21 183
0 1 0.21 184
0 1 0.21 185
0 1 0.22 186
0 1 0.21 187
0 1 0.21 188
0 1 0.21 189
0 1 0.21 190
0 1 0.21 191
0 1 0.21 192
0 1 0.21 193
0 1 0.21 194
0 1 0.21 195
0 1 0.20 196
0 1 0.20 197
0 1 0.20 198
0 1 0.20 199
0 1 0.20 200
0 1 0.20 201
0 1 0.20 202
0 1 0.20 203
0 1 0.20 204
0 1 0.20 205
0 1 0.20 206
0 1 0.20 207
0 1 0.20 208
0 1 0.20 209
0 1 0.20 210
0 1 0.20 211
0 1 0.20 212
0 1 0.20 213
0 1 0.20 214
0 1 0.20 215
0 1 0.20 216
0 1 0.20 217
0 1 0.20 218
0 1 0.20 219
0 1 0.20 220
0 1 0.20 221
0 1 0.20 222
0 1 0.20 223
0 1 0.20 224
0 1 0.20 225
0 1 0.20 226
0 1 0.20 227
0 1 0.20 228
0 1 0.20 229
0 1 0.20 230
0 1 0.19 231
0 1 0.20 232
0 1 0.20 233
0 1 0.20 234
0 1 0.20 235
0 1 0.20 236
0 1 0.20 237
0 1 0.20 238
0 1 0.20 239
0 1 0.20 240
0 1 0.20 241
0 1 0.20 242
0 1 0.20 243
0 1 0.20 244
0 1 0.20 245
0 1 0.20 246
0 1 0.20 247
0 1 0.20 248
0 1 0.20 249
0 1 0.20 250
0 1 0.20 251
0 1 0.20 252
0 1 0.20 253
0 1 0.20 254
0 1 0.20 255
0 1 0.20 256
0 1 0.20 257
0 1 0.20 258
0 1 0.20 259
0 1 0.20 260
0 1 0.20 261
0 1 0.20 262
0 1 0.20 263
0 1 0.20 264
0 1 0.20 265
0 1 0.20 266
0 1 0.20 267
0 1 0.20 268
0 1 0.20 269
0 1 0.20 270
0 1 0.20 271
0 1 0.20 272
0 1 0.20 273
0 1 0.20 274
0 1 0.20 275
0 1 0.20 276
0 1 0.20 277
0 1 0.20 278
0 1 0.20 279
0 1 0.20 280
0 1 0.20 281
0 1 0.20 282
0 1 0.20 283
0 1 0.20 284
0 1 0.20 285
0 1 0.20 286
0 1 0.20 287
0 1 0.20 288
0 1 0.20 289
0 1 0.20 290
0 1 0.20 291
0 1 0.20 292
0 1 0.20 293
0 1 0.20 294
0 1 0.20 295
0 1 0.20 296
0 1 0.20 297
0 1 0.20 298
0 1 0.20 299
0 1 0.20 300
0 1 0.20 301
0 1 0.20 302
0 1 0.20 303
0 1 0.20 304
0 1 0.20 305
0 1 0.20 306
0 1 0.20 307
0 1 0.20 308
0 1 0.20 309
0 1 0.20 310
0 1 0.20 311
0 1 0.20 312
0 1 0.20 313
0 1 0.20 314
0 1 0.20 315
0 1 0.20 316
0 1 0.20 317
0 1 0.20 318
0 1 0.20 319
0 1 0.20 320
0 1 0.20 321
0 1 0.20 322
0 1 0.20 323
0 1 0.20 324
0 1 0.20 325
0 1 0.20 326
0 1 0.20 327
0 1 0.20 328
0 1 0.20 329
0 1 0.20 330
0 1 0.20 331
0 1 0.20 332
0 1 0.20 333
0 1 0.20 334
0 1 0.20 335
0 1 0.20 336
0 1 0.20 337
0 1 0.20 338
0 1 0.20 339
0 1 0.20 340
0 1 0.20 341
0 2 0.21 342
0 2 0.21 343
0 2 0.21 344
0 2 0.21 345
0 2 0.21 346
0 2 0.21 347
0 2 0.21 348
0 2 0.21 349
0 2 0.21 350
0 2 0.21 351
0 2 0.21 352
0 2 0.21 353
0 2 0.21 354
0 2 0.21 355
0 2 0.21 356
0 2 0.20 357
0 2 0.20 358
0 2 0.21 359
0 2 0.21 360
0 2 0.20 361
0 2 0.20 362
0 2 0.20 363
0 2 0.21 364
0 2 0.21 365
0 2 0.21 366
0 2 0.21 367
0 2 0.21 368
0 2 0.21 369
0 2 0.21 370
0 2 0.20 371
0 2 0.20 372
0 2 0.21 373
0 2 0.21 374
0 2 0.21 375
0 2 0.21 376
0 2 0.21 377
0 2 0.21 378
0 2 0.21 379
0 2 0.21 380
0 2 0.21 381
0 2 0.21 382
0 2 0.21 383
0 2 0.21 384
0 2 0.21 385
0 2 0.21 386
0 2 0.21 387
0 2 0.21 388
0 2 0.21 389
0 2 0.21 390
0 2 0.20 391
0 2 0.21 392
0 2 0.21 393
0 2 0.21 394
0 2 0.21 395
0 2 0.21 396
0 2 0.21 397
0 2 0.21 398
0 2 0.21 399
0 2 0.21 400
0 2 0.21 401
0 2 0.21 402
0 2 0.21 403
0 2 0.21 404
0 2 0.21 405
0 2 0.21 406
0 2 0.21 407
0 2 0.21 408
0 2 0.21 409
0 2 0.21 410
0 2 0.21 411
0 2 0.21 412
0 2 0.21 413
0 2 0.21 414
0 2 0.20 415
0 2 0.20 416
0 2 0.21 417
0 2 0.21 418
0 2 0.21 419
0 2 0.20 420
0 2 0.20 421
0 2 0.20 422
0 2 0.20 423
0 2 0.21 424
0 2 0.20 425
0 2 0.20 426
0 2 0.20 427
0 2 0.20 428
0 2 0.20 429
0 2 0.20 430
0 2 0.20 431
0 2 0.20 432
0 2 0.20 433
0 2 0.21 434
0 2 0.20 435
0 2 0.20 436
0 2 0.20 437
0 2 0.20 438
0 2 0.20 439
0 2 0.20 440
0 2 0.20 441
0 2 0.20 442
0 2 0.20 443
0 2 0.20 444
0 2 0.20 445
0 2 0.20 446
0 2 0.20 447
0 2 0.20 448
0 2 0.20 449
0 2 0.20 450
0 2 0.20 451
0 2 0.20 452
0 2 0.20 453
0 2 0.20 454
0 2 0.20 455
0 2 0.20 456
0 2 0.20 457
0 2 0.20 458
0 2 0.20 459
0 2 0.20 460
0 2 0.20 461
0 2 0.20 462
0 2 0.20 463
0 2 0.20 464
0 2 0.20 465
0 2 0.20 466
0 2 0.20 467
0 2 0.20 468
0 2 0.20 469
0 2 0.20 470
0 2 0.20 471
0 2 0.20 472
0 2 0.20 473
0 2 0.20 474
0 2 0.20 475
0 2 0.20 476
0 2 0.20 477
0 2 0.21 478
0 2 0.20 479
0 2 0.21 480
0 2 0.21 481
0 2 0.21 482
0 2 0.21 483
0 2 0.21 484
0 2 0.21 485
0 2 0.21 486
0 2 0.21 487
0 2 0.21 488
0 2 0.21 489
0 2 0.21 490
0 2 0.21 491
0 2 0.21 492
0 2 0.21 493
0 2 0.21 494
0 2 0.21 495
0 2 0.21 496
0 2 0.21 497
0 2 0.21 498
0 2 0.21 499
0 2 0.21 500
0 2 0.21 501
0 2 0.21 502
0 2 0.21 503
0 2 0.21 504
0 2 0.21 505
0 2 0.21 506
0 2 0.21 507
0 2 0.21 508
0 2 0.21 509
0 2 0.21 510
0 2 0.21 511
0 2 0.21 512
0 2 0.21 513
0 2 0.21 514
0 2 0.21 515
0 2 0.21 516
0 2 0.21 517
0 2 0.21 518
0 2 0.21 519
0 2 0.21 520
0 2 0.21 521
0 2 0.21 522
0 2 0.21 523
0 2 0.21 524
0 2 0.21 525
0 2 0.21 526
0 2 0.21 527
0 2 0.21 528
0 2 0.21 529
0 2 0.21 530
0 2 0.21 531
0 2 0.21 532
0 2 0.21 533
0 2 0.21 534
0 2 0.21 535
0 2 0.21 536
0 2 0.21 537
0 2 0.21 538
0 2 0.21 539
0 2 0.21 540
0 2 0.21 541
0 2 0.20 542
0 2 0.21 543
0 2 0.21 544
0 2 0.21 545
0 2 0.21 546
0 2 0.20 547
0 2 0.20 548
0 2 0.21 549
0 2 0.21 550
0 2 0.21 551
0 2 0.20 552
0 2 0.21 553
0 2 0.21 554
0 2 0.21 555
0 2 0.21 556
0 2 0.21 557
0 2 0.21 558
0 2 0.21 559
0 2 0.21 560
0 2 0.21 561
0 2 0.21 562
0 2 0.21 563
0 2 0.21 564
0 2 0.21 565
0 2 0.21 566
0 2 0.21 567
0 2 0.21 568
0 2 0.21 569
0 2 0.21 570
0 2 0.21 571
0 2 0.21 572
0 2 0.21 573
0 2 0.21 574
0 2 0.21 575
0 2 0.21 576
0 2 0.21 577
0 2 0.21 578
0 2 0.21 579
0 2 0.21 580
0 2 0.21 581
0 2 0.21 582
0 2 0.21 583
0 2 0.21 584
0 2 0.21 585
0 2 0.21 586
0 2 0.21 587
0 2 0.21 588
0 2 0.21 589
0 2 0.21 590
0 2 0.21 591
0 2 0.21 592
0 2 0.21 593
0 2 0.21 594
0 2 0.21 595
0 2 0.21 596
0 2 0.21 597
0 2 0.21 598
0 2 0.21 599
0 2 0.21 600
0 2 0.21 601
0 2 0.21 602
0 2 0.21 603
0 2 0.21 604
0 2 0.20 605
0 2 0.20 606
0 2 0.20 607
0 2 0.21 608
0 2 0.21 609
0 2 0.20 610
0 2 0.21 611
0 2 0.21 612
0 2 0.21 613
0 2 0.21 614
0 2 0.20 615
0 2 0.20 616
0 2 0.20 617
0 2 0.21 618
0 2 0.21 619
0 2 0.20 620
0 2 0.20 621
0 2 0.21 622
0 2 0.21 623
0 2 0.21 624
0 2 0.20 625
0 2 0.21 626
0 2 0.21 627
0 2 0.21 628
0 2 0.21 629
0 2 0.21 630
0 2 0.21 631
0 2 0.21 632
0 2 0.21 633
0 2 0.21 634
0 2 0.21 635
0 2 0.21 636
0 2 0.21 637
0 2 0.21 638
0 2 0.21 639
0 2 0.21 640
0 2 0.21 641
0 2 0.21 642
0 2 0.21 643
0 2 0.21 644
0 2 0.21 645
0 2 0.21 646
0 2 0.21 647
0 2 0.21 648
0 2 0.20 649
0 2 0.20 650
0 2 0.20 651
0 2 0.20 652
0 2 0.20 653
0 2 0.20 654
0 2 0.20 655
0 2 0.20 656
0 2 0.20 657
0 2 0.20 658
0 2 0.20 659
0 2 0.20 660
0 2 0.20 661
0 2 0.20 662
0 2 0.20 663
0 2 0.20 664
0 2 0.20 665
0 2 0.20 666
0 2 0.20 667
0 2 0.20 668
0 2 0.20 669
0 2 0.20 670
0 2 0.20 671
0 2 0.20 672
0 2 0.20 673
0 2 0.20 674
0 2 0.20 675
0 2 0.20 676
0 2 0.20 677
0 2 0.20 678
0 2 0.20 679
0 2 0.20 680
0 2 0.20 681
0 2 0.20 682
0 2 0.20 683
0 2 0.20 684
0 2 0.20 685
0 2 0.20 686
0 2 0.20 687
0 2 0.20 688
0 2 0.20 689
0 2 0.20 690
0 2 0.20 691
0 2 0.20 692
0 2 0.20 693
0 2 0.20 694
0 2 0.20 695
0 2 0.20 696
0 2 0.20 697
0 2 0.20 698
0 2 0.20 699
0 2 0.20 700
0 2 0.20 701
0 2 0.20 702
0 2 0.20 703
0 2 0.20 704
0 2 0.20 705
0 2 0.20 706
0 2 0.20 707
0 2 0.20 708
0 2 0.20 709
0 2 0.20 710
0 2 0.20 711
0 2 0.20 712
0 2 0.20 713
0 2 0.20 714
0 2 0.20 715
0 2 0.20 716
0 2 0.20 717
0 2 0.20 718
0 2 0.20 719
0 2 0.20 720
0 2 0.20 721
0 2 0.20 722
0 2 0.20 723
0 2 0.20 724
0 2 0.20 725
0 2 0.20 726
0 2 0.20 727
0 2 0.20 728
0 2 0.20 729
0 2 0.20 730
0 2 0.20 731
0 2 0.20 732
0 2 0.20 733
0 2 0.20 734
0 2 0.20 735
0 2 0.20 736
0 2 0.20 737
0 2 0.20 738
0 2 0.20 739
0 2 0.20 740
0 2 0.20 741
0 2 0.20 742
0 2 0.20 743
0 2 0.20 744
0 2 0.20 745
0 2 0.20 746
0 2 0.20 747
0 2 0.20 748
0 2 0.20 749
0 2 0.20 750
0 2 0.20 751
0 2 0.20 752
0 2 0.20 753
0 2 0.20 754
0 2 0.20 755
0 2 0.20 756
0 2 0.20 757
0 2 0.20 758
0 2 0.20 759
0 2 0.20 760
0 2 0.20 761
0 2 0.20 762
0 2 0.20 763
0 2 0.20 764
0 2 0.20 765
0 2 0.20 766
0 2 0.20 767
0 2 0.20 768
0 2 0.20 769
0 2 0.20 770
0 2 0.20 771
0 2 0.20 772
0 2 0.20 773
0 2 0.20 774
0 2 0.20 775
0 2 0.20 776
0 2 0.20 777
0 2 0.20 778
0 2 0.20 779
0 2 0.20 780
0 2 0.20 781
0 2 0.20 782
0 2 0.20 783
0 2 0.20 784
0 2 0.20 785
0 2 0.20 786
0 2 0.20 787
0 2 0.20 788
0 2 0.20 789
0 2 0.20 790
0 2 0.20 791
0 2 0.20 792
0 2 0.20 793
0 2 0.20 794
0 2 0.20 795
0 2 0.20 796
0 2 0.20 797
0 2 0.20 798
0 2 0.20 799
0 2 0.20 800
0 2 0.20 801
0 2 0.20 802
0 2 0.20 803
0 2 0.20 804
0 2 0.20 805
0 2 0.20 806
0 2 0.20 807
0 2 0.20 808
0 2 0.20 809
0 2 0.20 810
0 2 0.20 811
0 2 0.20 812
0 2 0.20 813
0 2 0.20 814
0 2 0.20 815
0 2 0.20 816
0 2 0.20 817
0 2 0.20 818
0 2 0.20 819
0 2 0.20 820
0 2 0.20 821
0 2 0.20 822
0 2 0.20 823
0 2 0.20 824
0 2 0.20 825
0 2 0.20 826
0 2 0.20 827
0 2 0.20 828
0 2 0.20 829
0 2 0.20 830
0 2 0.20 831
0 2 0.20 832
0 2 0.20 833
0 2 0.20 834
0 2 0.20 835
0 2 0.20 836
0 2 0.20 837
0 2 0.20 838
0 2 0.20 839
0 2 0.20 840
0 2 0.20 841
0 2 0.20 842
0 2 0.20 843
0 2 0.20 844
0 2 0.20 845
0 2 0.20 846
0 2 0.20 847
0 2 0.20 848
0 2 0.20 849
0 2 0.20 850
0 2 0.20 851
0 2 0.20 852
0 2 0.20 853
0 2 0.20 854
0 2 0.20 855
0 2 0.20 856
0 2 0.20 857
0 2 0.20 858
0 2 0.20 859
0 2 0.20 860
0 2 0.20 861
0 2 0.20 862
0 2 0.20 863
0 2 0.20 864
0 2 0.20 865
0 2 0.20 866
0 2 0.20 867
0 2 0.20 868
0 2 0.20 869
0 2 0.20 870
0 2 0.20 871
0 2 0.20 872
0 2 0.20 873
0 2 0.20 874
0 2 0.20 875
0 2 0.20 876
0 2 0.20 877
0 2 0.20 878
0 2 0.20 879
0 2 0.20 880
0 2 0.20 881
0 2 0.20 882
0 2 0.20 883
0 2 0.20 884
0 2 0.20 885
0 2 0.20 886
0 2 0.20 887
0 2 0.20 888
0 2 0.20 889
0 2 0.20 890
0 2 0.20 891
0 2 0.20 892
0 2 0.20 893
0 2 0.20 894
0 2 0.20 895
0 2 0.20 896
0 2 0.20 897
0 2 0.20 898
0 2 0.20 899
0 2 0.20 900
0 2 0.20 901
0 2 0.20 902
0 2 0.20 903
0 2 0.20 904
0 2 0.20 905
0 2 0.21 906
0 2 0.21 907
0 2 0.20 908
0 2 0.20 909
0 2 0.21 910
0 2 0.21 911
0 2 0.21 912
0 2 0.20 913
0 2 0.21 914
0 2 0.21 915
0 2 0.21 916
0 2 0.21 917
0 2 0.21 918
0 2 0.21 919
0 2 0.21 920
0 2 0.21 921
0 2 0.20 922
0 2 0.21 923
0 2 0.21 924
0 2 0.21 925
0 2 0.21 926
0 2 0.20 927
0 2 0.20 928
0 2 0.21 929
0 2 0.21 930
0 2 0.21 931
0 2 0.20 932
0 2 0.20 933
0 2 0.20 934
0 2 0.20 935
0 2 0.20 936
0 2 0.20 937
0 2 0.20 938
0 2 0.20 939
0 2 0.21 940
0 2 0.21 941
0 2 0.20 942
0 2 0.20 943
0 2 0.20 944
0 2 0.20 945
0 2 0.20 946
0 2 0.20 947
0 2 0.20 948
0 2 0.20 949
0 2 0.20 950
0 2 0.21 951
0 2 0.20 952
0 2 0.20 953
0 2 0.2