1 1 1.00 1
1 2 1.50 2
1 2 1.33 3
1 2 1.50 4
1 2 1.60 5
1 2 1.50 6
1 2 1.43 7
1 2 1.50 8
1 2 1.56 9
1 2 1.50 10
1 3 1.64 11
1 3 1.58 12
1 3 1.54 13
1 3 1.50 14
1 3 1.47 15
1 3 1.44 16
1 3 1.47 17
0 3 1.39 18
0 3 1.37 19
0 3 1.40 20
0 3 1.33 21
0 3 1.36 22
0 3 1.35 23
0 3 1.33 24
0 3 1.32 25
0 3 1.31 26
0 3 1.33 27
0 3 1.29 28
0 3 1.31 29
0 3 1.30 30
0 3 1.32 31
0 3 1.31 32
0 3 1.33 33
0 3 1.32 34
0 3 1.31 35
0 3 1.31 36
0 3 1.30 37
0 3 1.29 38
0 3 1.28 39
0 3 1.27 40
0 3 1.27 41
0 3 1.24 42
0 3 1.26 43
0 3 1.25 44
0 3 1.27 45
0 3 1.26 46
0 3 1.28 47
0 3 1.29 48
0 3 1.29 49
0 3 1.30 50
0 3 1.29 51
0 5 1.37 52
0 5 1.36 53
0 5 1.35 54
0 5 1.36 55
0 5 1.36 56
0 5 1.37 57
0 5 1.36 58
0 5 1.39 59
0 5 1.38 60
0 18 1.66 61
0 18 1.65 62
0 18 1.65 63
0 18 1.62 64
0 18 1.62 65
0 18 1.62 66
0 18 1.61 67
0 18 1.62 68
0 18 1.61 69
0 18 1.60 70
0 18 1.61 71
0 18 1.61 72
0 18 1.60 73
0 18 1.61 74
0 18 1.61 75
0 18 1.59 76
0 18 1.58 77
0 18 1.60 78
0 18 1.61 79
0 18 1.60 80
0 18 1.63 81
0 18 1.63 82
0 18 1.63 83
0 18 1.62 84
0 18 1.61 85
0 18 1.60 86
0 18 1.60 87
0 18 1.60 88
0 18 1.61 89
0 18 1.60 90
0 18 1.60 91
0 18 1.60 92
0 18 1.62 93
0 18 1.63 94
0 18 1.62 95
0 18 1.64 96
0 18 1.64 97
0 18 1.64 98
0 18 1.64 99
0 18 1.64 100
0 18 1.63 101
0 18 1.63 102
0 18 1.63 103
0 18 1.63 104
0 18 1.63 105
0 18 1.62 106
0 18 1.62 107
0 18 1.61 108
0 18 1.60 109
0 18 1.61 110
0 18 1.62 111
0 18 1.62 112
0 18 1.62 113
0 18 1.61 114
0 18 1.62 115
0 18 1.62 116
0 18 1.62 117
0 18 1.62 118
0 18 1.61 119
0 18 1.61 120
0 18 1.61 121
0 18 1.61 122
0 18 1.60 123
0 18 1.60 124
0 18 1.59 125
0 18 1.60 126
0 18 1.59 127
0 18 1.59 128
0 18 1.58 129
0 18 1.58 130
0 18 1.58 131
0 18 1.58 132
0 18 1.58 133
0 18 1.57 134
0 18 1.58 135
0 18 1.57 136
0 18 1.58 137
0 18 1.57 138
0 18 1.58 139
0 18 1.57 140
0 18 1.57 141
0 18 1.57 142
0 18 1.57 143
0 18 1.57 144
0 18 1.57 145
0 18 1.56 146
0 18 1.56 147
0 18 1.56 148
0 18 1.56 149
0 18 1.56 150
0 18 1.56 151
0 18 1.56 152
0 18 1.56 153
0 18 1.56 154
0 18 1.57 155
0 18 1.58 156
0 18 1.57 157
0 18 1.58 158
0 18 1.57 159
0 18 1.57 160
0 18 1.57 161
0 18 1.56 162
0 18 1.56 163
0 18 1.55 164
0 18 1.56 165
0 18 1.56 166
0 18 1.56 167
0 18 1.55 168
0 18 1.55 169
0 18 1.55 170
0 18 1.56 171
0 18 1.56 172
0 18 1.56 173
0 18 1.55 174
0 18 1.55 175
0 18 1.55 176
0 18 1.55 177
0 18 1.54 178
0 18 1.54 179
0 18 1.54 180
0 18 1.54 181
0 18 1.54 182
0 18 1.54 183
0 18 1.54 184
0 18 1.54 185
0 18 1.54 186
0 18 1.55 187
0 18 1.54 188
0 18 1.54 189
0 18 1.54 190
0 18 1.54 191
0 18 1.55 192
0 18 1.54 193
0 18 1.54 194
0 18 1.54 195
0 18 1.55 196
0 18 1.55 197
0 18 1.55 198
0 18 1.54 199
0 18 1.54 200
0 18 1.54 201
0 18 1.53 202
0 18 1.53 203
0 18 1.52 204
0 18 1.52 205
0 18 1.52 206
0 18 1.52 207
0 18 1.52 208
0 18 1.52 209
0 18 1.52 210
0 18 1.52 211
0 18 1.52 212
0 18 1.52 213
0 18 1.52 214
0 18 1.52 215
0 18 1.52 216
0 18 1.52 217
0 18 1.52 218
0 18 1.52 219
0 18 1.52 220
0 18 1.52 221
0 18 1.51 222
0 18 1.52 223
0 18 1.51 224
0 18 1.52 225
0 18 1.52 226
0 18 1.52 227
0 18 1.53 228
0 18 1.52 229
0 18 1.53 230
0 18 1.53 231
0 18 1.53 232
0 18 1.53 233
0 18 1.53 234
0 18 1.53 235
0 18 1.53 236
0 18 1.53 237
0 18 1.53 238
0 18 1.53 239
0 18 1.53 240
0 18 1.53 241
0 18 1.53 242
0 18 1.53 243
0 18 1.53 244
0 18 1.53 245
0 18 1.53 246
0 18 1.53 247
0 18 1.53 248
0 18 1.53 249
0 18 1.53 250
0 18 1.53 251
0 18 1.53 252
0 18 1.53 253
0 18 1.53 254
0 18 1.53 255
0 18 1.53 256
0 18 1.53 257
0 18 1.54 258
0 18 1.54 259
0 18 1.54 260
0 18 1.54 261
0 18 1.54 262
0 18 1.54 263
0 18 1.55 264
0 18 1.54 265
0 18 1.55 266
0 18 1.54 267
0 18 1.54 268
0 18 1.55 269
0 18 1.55 270
0 18 1.55 271
0 18 1.55 272
0 18 1.55 273
0 18 1.55 274
0 18 1.55 275
0 18 1.55 276
0 18 1.55 277
0 18 1.54 278
0 18 1.54 279
0 18 1.54 280
0 18 1.54 281
0 18 1.55 282
0 18 1.54 283
0 18 1.55 284
0 18 1.55 285
0 18 1.55 286
0 18 1.55 287
0 18 1.55 288
0 18 1.55 289
0 18 1.55 290
0 18 1.54 291
0 18 1.54 292
0 18 1.54 293
0 18 1.54 294
0 18 1.54 295
0 18 1.55 296
0 18 1.55 297
0 18 1.55 298
0 18 1.55 299
0 18 1.54 300
0 18 1.54 301
0 18 1.54 302
0 18 1.54 303
0 18 1.54 304
0 18 1.54 305
0 18 1.54 306
0 18 1.54 307
0 18 1.54 308
0 18 1.54 309
0 18 1.54 310
0 18 1.54 311
0 18 1.54 312
0 18 1.54 313
0 18 1.54 314
0 18 1.53 315
0 18 1.53 316
0 18 1.53 317
0 18 1.53 318
0 18 1.54 319
0 18 1.53 320
0 18 1.54 321
0 18 1.54 322
0 18 1.54 323
0 18 1.54 324
0 18 1.54 325
0 18 1.53 326
0 18 1.54 327
0 18 1.53 328
0 18 1.53 329
0 18 1.54 330
0 18 1.53 331
0 18 1.54 332
0 18 1.53 333
0 18 1.53 334
0 18 1.53 335
0 18 1.54 336
0 18 1.53 337
0 18 1.54 338
0 18 1.54 339
0 18 1.54 340
0 18 1.54 341
0 18 1.54 342
0 18 1.53 343
0 18 1.53 344
0 18 1.53 345
0 18 1.53 346
0 18 1.53 347
0 18 1.53 348
0 18 1.53 349
0 18 1.53 350
0 18 1.53 351
0 18 1.53 352
0 18 1.53 353
0 18 1.53 354
0 18 1.53 355
0 18 1.53 356
0 18 1.53 357
0 18 1.53 358
0 18 1.53 359
0 18 1.53 360
0 18 1.53 361
0 18 1.54 362
0 18 1.53 363
0 18 1.53 364
0 18 1.53 365
0 18 1.53 366
0 18 1.53 367
0 18 1.53 368
0 18 1.53 369
0 18 1.54 370
0 18 1.53 371
0 18 1.53 372
0 18 1.53 373
0 18 1.53 374
0 18 1.53 375
0 18 1.53 376
0 18 1.53 377
0 18 1.53 378
0 18 1.53 379
0 18 1.53 380
0 18 1.52 381
0 18 1.53 382
0 18 1.53 383
0 18 1.53 384
0 18 1.53 385
0 18 1.53 386
0 18 1.53 387
0 18 1.53 388
0 18 1.53 389
0 18 1.53 390
0 18 1.53 391
0 18 1.53 392
0 18 1.53 393
0 18 1.53 394
0 18 1.53 395
0 18 1.53 396
0 18 1.53 397
0 18 1.53 398
0 18 1.53 399
0 18 1.53 400
0 18 1.54 401
0 18 1.54 402
0 18 1.54 403
0 18 1.53 404
0 18 1.54 405
0 18 1.53 406
0 18 1.53 407
0 18 1.53 408
0 18 1.53 409
0 18 1.53 410
0 18 1.53 411
0 18 1.53 412
0 18 1.54 413
0 18 1.54 414
0 18 1.53 415
0 18 1.54 416
0 18 1.53 417
0 18 1.54 418
0 18 1.54 419
0 18 1.54 420
0 18 1.54 421
0 18 1.54 422
0 18 1.54 423
0 18 1.54 424
0 18 1.54 425
0 18 1.54 426
0 18 1.54 427
0 18 1.54 428
0 18 1.54 429
0 18 1.53 430
0 18 1.53 431
0 18 1.53 432
0 18 1.53 433
0 18 1.53 434
0 18 1.53 435
0 18 1.53 436
0 18 1.53 437
0 18 1.53 438
0 18 1.53 439
0 18 1.52 440
0 18 1.52 441
0 18 1.52 442
0 18 1.52 443
0 18 1.52 444
0 18 1.52 445
0 18 1.52 446
0 18 1.53 447
0 18 1.53 448
0 18 1.53 449
0 18 1.53 450
0 18 1.53 451
0 18 1.52 452
0 18 1.52 453
0 18 1.52 454
0 18 1.53 455
0 18 1.53 456
0 18 1.53 457
0 18 1.52 458
0 18 1.52 459
0 18 1.52 460
0 18 1.52 461
0 18 1.52 462
0 18 1.52 463
0 18 1.52 464
0 18 1.52 465
0 18 1.52 466
0 18 1.52 467
0 18 1.52 468
0 18 1.52 469
0 18 1.52 470
0 18 1.52 471
0 18 1.52 472
0 18 1.52 473
0 18 1.52 474
0 18 1.52 475
0 18 1.52 476
0 18 1.52 477
0 18 1.52 478
0 18 1.52 479
0 18 1.52 480
0 18 1.52 481
0 18 1.52 482
0 18 1.52 483
0 18 1.52 484
0 18 1.52 485
0 18 1.52 486
0 18 1.52 487
0 18 1.52 488
0 18 1.52 489
0 18 1.52 490
0 18 1.52 491
0 18 1.52 492
0 18 1.52 493
0 18 1.52 494
0 18 1.52 495
0 18 1.52 496
0 18 1.52 497
0 18 1.52 498
0 18 1.52 499
0 18 1.52 500
0 18 1.52 501
0 18 1.52 502
0 18 1.52 503
0 18 1.53 504
0 18 1.52 505
0 18 1.52 506
0 18 1.52 507
0 18 1.53 508
0 18 1.52 509
0 18 1.52 510
0 18 1.52 511
0 18 1.52 512
0 18 1.52 513
0 18 1.52 514
0 18 1.52 515
0 18 1.52 516
0 18 1.52 517
0 18 1.52 518
0 18 1.52 519
0 18 1.52 520
0 18 1.52 521
0 18 1.52 522
0 18 1.52 523
0 18 1.52 524
0 18 1.52 525
0 18 1.52 526
0 18 1.51 527
0 18 1.52 528
0 18 1.52 529
0 18 1.52 530
0 18 1.52 531
0 18 1.52 532
0 18 1.52 533
0 18 1.51 534
0 18 1.51 535
0 18 1.51 536
0 18 1.51 537
0 18 1.51 538
0 18 1.52 539
0 18 1.51 540
0 18 1.51 541
0 18 1.51 542
0 18 1.52 543
0 18 1.51 544
0 18 1.51 545
0 18 1.51 546
0 18 1.51 547
0 18 1.51 548
0 18 1.51 549
0 18 1.51 550
0 18 1.51 551
0 18 1.51 552
0 18 1.51 553
0 18 1.52 554
0 18 1.52 555
0 18 1.52 556
0 18 1.52 557
0 18 1.52 558
0 18 1.52 559
0 18 1.52 560
0 18 1.52 561
0 18 1.51 562
0 18 1.52 563
0 18 1.52 564
0 18 1.52 565
0 18 1.52 566
0 18 1.52 567
0 18 1.52 568
0 18 1.52 569
0 18 1.52 570
0 18 1.52 571
0 18 1.52 572
0 18 1.52 573
0 18 1.52 574
0 18 1.52 575
0 18 1.52 576
0 18 1.52 577
0 18 1.52 578
0 18 1.52 579
0 18 1.52 580
0 18 1.52 581
0 18 1.52 582
0 18 1.52 583
0 18 1.53 584
0 18 1.52 585
0 18 1.53 586
0 18 1.52 587
0 18 1.53 588
0 18 1.53 589
0 18 1.53 590
0 18 1.53 591
0 18 1.53 592
0 18 1.53 593
0 18 1.53 594
0 18 1.53 595
0 18 1.53 596
0 18 1.53 597
0 