3 3 3.00 1
2 3 2.50 2
2 3 2.33 3
2 3 2.50 4
2 3 2.40 5
2 3 2.50 6
1 3 2.29 7
1 3 2.38 8
1 3 2.33 9
1 3 2.30 10
1 3 2.18 11
1 3 2.17 12
1 5 2.38 13
1 5 2.36 14
1 5 2.33 15
1 5 2.31 16
1 5 2.29 17
1 5 2.28 18
1 5 2.26 19
1 5 2.20 20
1 5 2.24 21
1 5 2.23 22
1 5 2.22 23
1 5 2.21 24
1 5 2.20 25
1 5 2.19 26
1 5 2.22 27
1 5 2.25 28
1 5 2.28 29
1 5 2.27 30
1 5 2.29 31
1 5 2.28 32
1 5 2.27 33
1 5 2.26 34
1 5 2.29 35
1 5 2.28 36
1 5 2.27 37
1 5 2.26 38
1 5 2.28 39
1 5 2.27 40
1 5 2.27 41
1 5 2.26 42
1 5 2.26 43
1 5 2.25 44
1 5 2.27 45
1 5 2.26 46
1 5 2.26 47
1 5 2.25 48
1 5 2.24 49
1 5 2.24 50
1 5 2.25 51
1 5 2.25 52
1 5 2.23 53
1 5 2.22 54
1 5 2.22 55
1 5 2.23 56
1 5 2.23 57
1 5 2.22 58
1 5 2.20 59
1 5 2.22 60
1 5 2.21 61
0 5 2.18 62
0 5 2.16 63
0 5 2.20 64
0 5 2.18 65
0 5 2.18 66
0 5 2.16 67
0 5 2.18 68
0 5 2.17 69
0 5 2.17 70
0 5 2.17 71
0 5 2.15 72
0 5 2.15 73
0 5 2.14 74
0 5 2.13 75
0 5 2.12 76
0 5 2.10 77
0 5 2.10 78
0 5 2.11 79
0 5 2.11 80
0 5 2.11 81
0 5 2.11 82
0 5 2.10 83
0 5 2.10 84
0 5 2.08 85
0 5 2.08 86
0 5 2.08 87
0 5 2.08 88
0 5 2.08 89
0 5 2.07 90
0 5 2.07 91
0 5 2.07 92
0 5 2.08 93
0 5 2.07 94
0 5 2.08 95
0 5 2.08 96
0 5 2.08 97
0 5 2.08 98
0 5 2.08 99
0 5 2.08 100
0 5 2.08 101
0 5 2.08 102
0 5 2.09 103
0 5 2.09 104
0 5 2.10 105
0 5 2.09 106
0 5 2.09 107
0 5 2.09 108
0 5 2.10 109
0 5 2.10 110
0 5 2.13 111
0 5 2.12 112
0 5 2.12 113
0 5 2.12 114
0 5 2.11 115
0 5 2.11 116
0 5 2.11 117
0 5 2.11 118
0 5 2.12 119
0 5 2.12 120
0 5 2.12 121
0 5 2.13 122
0 5 2.13 123
0 5 2.13 124
0 5 2.13 125
0 5 2.13 126
0 5 2.13 127
0 5 2.13 128
0 5 2.14 129
0 5 2.15 130
0 5 2.15 131
0 5 2.14 132
0 5 2.14 133
0 5 2.13 134
0 5 2.12 135
0 5 2.12 136
0 5 2.11 137
0 5 2.11 138
0 5 2.12 139
0 5 2.11 140
0 5 2.11 141
0 5 2.11 142
0 5 2.12 143
0 5 2.14 144
0 5 2.14 145
0 5 2.15 146
0 5 2.15 147
0 5 2.16 148
0 5 2.17 149
0 5 2.17 150
0 5 2.18 151
0 5 2.17 152
0 5 2.17 153
0 5 2.17 154
0 5 2.17 155
0 5 2.17 156
0 5 2.17 157
0 5 2.15 158
0 5 2.16 159
0 5 2.16 160
0 5 2.16 161
0 5 2.15 162
0 5 2.15 163
0 5 2.15 164
0 5 2.15 165
0 5 2.15 166
0 5 2.16 167
0 5 2.15 168
0 5 2.15 169
0 5 2.16 170
0 5 2.16 171
0 5 2.15 172
0 5 2.16 173
0 5 2.16 174
0 5 2.16 175
0 5 2.16 176
0 5 2.16 177
0 5 2.16 178
0 5 2.16 179
0 5 2.17 180
0 5 2.17 181
0 5 2.16 182
0 5 2.16 183
0 5 2.16 184
0 5 2.16 185
0 5 2.17 186
0 5 2.17 187
0 5 2.16 188
0 5 2.16 189
0 5 2.16 190
0 5 2.16 191
0 5 2.16 192
0 5 2.16 193
0 5 2.16 194
0 5 2.15 195
0 5 2.16 196
0 5 2.15 197
0 5 2.15 198
0 5 2.15 199
0 5 2.15 200
0 5 2.15 201
0 5 2.15 202
0 5 2.15 203
0 5 2.16 204
0 5 2.15 205
0 5 2.14 206
0 5 2.14 207
0 5 2.13 208
0 5 2.13 209
0 5 2.13 210
0 5 2.13 211
0 5 2.13 212
0 5 2.13 213
0 5 2.13 214
0 5 2.13 215
0 5 2.14 216
0 5 2.14 217
0 5 2.14 218
0 5 2.14 219
0 5 2.14 220
0 5 2.14 221
0 5 2.14 222
0 5 2.15 223
0 5 2.14 224
0 5 2.15 225
0 5 2.15 226
0 5 2.15 227
0 5 2.15 228
0 5 2.14 229
0 5 2.15 230
0 5 2.15 231
0 5 2.14 232
0 5 2.14 233
0 5 2.14 234
0 5 2.13 235
0 5 2.13 236
0 5 2.13 237
0 5 2.13 238
0 5 2.13 239
0 5 2.13 240
0 5 2.13 241
0 5 2.13 242
0 5 2.13 243
0 5 2.13 244
0 5 2.13 245
0 5 2.13 246
0 5 2.13 247
0 5 2.12 248
0 5 2.12 249
0 5 2.12 250
0 5 2.12 251
0 5 2.12 252
0 5 2.12 253
0 5 2.12 254
0 5 2.12 255
0 5 2.12 256
0 5 2.12 257
0 5 2.12 258
0 5 2.12 259
0 5 2.12 260
0 5 2.12 261
0 5 2.12 262
0 5 2.12 263
0 5 2.13 264
0 5 2.13 265
0 5 2.13 266
0 5 2.13 267
0 5 2.13 268
0 5 2.13 269
0 5 2.13 270
0 5 2.13 271
0 5 2.14 272
0 5 2.14 273
0 5 2.14 274
0 5 2.14 275
0 5 2.14 276
0 5 2.14 277
0 5 2.14 278
0 5 2.14 279
0 5 2.14 280
0 5 2.14 281
0 5 2.14 282
0 5 2.14 283
0 5 2.14 284
0 5 2.14 285
0 5 2.14 286
0 5 2.14 287
0 5 2.14 288
0 5 2.13 289
0 5 2.13 290
0 5 2.13 291
0 5 2.13 292
0 5 2.13 293
0 5 2.13 294
0 5 2.14 295
0 5 2.14 296
0 5 2.13 297
0 5 2.13 298
0 5 2.14 299
0 5 2.14 300
0 5 2.14 301
0 5 2.14 302
0 5 2.14 303
0 5 2.13 304
0 5 2.14 305
0 5 2.14 306
0 5 2.14 307
0 5 2.13 308
0 5 2.13 309
0 5 2.13 310
0 5 2.13 311
0 5 2.13 312
0 5 2.12 313
0 5 2.12 314
0 5 2.12 315
0 5 2.12 316
0 5 2.13 317
0 5 2.13 318
0 5 2.13 319
0 5 2.12 320
0 5 2.13 321
0 5 2.12 322
0 5 2.13 323
0 5 2.13 324
0 5 2.12 325
0 5 2.13 326
0 5 2.13 327
0 5 2.13 328
0 5 2.13 329
0 5 2.13 330
0 5 2.13 331
0 5 2.13 332
0 5 2.13 333
0 5 2.13 334
0 5 2.13 335
0 5 2.13 336
0 5 2.13 337
0 5 2.13 338
0 5 2.13 339
0 5 2.13 340
0 5 2.12 341
0 5 2.12 342
0 5 2.12 343
0 5 2.12 344
0 5 2.12 345
0 5 2.12 346
0 5 2.12 347
0 5 2.13 348
0 5 2.13 349
0 5 2.13 350
0 5 2.13 351
0 5 2.12 352
0 5 2.12 353
0 5 2.13 354
0 5 2.13 355
0 5 2.13 356
0 5 2.13 357
0 5 2.13 358
0 5 2.13 359
0 5 2.14 360
0 5 2.14 361
0 5 2.14 362
0 5 2.13 363
0 5 2.14 364
0 5 2.13 365
0 5 2.14 366
0 5 2.14 367
0 5 2.14 368
0 5 2.14 369
0 5 2.14 370
0 5 2.14 371
0 5 2.14 372
0 5 2.14 373
0 5 2.14 374
0 5 2.14 375
0 5 2.14 376
0 5 2.14 377
0 5 2.13 378
0 5 2.13 379
0 5 2.13 380
0 5 2.13 381
0 5 2.13 382
0 5 2.14 383
0 5 2.14 384
0 5 2.14 385
0 5 2.13 386
0 5 2.14 387
0 5 2.13 388
0 5 2.13 389
0 5 2.13 390
0 5 2.14 391
0 5 2.14 392
0 5 2.13 393
0 5 2.13 394
0 5 2.13 395
0 5 2.13 396
0 5 2.13 397
0 5 2.14 398
0 5 2.14 399
0 5 2.13 400
0 5 2.14 401
0 5 2.14 402
0 5 2.14 403
0 5 2.14 404
0 5 2.14 405
0 5 2.14 406
0 5 2.14 407
0 5 2.14 408
0 5 2.15 409
0 5 2.15 410
0 5 2.15 411
0 5 2.15 412
0 5 2.15 413
0 5 2.14 414
0 5 2.15 415
0 5 2.15 416
0 5 2.15 417
0 5 2.15 418
0 5 2.15 419
0 5 2.15 420
0 5 2.14 421
0 5 2.14 422
0 5 2.14 423
0 5 2.14 424
0 5 2.14 425
0 5 2.14 426
0 5 2.14 427
0 5 2.14 428
0 5 2.14 429
0 5 2.14 430
0 5 2.14 431
0 5 2.14 432
0 5 2.14 433
0 5 2.14 434
0 5 2.14 435
0 5 2.14 436
0 5 2.13 437
0 5 2.13 438
0 5 2.13 439
0 5 2.13 440
0 5 2.13 441
0 5 2.13 442
0 5 2.13 443
0 5 2.13 444
0 5 2.13 445
0 5 2.13 446
0 5 2.13 447
0 5 2.13 448
0 5 2.13 449
0 5 2.13 450
0 5 2.13 451
0 5 2.13 452
0 5 2.13 453
0 5 2.13 454
0 5 2.13 455
0 5 2.13 456
0 5 2.14 457
0 5 2.14 458
0 5 2.14 459
0 5 2.13 460
0 5 2.13 461
0 5 2.13 462
0 5 2.13 463
0 5 2.14 464
0 5 2.14 465
0 5 2.14 466
0 5 2.14 467
0 5 2.14 468
0 5 2.13 469
0 5 2.13 470
0 5 2.13 471
0 5 2.14 472
0 5 2.14 473
0 5 2.13 474
0 5 2.13 475
0 5 2.13 476
0 5 2.13 477
0 5 2.13 478
0 5 2.13 479
0 5 2.13 480
0 5 2.13 481
0 5 2.13 482
0 5 2.13 483
0 5 2.13 484
0 5 2.13 485
0 5 2.13 486
0 5 2.13 487
0 5 2.13 488
0 5 2.13 489
0 5 2.13 490
0 5 2.13 491
0 5 2.13 492
0 5 2.13 493
0 5 2.13 494
0 5 2.13 495
0 5 2.13 496
0 5 2.13 497
0 5 2.13 498
0 5 2.13 499
0 5 2.13 500
0 5 2.13 501
0 5 2.13 502
0 5 2.13 503
0 5 2.12 504
0 5 2.13 505
0 5 2.13 506
0 5 2.13 507
0 5 2.13 508
0 5 2.13 509
0 5 2.13 510
0 5 2.13 511
0 5 2.13 512
0 5 2.13 513
0 5 2.13 514
0 5 2.13 515
0 5 2.13 516
0 5 2.13 517
0 5 2.13 518
0 5 2.13 519
0 5 2.13 520
0 5 2.13 521
0 5 2.13 522
0 5 2.13 523
0 5 2.13 524
0 5 2.13 525
0 5 2.13 526
0 5 2.13 527
0 5 2.12 528
0 5 2.12 529
0 5 2.12 530
0 5 2.12 531
0 5 2.12 532
0 5 2.13 533
0 5 2.13 534
0 5 2.13 535
0 5 2.13 536
0 5 2.13 537
0 5 2.13 538
0 5 2.13 539
0 5 2.13 540
0 5 2.13 541
0 6 2.13 542
0 6 2.13 543
0 6 2.13 544
0 6 2.13 545
0 6 2.14 546
0 6 2.14 547
0 6 2.14 548
0 6 2.13 549
0 6 2.13 550
0 6 2.14 551
0 6 2.13 552
0 6 2.13 553
0 6 2.13 554
0 6 2.13 555
0 6 2.13 556
0 6 2.13 557
0 6 2.13 558
0 6 2.13 559
0 6 2.13 560
0 6 2.13 561
0 6 2.13 562
0 6 2.13 563
0 6 2.13 564
0 6 2.13 565
0 6 2.13 566
0 6 2.13 567
0 6 2.13 568
0 6 2.13 569
0 6 2.13 570
0 6 2.13 571
0 6 2.13 572
0 6 2.13 573
0 6 2.13 574
0 6 2.13 575
0 6 2.13 576
0 6 2.13 577
0 6 2.13 578
0 6 2.13 579
0 6 2.13 580
0 6 2.13 581
0 6 2.13 582
0 6 2.13 583
0 6 2.13 584
0 6 2.13 585
0 6 2.13 586
0 6 2.13 587
0 6 2.13 588
0 6 2.13 589
0 6 2.13 590
0 6 2.13 591
0 6 2.13 592
0 6 2.13 593
0 6 2.13 594
0 6 2.13 595
0 6 2.14 596
0 6 2.14 597
0 6 2.14 598
0 6 2.14 599
0 6 2.14 600
0 6 2.14 601
0 6 2.14 602
0 6 2.14 603
0 6 2.14 604
0 6 2.14 605
0 6 2.14 606
0 6 2.14 607
0 6 2.14 608
0 6 2.14 609
0 6 2.14 610
0 6 2.14 611
0 6 2.14 612
0 6 2.14 613
0 6 2.14 614
0 6 2.14 615
0 6 2.14 616
0 6 2.14 617
0 6 2.14 618
0 6 2.14 619
0 6 2.14 620
0 6 2.14 621
0 6 2.14 622
0 6 2.14 623
0 6 2.14 624
0 6 2.14 625
0 6 2.14 626
0 6 2.14 627
0 6 2.14 628
0 6 2.14 629
0 6 2.14 630
0 6 2.14 631
0 6 2.14 632
0 6 2.14 633
0 6 2.14 634
0 6 2.15 635
0 6 2.15 636
0 6 2.15 637
0 6 2.15 638
0 6 2.