3 3 3.00 1
1 3 2.00 2
1 3 1.67 3
1 3 1.75 4
1 3 1.60 5
1 3 1.50 6
1 3 1.57 7
1 3 1.62 8
1 3 1.67 9
1 3 1.60 10
1 3 1.73 11
1 3 1.75 12
1 4 1.92 13
1 4 1.93 14
1 4 1.93 15
1 4 1.88 16
1 4 1.82 17
1 4 1.78 18
1 4 1.74 19
1 4 1.70 20
1 4 1.67 21
1 4 1.68 22
1 4 1.70 23
1 4 1.71 24
1 4 1.72 25
1 4 1.73 26
1 4 1.74 27
1 4 1.75 28
1 4 1.76 29
1 4 1.73 30
1 4 1.71 31
1 4 1.72 32
1 4 1.73 33
1 4 1.74 34
1 4 1.74 35
1 4 1.72 36
1 4 1.73 37
1 4 1.74 38
1 4 1.72 39
1 4 1.73 40
1 4 1.73 41
1 4 1.71 42
1 4 1.72 43
1 4 1.70 44
1 4 1.69 45
1 4 1.70 46
1 4 1.68 47
1 4 1.69 48
1 4 1.69 49
1 4 1.70 50
1 4 1.73 51
1 4 1.73 52
1 4 1.72 53
1 4 1.72 54
1 4 1.73 55
1 4 1.73 56
1 4 1.74 57
1 4 1.72 58
1 4 1.73 59
1 4 1.73 60
1 4 1.74 61
1 4 1.74 62
1 4 1.75 63
1 4 1.77 64
1 4 1.77 65
1 4 1.76 66
1 4 1.76 67
1 4 1.76 68
1 4 1.77 69
1 4 1.77 70
1 4 1.77 71
1 4 1.76 72
1 4 1.78 73
1 4 1.78 74
1 4 1.79 75
1 4 1.79 76
1 4 1.78 77
1 4 1.78 78
1 4 1.77 79
1 4 1.77 80
1 4 1.77 81
1 4 1.76 82
1 4 1.76 83
1 4 1.76 84
1 4 1.76 85
1 4 1.76 86
1 4 1.76 87
1 4 1.76 88
1 4 1.76 89
1 4 1.76 90
1 4 1.76 91
1 4 1.75 92
1 4 1.75 93
1 4 1.74 94
1 4 1.75 95
1 4 1.74 96
1 4 1.74 97
1 4 1.73 98
1 4 1.74 99
1 4 1.75 100
1 4 1.75 101
0 4 1.74 102
0 4 1.74 103
0 4 1.74 104
0 4 1.74 105
0 4 1.75 106
0 4 1.75 107
0 4 1.74 108
0 4 1.73 109
0 4 1.74 110
0 4 1.72 111
0 4 1.72 112
0 4 1.73 113
0 4 1.73 114
0 4 1.72 115
0 4 1.72 116
0 4 1.73 117
0 4 1.74 118
0 4 1.73 119
0 4 1.73 120
0 4 1.74 121
0 4 1.75 122
0 4 1.76 123
0 4 1.77 124
0 4 1.76 125
0 4 1.75 126
0 4 1.76 127
0 4 1.77 128
0 4 1.78 129
0 4 1.78 130
0 4 1.79 131
0 4 1.78 132
0 4 1.78 133
0 4 1.78 134
0 4 1.79 135
0 4 1.78 136
0 4 1.78 137
0 4 1.78 138
0 4 1.78 139
0 4 1.77 140
0 4 1.78 141
0 4 1.78 142
0 4 1.78 143
0 4 1.78 144
0 4 1.78 145
0 4 1.78 146
0 4 1.78 147
0 4 1.79 148
0 4 1.79 149
0 4 1.78 150
0 4 1.78 151
0 4 1.78 152
0 4 1.78 153
0 4 1.79 154
0 4 1.79 155
0 4 1.79 156
0 4 1.79 157
0 4 1.79 158
0 4 1.79 159
0 4 1.77 160
0 4 1.78 161
0 4 1.78 162
0 4 1.79 163
0 4 1.78 164
0 4 1.78 165
0 4 1.78 166
0 4 1.78 167
0 4 1.79 168
0 4 1.78 169
0 4 1.78 170
0 4 1.78 171
0 4 1.78 172
0 4 1.78 173
0 4 1.78 174
0 4 1.78 175
0 4 1.78 176
0 4 1.79 177
0 4 1.79 178
0 4 1.79 179
0 4 1.79 180
0 4 1.79 181
0 4 1.79 182
0 4 1.79 183
0 4 1.78 184
0 4 1.78 185
0 4 1.78 186
0 4 1.78 187
0 4 1.78 188
0 4 1.78 189
0 4 1.78 190
0 4 1.77 191
0 4 1.77 192
0 4 1.77 193
0 4 1.77 194
0 4 1.77 195
0 4 1.77 196
0 4 1.77 197
0 4 1.77 198
0 4 1.77 199
0 4 1.76 200
0 4 1.76 201
0 4 1.76 202
0 4 1.76 203
0 4 1.76 204
0 4 1.76 205
0 4 1.76 206
0 4 1.76 207
0 4 1.75 208
0 4 1.76 209
0 4 1.76 210
0 4 1.75 211
0 4 1.75 212
0 4 1.76 213
0 4 1.75 214
0 4 1.75 215
0 4 1.75 216
0 4 1.75 217
0 4 1.75 218
0 4 1.74 219
0 4 1.74 220
0 4 1.74 221
0 4 1.74 222
0 4 1.74 223
0 4 1.74 224
0 4 1.74 225
0 4 1.74 226
0 4 1.74 227
0 4 1.74 228
0 4 1.73 229
0 4 1.73 230
0 4 1.74 231
0 4 1.73 232
0 4 1.73 233
0 4 1.73 234
0 4 1.73 235
0 4 1.73 236
0 4 1.73 237
0 4 1.73 238
0 4 1.73 239
0 4 1.73 240
0 4 1.73 241
0 4 1.73 242
0 4 1.73 243
0 4 1.73 244
0 4 1.73 245
0 4 1.73 246
0 4 1.73 247
0 4 1.73 248
0 4 1.73 249
0 4 1.73 250
0 4 1.73 251
0 4 1.73 252
0 4 1.73 253
0 4 1.73 254
0 4 1.73 255
0 4 1.73 256
0 4 1.73 257
0 4 1.73 258
0 4 1.73 259
0 4 1.73 260
0 4 1.73 261
0 4 1.73 262
0 4 1.73 263
0 4 1.73 264
0 4 1.73 265
0 4 1.73 266
0 4 1.73 267
0 4 1.74 268
0 4 1.73 269
0 4 1.73 270
0 4 1.73 271
0 4 1.73 272
0 4 1.73 273
0 4 1.72 274
0 4 1.72 275
0 4 1.72 276
0 4 1.72 277
0 4 1.72 278
0 4 1.72 279
0 4 1.72 280
0 4 1.72 281
0 4 1.72 282
0 4 1.72 283
0 4 1.71 284
0 4 1.72 285
0 4 1.72 286
0 4 1.71 287
0 4 1.71 288
0 4 1.71 289
0 4 1.71 290
0 4 1.71 291
0 4 1.71 292
0 4 1.71 293
0 4 1.71 294
0 4 1.72 295
0 4 1.72 296
0 4 1.71 297
0 4 1.71 298
0 4 1.71 299
0 4 1.71 300
0 4 1.71 301
0 4 1.72 302
0 4 1.72 303
0 4 1.72 304
0 4 1.72 305
0 4 1.72 306
0 4 1.73 307
0 4 1.73 308
0 4 1.73 309
0 4 1.73 310
0 4 1.72 311
0 4 1.72 312
0 4 1.72 313
0 4 1.72 314
0 4 1.71 315
0 4 1.72 316
0 4 1.71 317
0 4 1.71 318
0 4 1.71 319
0 4 1.71 320
0 4 1.71 321
0 4 1.71 322
0 4 1.71 323
0 4 1.71 324
0 4 1.71 325
0 4 1.71 326
0 4 1.71 327
0 4 1.71 328
0 4 1.71 329
0 4 1.71 330
0 4 1.71 331
0 4 1.71 332
0 4 1.71 333
0 4 1.71 334
0 4 1.71 335
0 4 1.71 336
0 4 1.71 337
0 4 1.71 338
0 4 1.72 339
0 4 1.72 340
0 4 1.72 341
0 4 1.72 342
0 4 1.72 343
0 4 1.72 344
0 4 1.73 345
0 4 1.73 346
0 4 1.73 347
0 4 1.73 348
0 4 1.73 349
0 4 1.73 350
0 4 1.73 351
0 4 1.73 352
0 4 1.73 353
0 4 1.73 354
0 4 1.73 355
0 4 1.73 356
0 4 1.73 357
0 4 1.73 358
0 4 1.73 359
0 4 1.73 360
0 4 1.73 361
0 4 1.72 362
0 4 1.72 363
0 4 1.72 364
0 4 1.72 365
0 4 1.72 366
0 4 1.72 367
0 4 1.72 368
0 4 1.72 369
0 4 1.72 370
0 4 1.73 371
0 4 1.73 372
0 4 1.73 373
0 4 1.73 374
0 4 1.73 375
0 4 1.73 376
0 4 1.72 377
0 4 1.72 378
0 4 1.73 379
0 4 1.72 380
0 4 1.72 381
0 4 1.73 382
0 4 1.72 383
0 4 1.72 384
0 4 1.72 385
0 4 1.73 386
0 4 1.72 387
0 4 1.72 388
0 4 1.72 389
0 4 1.73 390
0 4 1.72 391
0 4 1.72 392
0 4 1.72 393
0 4 1.72 394
0 4 1.72 395
0 4 1.72 396
0 4 1.72 397
0 4 1.72 398
0 4 1.72 399
0 4 1.72 400
0 4 1.72 401
0 4 1.72 402
0 4 1.72 403
0 4 1.72 404
0 4 1.72 405
0 4 1.72 406
0 4 1.72 407
0 4 1.72 408
0 4 1.72 409
0 4 1.72 410
0 4 1.72 411
0 4 1.72 412
0 4 1.72 413
0 4 1.72 414
0 4 1.73 415
0 4 1.72 416
0 4 1.72 417
0 4 1.72 418
0 4 1.72 419
0 4 1.72 420
0 4 1.72 421
0 4 1.73 422
0 4 1.72 423
0 4 1.72 424
0 4 1.72 425
0 4 1.72 426
0 4 1.72 427
0 4 1.72 428
0 4 1.72 429
0 4 1.72 430
0 4 1.72 431
0 4 1.72 432
0 4 1.72 433
0 4 1.72 434
0 4 1.72 435
0 4 1.72 436
0 4 1.72 437
0 4 1.72 438
0 4 1.72 439
0 4 1.72 440
0 4 1.71 441
0 4 1.71 442
0 4 1.72 443
0 4 1.72 444
0 4 1.72 445
0 4 1.72 446
0 4 1.72 447
0 4 1.72 448
0 4 1.72 449
0 4 1.72 450
0 4 1.72 451
0 4 1.72 452
0 4 1.72 453
0 4 1.72 454
0 4 1.72 455
0 4 1.72 456
0 4 1.72 457
0 4 1.72 458
0 4 1.72 459
0 4 1.72 460
0 4 1.72 461
0 4 1.72 462
0 4 1.72 463
0 4 1.72 464
0 4 1.72 465
0 4 1.72 466
0 4 1.72 467
0 4 1.72 468
0 4 1.72 469
0 4 1.72 470
0 4 1.72 471
0 4 1.72 472
0 4 1.72 473
0 4 1.72 474
0 4 1.72 475
0 4 1.72 476
0 4 1.73 477
0 4 1.73 478
0 4 1.73 479
0 4 1.73 480
0 4 1.73 481
0 4 1.73 482
0 4 1.73 483
0 4 1.73 484
0 4 1.73 485
0 4 1.73 486
0 4 1.73 487
0 4 1.73 488
0 4 1.73 489
0 4 1.73 490
0 4 1.73 491
0 4 1.73 492
0 4 1.73 493
0 4 1.73 494
0 4 1.73 495
0 4 1.73 496
0 4 1.73 497
0 4 1.73 498
0 4 1.73 499
0 4 1.73 500
0 4 1.73 501
0 4 1.73 502
0 4 1.73 503
0 4 1.72 504
0 4 1.73 505
0 4 1.73 506
0 4 1.73 507
0 4 1.72 508
0 4 1.72 509
0 4 1.72 510
0 4 1.72 511
0 4 1.72 512
0 4 1.72 513
0 4 1.72 514
0 4 1.72 515
0 4 1.72 516
0 4 1.72 517
0 4 1.72 518
0 4 1.72 519
0 4 1.72 520
0 4 1.72 521
0 4 1.72 522
0 4 1.72 523
0 4 1.72 524
0 4 1.72 525
0 4 1.72 526
0 4 1.72 527
0 4 1.72 528
0 4 1.72 529
0 13 1.75 530
0 13 1.75 531
0 13 1.75 532
0 13 1.74 533
0 13 1.75 534
0 13 1.75 535
0 13 1.75 536
0 13 1.75 537
0 13 1.75 538
0 13 1.75 539
0 13 1.75 540
0 13 1.75 541
0 13 1.75 542
0 13 1.75 543
0 13 1.75 544
0 13 1.75 545
0 13 1.75 546
0 13 1.75 547
0 13 1.75 548
0 13 1.75 549
0 13 1.75 550
0 13 1.75 551
0 13 1.75 552
0 13 1.75 553
0 13 1.75 554
0 13 1.75 555
0 13 1.75 556
0 13 1.75 557
0 13 1.75 558
0 13 1.75 559
0 13 1.75 560
0 13 1.75 561
0 13 1.75 562
0 13 1.75 563
0 13 1.75 564
0 13 1.75 565
0 13 1.75 566
0 13 1.75 567
0 13 1.75 568
0 13 1.75 569
0 13 1.75 570
0 13 1.75 571
0 13 1.75 572
0 13 1.75 573
0 13 1.75 574
0 13 1.75 575
0 13 1.75 576
0 13 1.75 577
0 13 1.74 578
0 13 1.74 579
0 13 1.74 580
0 13 1.74 581
0 13 1.75 582
0 13 1.75 583
0 13 1.75 584
0 13 1.75 585
0 13 1.75 586
0 13 1.75 587
0 13 1.75 588
0 13 1.75 589
0 13 1.75 590
0 13 1.75 591
0 13 1.75 592
0 13 1.75 593
0 13 1.75 594
0 13 1.75 595
0 13 1.75 596
0 13 1.75 597
0 13 1.75 598
0 13 1.75 599
0 13 1.75 600
0 13 1.75 601
0 13 1.75 602
0 13 1.75 603
0 13 1.75 604
0 13 1.74 605
0 13 1.74 606
0 13 1.74 607
0 13 1.74 608
0 13 1.74 609
0 13 1.74 610
0 13 1.74 611
0 13 1.74 612
0 13 1.74 613
0 13 1.74 614
0 13 1.74 615
0 13 1.74 616
0 13 1.74 617
0 13 1.74 618
0 13 1.74 619
0 13 1.74 620
0 13 1.74 621
0 13 1.74 622
0 13 1.74 623
0 13 1.74 624
0 13 1.74 625
0 13 1.74 626
0 13 1.74 627
0 13 1.74 628
0 13 1.74 629
0 13 1.74 630
0 13 1.74