5 5 5.00 1
2 5 3.50 2
2 5 3.00 3
2 5 2.75 4
2 5 2.60 5
2 5 2.50 6
2 5 2.43 7
2 5 2.38 8
2 5 2.33 9
2 5 2.50 10
2 5 2.45 11
2 5 2.42 12
1 5 2.31 13
1 5 2.29 14
1 5 2.20 15
1 5 2.19 16
1 5 2.12 17
1 5 2.06 18
1 5 2.05 19
1 5 2.00 20
1 5 2.05 21
1 5 2.09 22
1 5 2.09 23
1 5 2.08 24
1 5 2.04 25
1 5 2.00 26
1 5 2.00 27
1 5 2.04 28
1 5 2.03 29
1 5 2.03 30
1 5 2.03 31
1 5 2.00 32
1 5 2.00 33
1 5 2.00 34
1 5 2.00 35
1 5 2.00 36
1 5 2.00 37
1 5 2.00 38
1 5 2.00 39
1 5 1.98 40
1 5 1.95 41
1 5 1.95 42
1 5 1.95 43
1 5 1.95 44
1 5 1.93 45
1 5 1.96 46
1 5 1.96 47
1 5 1.94 48
1 5 1.94 49
1 5 1.92 50
1 5 1.94 51
1 5 1.94 52
1 5 1.94 53
1 5 1.94 54
1 5 1.93 55
1 5 1.91 56
1 5 1.91 57
1 5 1.91 58
1 5 1.93 59
1 5 1.93 60
1 5 1.95 61
1 5 1.95 62
1 5 1.95 63
1 5 1.95 64
1 5 1.95 65
1 5 1.95 66
1 5 1.94 67
1 5 1.94 68
1 5 1.94 69
1 5 1.94 70
1 5 1.97 71
1 5 1.99 72
1 5 2.00 73
1 5 2.00 74
1 5 1.99 75
1 5 1.99 76
1 5 1.99 77
1 5 2.00 78
1 5 2.00 79
1 5 1.99 80
1 5 1.99 81
1 5 1.98 82
1 6 2.02 83
0 6 2.00 84
0 6 1.99 85
0 6 1.99 86
0 6 1.98 87
0 6 1.97 88
0 6 1.97 89
0 6 1.97 90
0 6 1.97 91
0 6 1.97 92
0 6 1.97 93
0 6 1.97 94
0 6 1.97 95
0 6 1.97 96
0 6 1.97 97
0 6 1.97 98
0 6 1.97 99
0 6 1.97 100
0 6 1.96 101
0 6 1.96 102
0 6 1.96 103
0 6 1.95 104
0 6 1.95 105
0 6 1.95 106
0 6 1.95 107
0 6 1.95 108
0 6 1.95 109
0 6 1.95 110
0 6 1.95 111
0 6 1.95 112
0 6 1.95 113
0 6 1.95 114
0 6 1.95 115
0 6 1.96 116
0 6 1.96 117
0 6 1.96 118
0 6 1.95 119
0 6 1.95 120
0 6 1.95 121
0 6 1.95 122
0 6 1.95 123
0 6 1.94 124
0 6 1.94 125
0 6 1.95 126
0 6 1.96 127
0 6 1.96 128
0 6 1.96 129
0 6 1.97 130
0 6 1.97 131
0 6 1.96 132
0 6 1.96 133
0 6 1.96 134
0 6 1.96 135
0 6 1.96 136
0 6 1.96 137
0 6 1.96 138
0 6 1.94 139
0 6 1.94 140
0 6 1.94 141
0 6 1.93 142
0 6 1.93 143
0 6 1.94 144
0 6 1.94 145
0 6 1.95 146
0 6 1.95 147
0 6 1.94 148
0 6 1.94 149
0 6 1.93 150
0 6 1.93 151
0 6 1.93 152
0 6 1.94 153
0 6 1.94 154
0 6 1.94 155
0 6 1.94 156
0 6 1.95 157
0 6 1.95 158
0 6 1.95 159
0 6 1.96 160
0 6 1.96 161
0 6 1.96 162
0 6 1.95 163
0 6 1.96 164
0 6 1.96 165
0 6 1.96 166
0 6 1.96 167
0 6 1.95 168
0 6 1.96 169
0 6 1.96 170
0 6 1.96 171
0 6 1.96 172
0 6 1.95 173
0 6 1.96 174
0 6 1.95 175
0 6 1.97 176
0 6 1.97 177
0 6 1.96 178
0 6 1.97 179
0 6 1.97 180
0 6 1.97 181
0 6 1.97 182
0 6 1.97 183
0 6 1.97 184
0 6 1.97 185
0 6 1.97 186
0 6 1.96 187
0 6 1.96 188
0 6 1.96 189
0 6 1.96 190
0 6 1.96 191
0 6 1.96 192
0 6 1.98 193
0 6 1.98 194
0 6 1.97 195
0 6 1.97 196
0 6 1.97 197
0 6 1.97 198
0 6 1.97 199
0 6 1.98 200
0 6 1.98 201
0 6 1.98 202
0 6 1.99 203
0 6 2.00 204
0 6 2.00 205
0 6 2.00 206
0 6 2.00 207
0 6 2.00 208
0 6 2.00 209
0 6 2.00 210
0 6 2.00 211
0 6 2.00 212
0 6 2.00 213
0 6 2.00 214
0 6 2.00 215
0 6 2.00 216
0 6 2.00 217
0 6 2.00 218
0 6 2.00 219
0 6 2.00 220
0 6 2.00 221
0 16 2.07 222
0 16 2.07 223
0 16 2.06 224
0 16 2.06 225
0 16 2.06 226
0 16 2.06 227
0 16 2.05 228
0 16 2.05 229
0 16 2.05 230
0 16 2.05 231
0 16 2.05 232
0 16 2.05 233
0 16 2.05 234
0 16 2.05 235
0 16 2.05 236
0 16 2.05 237
0 16 2.05 238
0 16 2.05 239
0 16 2.05 240
0 16 2.05 241
0 16 2.06 242
0 16 2.06 243
0 16 2.06 244
0 16 2.06 245
0 16 2.05 246
0 16 2.05 247
0 16 2.05 248
0 16 2.06 249
0 16 2.06 250
0 16 2.06 251
0 16 2.06 252
0 16 2.06 253
0 16 2.07 254
0 16 2.06 255
0 16 2.06 256
0 16 2.06 257
0 16 2.06 258
0 16 2.06 259
0 16 2.06 260
0 16 2.06 261
0 16 2.06 262
0 16 2.06 263
0 16 2.06 264
0 16 2.06 265
0 16 2.06 266
0 16 2.06 267
0 16 2.06 268
0 16 2.06 269
0 16 2.06 270
0 16 2.05 271
0 16 2.05 272
0 16 2.05 273
0 16 2.05 274
0 16 2.05 275
0 16 2.05 276
0 16 2.05 277
0 16 2.05 278
0 16 2.05 279
0 16 2.05 280
0 16 2.05 281
0 16 2.05 282
0 16 2.05 283
0 16 2.05 284
0 16 2.06 285
0 16 2.06 286
0 16 2.06 287
0 16 2.06 288
0 16 2.06 289
0 16 2.06 290
0 16 2.07 291
0 16 2.07 292
0 16 2.07 293
0 16 2.06 294
0 16 2.06 295
0 16 2.06 296
0 16 2.07 297
0 16 2.06 298
0 16 2.06 299
0 16 2.06 300
0 16 2.06 301
0 16 2.06 302
0 16 2.06 303
0 16 2.06 304
0 16 2.05 305
0 16 2.05 306
0 16 2.05 307
0 16 2.04 308
0 16 2.04 309
0 16 2.04 310
0 16 2.04 311
0 16 2.04 312
0 16 2.04 313
0 16 2.03 314
0 16 2.03 315
0 16 2.03 316
0 16 2.03 317
0 16 2.03 318
0 16 2.03 319
0 16 2.03 320
0 16 2.03 321
0 16 2.03 322
0 16 2.02 323
0 16 2.02 324
0 16 2.02 325
0 16 2.02 326
0 16 2.02 327
0 16 2.02 328
0 16 2.02 329
0 16 2.02 330
0 16 2.02 331
0 16 2.01 332
0 16 2.01 333
0 16 2.02 334
0 16 2.02 335
0 16 2.02 336
0 16 2.02 337
0 16 2.02 338
0 16 2.02 339
0 16 2.02 340
0 16 2.02 341
0 16 2.03 342
0 16 2.03 343
0 16 2.03 344
0 16 2.03 345
0 16 2.03 346
0 16 2.03 347
0 16 2.02 348
0 16 2.02 349
0 16 2.02 350
0 16 2.02 351
0 16 2.02 352
0 16 2.02 353
0 16 2.02 354
0 16 2.02 355
0 16 2.02 356
0 16 2.02 357
0 16 2.02 358
0 16 2.02 359
0 16 2.02 360
0 16 2.02 361
0 16 2.01 362
0 16 2.01 363
0 16 2.01 364
0 16 2.01 365
0 16 2.01 366
0 16 2.01 367
0 16 2.01 368
0 16 2.01 369
0 16 2.01 370
0 16 2.01 371
0 16 2.02 372
0 16 2.02 373
0 16 2.02 374
0 16 2.02 375
0 16 2.02 376
0 16 2.02 377
0 16 2.02 378
0 16 2.01 379
0 16 2.02 380
0 16 2.02 381
0 16 2.02 382
0 16 2.02 383
0 16 2.02 384
0 16 2.02 385
0 16 2.02 386
0 16 2.02 387
0 16 2.02 388
0 16 2.02 389
0 16 2.01 390
0 16 2.01 391
0 16 2.01 392
0 16 2.02 393
0 16 2.02 394
0 16 2.02 395
0 16 2.02 396
0 16 2.02 397
0 16 2.02 398
0 16 2.02 399
0 16 2.02 400
0 16 2.02 401
0 16 2.02 402
0 16 2.02 403
0 16 2.02 404
0 16 2.02 405
0 16 2.02 406
0 16 2.02 407
0 16 2.02 408
0 16 2.01 409
0 16 2.01 410
0 16 2.01 411
0 16 2.01 412
0 16 2.01 413
0 16 2.01 414
0 16 2.01 415
0 16 2.01 416
0 16 2.01 417
0 16 2.01 418
0 16 2.01 419
0 16 2.01 420
0 16 2.01 421
0 16 2.01 422
0 16 2.01 423
0 16 2.00 424
0 16 2.00 425
0 16 2.00 426
0 16 2.00 427
0 16 2.00 428
0 16 2.00 429
0 16 2.00 430
0 16 2.00 431
0 16 2.00 432
0 16 2.00 433
0 16 2.00 434
0 16 2.00 435
0 16 2.00 436
0 16 2.00 437
0 16 2.00 438
0 16 2.00 439
0 16 2.00 440
0 16 2.00 441
0 16 2.00 442
0 16 2.00 443
0 16 1.99 444
0 16 1.99 445
0 16 1.99 446
0 16 2.00 447
0 16 2.00 448
0 16 2.00 449
0 16 2.00 450
0 16 2.00 451
0 16 2.00 452
0 16 1.99 453
0 16 1.99 454
0 16 1.99 455
0 16 1.99 456
0 16 1.99 457
0 16 1.99 458
0 16 1.99 459
0 16 1.99 460
0 16 1.99 461
0 16 1.99 462
0 16 1.99 463
0 16 1.99 464
0 16 1.99 465
0 16 1.99 466
0 16 1.99 467
0 16 1.99 468
0 16 1.99 469
0 16 1.99 470
0 16 1.99 471
0 16 1.99 472
0 16 1.99 473
0 16 1.99 474
0 16 1.99 475
0 16 1.99 476
0 16 1.99 477
0 16 1.99 478
0 16 1.99 479
0 16 1.99 480
0 16 1.99 481
0 16 1.99 482
0 16 1.99 483
0 16 1.99 484
0 16 1.99 485
0 16 1.98 486
0 16 1.98 487
0 16 1.98 488
0 16 1.98 489
0 16 1.98 490
0 16 1.98 491
0 16 1.98 492
0 16 1.98 493
0 16 1.98 494
0 16 1.98 495
0 16 1.98 496
0 16 1.98 497
0 16 1.98 498
0 16 1.98 499
0 16 1.98 500
0 16 1.98 501
0 16 1.98 502
0 16 1.98 503
0 16 1.98 504
0 16 1.98 505
0 16 1.98 506
0 16 1.98 507
0 16 1.98 508
0 16 1.98 509
0 16 1.98 510
0 16 1.97 511
0 16 1.97 512
0 16 1.97 513
0 16 1.97 514
0 16 1.97 515
0 16 1.97 516
0 16 1.97 517
0 16 1.97 518
0 16 1.97 519
0 16 1.97 520
0 16 1.97 521
0 16 1.97 522
0 16 1.97 523
0 16 1.97 524
0 16 1.97 525
0 16 1.97 526
0 16 1.97 527
0 16 1.97 528
0 16 1.97 529
0 16 1.97 530
0 16 1.97 531
0 16 1.97 532
0 16 1.97 533
0 16 1.97 534
0 16 1.97 535
0 16 1.97 536
0 16 1.97 537
0 16 1.97 538
0 16 1.97 539
0 16 1.97 540
0 16 1.97 541
0 16 1.97 542
0 16 1.97 543
0 16 1.97 544
0 16 1.97 545
0 16 1.97 546
0 16 1.97 547
0 16 1.97 548
0 16 1.97 549
0 16 1.97 550
0 16 1.97 551
0 16 1.97 552
0 16 1.97 553
0 16 1.97 554
0 16 1.97 555
0 16 1.97 556
0 16 1.97 557
0 16 1.97 558
0 16 1.97 559
0 16 1.97 560
0 16 1.97 561
0 16 1.97 562
0 16 1.96 563
0 16 1.97 564
0 16 1.97 565
0 16 1.96 566
0 16 1.96 567
0 16 1.96 568
0 16 1.96 569
0 16 1.96 570
0 16 1.96 571
0 16 1.96 572
0 16 1.96 573
0 16 1.96 574
0 16 1.96 575
0 16 1.96 576
0 16 1.96 577
0 16 1.96 578
0 16 1.96 579
0 16 1.96 580
0 16 1.96 581
0 16 1.96 582
0 16 1.96 583
0 16 1.96 584
0 16 1.96 585
0 16 1.96 586
0 16 1.96 587
0 16 1.96 588
0 16 1.95 589
0 16 1.96 590
0 16 1.96 591
0 16 1.95 592
0 16 1.95 593
0 16 1.95 594
0 16 1.95 595
0 16 1.95 596
0 16 1.95 597
0 16 1.95 598
0 16 1.95 599
0 16 1.95 600
0 16 1.95 601
0 16 1.95 602
0 16 1.95 603
0 16 1.95 604
0 16 1.95 605
0 16 1.95 606
0 16 1.95 607
0 16 1.95 608
0 16 1.95