1 1 1.00 1
1 1 1.00 2
0 1 0.67 3
0 1 0.50 4
0 2 0.80 5
0 2 0.83 6
0 2 0.86 7
0 2 0.88 8
0 2 0.89 9
0 2 0.90 10
0 2 0.91 11
0 2 0.92 12
0 2 0.92 13
0 2 0.93 14
0 2 1.00 15
0 2 1.00 16
0 2 1.00 17
0 2 1.06 18
0 2 1.05 19
0 2 1.05 20
0 2 1.05 21
0 2 1.00 22
0 2 1.00 23
0 2 1.00 24
0 2 1.00 25
0 2 1.00 26
0 2 1.00 27
0 2 1.00 28
0 2 1.03 29
0 2 1.07 30
0 2 1.03 31
0 2 1.06 32
0 2 1.06 33
0 2 1.06 34
0 2 1.06 35
0 2 1.08 36
0 2 1.05 37
0 2 1.03 38
0 4 1.10 39
0 4 1.10 40
0 4 1.12 41
0 4 1.14 42
0 4 1.16 43
0 4 1.18 44
0 4 1.16 45
0 4 1.15 46
0 4 1.19 47
0 4 1.17 48
0 4 1.16 49
0 4 1.16 50
0 4 1.16 51
0 4 1.17 52
0 4 1.17 53
0 4 1.17 54
0 4 1.16 55
0 4 1.18 56
0 4 1.18 57
0 4 1.19 58
0 4 1.19 59
0 4 1.20 60
0 4 1.23 61
0 4 1.23 62
0 4 1.22 63
0 4 1.23 64
0 4 1.23 65
0 4 1.23 66
0 4 1.21 67
0 4 1.21 68
0 4 1.22 69
0 4 1.21 70
0 4 1.21 71
0 4 1.19 72
0 4 1.22 73
0 4 1.22 74
0 4 1.23 75
0 4 1.21 76
0 4 1.21 77
0 4 1.21 78
0 4 1.22 79
0 4 1.23 80
0 4 1.22 81
0 4 1.23 82
0 4 1.23 83
0 4 1.24 84
0 4 1.22 85
0 4 1.22 86
0 4 1.22 87
0 4 1.20 88
0 4 1.20 89
0 4 1.19 90
0 4 1.18 91
0 4 1.18 92
0 4 1.18 93
0 4 1.17 94
0 4 1.17 95
0 4 1.17 96
0 4 1.16 97
0 4 1.16 98
0 4 1.16 99
0 4 1.16 100
0 4 1.17 101
0 4 1.18 102
0 4 1.17 103
0 4 1.16 104
0 4 1.15 105
0 4 1.15 106
0 4 1.15 107
0 4 1.16 108
0 4 1.16 109
0 4 1.15 110
0 4 1.16 111
0 4 1.16 112
0 4 1.17 113
0 4 1.16 114
0 4 1.17 115
0 4 1.16 116
0 4 1.15 117
0 4 1.14 118
0 4 1.14 119
0 4 1.15 120
0 4 1.14 121
0 4 1.14 122
0 4 1.15 123
0 4 1.15 124
0 4 1.15 125
0 4 1.14 126
0 4 1.14 127
0 4 1.14 128
0 4 1.14 129
0 4 1.14 130
0 4 1.14 131
0 4 1.14 132
0 4 1.14 133
0 4 1.14 134
0 4 1.14 135
0 4 1.14 136
0 4 1.13 137
0 4 1.14 138
0 4 1.15 139
0 4 1.15 140
0 4 1.15 141
0 4 1.15 142
0 4 1.15 143
0 4 1.15 144
0 4 1.14 145
0 4 1.14 146
0 4 1.15 147
0 4 1.16 148
0 4 1.16 149
0 4 1.16 150
0 4 1.16 151
0 4 1.16 152
0 4 1.16 153
0 4 1.16 154
0 4 1.17 155
0 4 1.17 156
0 4 1.18 157
0 4 1.18 158
0 4 1.18 159
0 4 1.18 160
0 4 1.17 161
0 4 1.18 162
0 4 1.18 163
0 4 1.18 164
0 4 1.18 165
0 4 1.19 166
0 4 1.19 167
0 4 1.18 168
0 4 1.18 169
0 4 1.17 170
0 4 1.16 171
0 4 1.16 172
0 4 1.16 173
0 4 1.16 174
0 4 1.16 175
0 4 1.16 176
0 4 1.17 177
0 4 1.17 178
0 4 1.17 179
0 4 1.18 180
0 4 1.18 181
0 4 1.18 182
0 4 1.17 183
0 4 1.18 184
0 4 1.18 185
0 4 1.18 186
0 4 1.19 187
0 4 1.19 188
0 4 1.19 189
0 4 1.19 190
0 4 1.19 191
0 4 1.19 192
0 4 1.19 193
0 4 1.20 194
0 4 1.20 195
0 4 1.20 196
0 4 1.20 197
0 4 1.20 198
0 4 1.21 199
0 4 1.20 200
0 4 1.20 201
0 4 1.20 202
0 4 1.20 203
0 4 1.20 204
0 4 1.21 205
0 4 1.21 206
0 4 1.21 207
0 4 1.21 208
0 4 1.21 209
0 4 1.21 210
0 4 1.21 211
0 4 1.21 212
0 4 1.21 213
0 4 1.21 214
0 4 1.21 215
0 4 1.21 216
0 4 1.21 217
0 4 1.21 218
0 4 1.21 219
0 4 1.21 220
0 4 1.20 221
0 4 1.21 222
0 4 1.21 223
0 4 1.21 224
0 4 1.21 225
0 4 1.21 226
0 4 1.22 227
0 4 1.21 228
0 4 1.21 229
0 4 1.21 230
0 4 1.21 231
0 4 1.21 232
0 4 1.21 233
0 4 1.21 234
0 4 1.21 235
0 4 1.21 236
0 4 1.21 237
0 4 1.21 238
0 4 1.21 239
0 4 1.21 240
0 4 1.21 241
0 4 1.22 242
0 4 1.23 243
0 4 1.23 244
0 4 1.22 245
0 4 1.22 246
0 4 1.22 247
0 4 1.22 248
0 4 1.22 249
0 4 1.22 250
0 4 1.22 251
0 4 1.22 252
0 4 1.22 253
0 4 1.22 254
0 4 1.22 255
0 4 1.22 256
0 4 1.22 257
0 4 1.22 258
0 4 1.22 259
0 4 1.22 260
0 4 1.21 261
0 4 1.22 262
0 4 1.22 263
0 4 1.22 264
0 4 1.22 265
0 4 1.21 266
0 4 1.21 267
0 4 1.21 268
0 4 1.22 269
0 4 1.21 270
0 4 1.22 271
0 4 1.22 272
0 4 1.22 273
0 4 1.23 274
0 4 1.23 275
0 4 1.22 276
0 4 1.22 277
0 4 1.22 278
0 4 1.22 279
0 4 1.22 280
0 4 1.22 281
0 4 1.22 282
0 4 1.22 283
0 4 1.21 284
0 4 1.21 285
0 4 1.22 286
0 4 1.22 287
0 4 1.22 288
0 4 1.22 289
0 4 1.22 290
0 4 1.22 291
0 4 1.22 292
0 4 1.22 293
0 4 1.22 294
0 4 1.22 295
0 4 1.22 296
0 4 1.22 297
0 4 1.22 298
0 4 1.22 299
0 4 1.22 300
0 4 1.22 301
0 4 1.22 302
0 4 1.22 303
0 4 1.21 304
0 4 1.21 305
0 4 1.21 306
0 4 1.21 307
0 4 1.21 308
0 4 1.21 309
0 4 1.21 310
0 4 1.21 311
0 4 1.21 312
0 4 1.21 313
0 4 1.21 314
0 4 1.22 315
0 4 1.22 316
0 4 1.21 317
0 4 1.22 318
0 4 1.22 319
0 4 1.22 320
0 4 1.21 321
0 4 1.21 322
0 4 1.22 323
0 4 1.22 324
0 4 1.22 325
0 4 1.22 326
0 4 1.22 327
0 4 1.22 328
0 4 1.21 329
0 4 1.22 330
0 4 1.21 331
0 4 1.21 332
0 4 1.21 333
0 4 1.22 334
0 4 1.21 335
0 4 1.21 336
0 4 1.21 337
0 4 1.21 338
0 4 1.21 339
0 4 1.21 340
0 4 1.21 341
0 4 1.21 342
0 4 1.21 343
0 4 1.21 344
0 4 1.21 345
0 4 1.21 346
0 4 1.21 347
0 4 1.22 348
0 4 1.21 349
0 4 1.21 350
0 4 1.21 351
0 4 1.21 352
0 4 1.21 353
0 4 1.21 354
0 4 1.21 355
0 4 1.21 356
0 4 1.21 357
0 4 1.21 358
0 4 1.21 359
0 4 1.21 360
0 4 1.20 361
0 4 1.20 362
0 4 1.20 363
0 4 1.20 364
0 4 1.20 365
0 4 1.20 366
0 4 1.20 367
0 4 1.20 368
0 4 1.20 369
0 4 1.21 370
0 4 1.20 371
0 4 1.21 372
0 4 1.21 373
0 4 1.21 374
0 4 1.21 375
0 4 1.21 376
0 4 1.21 377
0 4 1.21 378
0 4 1.21 379
0 4 1.21 380
0 4 1.20 381
0 4 1.21 382
0 4 1.21 383
0 4 1.21 384
0 4 1.21 385
0 4 1.21 386
0 4 1.21 387
0 4 1.21 388
0 4 1.21 389
0 4 1.21 390
0 4 1.21 391
0 4 1.21 392
0 4 1.21 393
0 4 1.21 394
0 4 1.21 395
0 4 1.21 396
0 4 1.21 397
0 4 1.21 398
0 4 1.21 399
0 4 1.21 400
0 4 1.21 401
0 4 1.21 402
0 4 1.21 403
0 4 1.21 404
0 4 1.21 405
0 4 1.21 406
0 4 1.21 407
0 4 1.21 408
0 4 1.21 409
0 4 1.21 410
0 4 1.21 411
0 4 1.21 412
0 4 1.21 413
0 4 1.21 414
0 4 1.21 415
0 4 1.21 416
0 4 1.21 417
0 4 1.21 418
0 4 1.21 419
0 4 1.21 420
0 4 1.21 421
0 4 1.21 422
0 4 1.21 423
0 4 1.21 424
0 4 1.21 425
0 4 1.22 426
0 4 1.21 427
0 4 1.21 428
0 4 1.21 429
0 4 1.21 430
0 4 1.21 431
0 4 1.21 432
0 4 1.21 433
0 4 1.21 434
0 4 1.21 435
0 4 1.21 436
0 4 1.21 437
0 4 1.21 438
0 4 1.21 439
0 4 1.21 440
0 4 1.21 441
0 4 1.21 442
0 4 1.21 443
0 4 1.21 444
0 4 1.21 445
0 4 1.21 446
0 4 1.21 447
0 4 1.21 448
0 4 1.20 449
0 4 1.20 450
0 4 1.20 451
0 4 1.20 452
0 4 1.20 453
0 4 1.20 454
0 4 1.20 455
0 4 1.20 456
0 4 1.20 457
0 4 1.20 458
0 4 1.20 459
0 4 1.21 460
0 4 1.21 461
0 4 1.21 462
0 4 1.21 463
0 4 1.21 464
0 4 1.21 465
0 4 1.21 466
0 4 1.21 467
0 4 1.21 468
0 4 1.21 469
0 4 1.20 470
0 4 1.20 471
0 4 1.20 472
0 4 1.20 473
0 4 1.20 474
0 4 1.20 475
0 4 1.20 476
0 4 1.21 477
0 4 1.20 478
0 4 1.20 479
0 4 1.20 480
0 4 1.20 481
0 4 1.20 482
0 4 1.20 483
0 4 1.20 484
0 4 1.20 485
0 4 1.21 486
0 4 1.21 487
0 4 1.21 488
0 4 1.20 489
0 4 1.20 490
0 4 1.20 491
0 4 1.20 492
0 4 1.20 493
0 4 1.21 494
0 4 1.21 495
0 4 1.21 496
0 4 1.21 497
0 4 1.21 498
0 4 1.20 499
0 4 1.20 500
0 4 1.20 501
0 4 1.21 502
0 4 1.21 503
0 4 1.21 504
0 4 1.21 505
0 4 1.21 506
0 4 1.21 507
0 4 1.21 508
0 4 1.21 509
0 4 1.21 510
0 4 1.21 511
0 4 1.21 512
0 4 1.21 513
0 4 1.21 514
0 4 1.21 515
0 4 1.21 516
0 4 1.21 517
0 4 1.21 518
0 4 1.21 519
0 4 1.21 520
0 4 1.21 521
0 4 1.21 522
0 4 1.21 523
0 4 1.21 524
0 4 1.21 525
0 4 1.21 526
0 4 1.21 527
0 4 1.21 528
0 4 1.21 529
0 4 1.21 530
0 4 1.21 531
0 4 1.21 532
0 4 1.21 533
0 4 1.21 534
0 4 1.21 535
0 4 1.21 536
0 4 1.21 537
0 4 1.20 538
0 4 1.21 539
0 4 1.21 540
0 4 1.21 541
0 4 1.21 542
0 4 1.21 543
0 4 1.21 544
0 4 1.21 545
0 4 1.21 546
0 4 1.21 547
0 4 1.21 548
0 4 1.21 549
0 4 1.21 550
0 4 1.21 551
0 4 1.21 552
0 4 1.21 553
0 4 1.21 554
0 4 1.21 555
0 4 1.21 556
0 4 1.20 557
0 4 1.20 558
0 4 1.21 559
0 4 1.21 560
0 4 1.21 561
0 4 1.21 562
0 4 1.21 563
0 4 1.21 564
0 4 1.21 565
0 4 1.21 566
0 4 1.21 567
0 4 1.21 568
0 4 1.21 569
0 4 1.21 570
0 4 1.21 571
0 4 1.21 572
0 4 1.21 573
0 4 1.21 574
0 4 1.21 575
0 4 1.21 576
0 4 1.21 577
0 4 1.21 578
0 4 1.21 579
0 4 1.21 580
0 4 1.21 581
0 4 1.21 582
0 4 1.21 583
0 4 1.21 584
0 4 1.21 585
0 4 1.21 586
0 4 1.21 587
0 4 1.21 588
0 4 1.21 589
0 4 1.21 590
0 4 1.21 591
0 4 1.21 592
0 4 1.21 593
0 4 1.21 594
0 4 1.22 595
0 4 1.21 596
0 4 1.22 597
0 4 1.22 598
0 4 1.22 599
0 4 1.22 600
0 4 1.22 601
0 4 1.22 602
0 4 1.22 603
0 4 1.22 604
0 4 1.22 605
0 4 1.22 606
0 4 1.22 607
0 4 1.22 608
0 4 1.22 609
0 4 1.22 610
0 4 1.22 611
0 4 1.22 612
0 4 1.22 613
0 4 1.22 614
0 4 1.22 615
0 4 1.22 616
0 4 1.22 617
0 4 1.22 618
0 4 1.22 619
0 4 1.22 620
0 4 1.22 621
0 4 1.22 622
0 4 1.22 623
0 4 1.22 624
0 4 1.22 625
0 4 1.22 626
0 4 1.22 627
0 4 1.22 628
0 4 1.22 629
0 4 1.22 630
0 4 1.22 631
0 4 1.23 632
0 4 1.23 633
0 4 1.23 634
0 4 1.23 635
0 4 1.23 636
0 4 1.23 637
0 4 1.23 638
0 4 1.