1 1 1.00 1
1 1 1.00 2
1 1 1.00 3
1 1 1.00 4
1 1 1.00 5
0 1 0.83 6
0 1 0.86 7
0 1 0.75 8
0 1 0.78 9
0 1 0.80 10
0 1 0.82 11
0 1 0.83 12
0 2 0.92 13
0 2 0.86 14
0 2 0.87 15
0 2 0.88 16
0 2 0.82 17
0 2 0.78 18
0 2 0.84 19
0 2 0.80 20
0 2 0.81 21
0 2 0.82 22
0 2 0.83 23
0 2 0.83 24
0 2 0.88 25
0 2 0.88 26
0 2 0.89 27
0 2 0.89 28
0 2 0.90 29
0 2 0.90 30
0 2 0.87 31
0 2 0.91 32
0 2 0.91 33
0 2 0.91 34
0 2 0.91 35
0 2 0.89 36
0 2 0.92 37
0 2 0.89 38
0 2 0.90 39
0 2 0.90 40
0 2 0.90 41
0 2 0.90 42
0 2 0.91 43
0 3 0.95 44
0 3 0.93 45
0 3 0.96 46
0 3 0.96 47
0 3 0.94 48
0 3 0.92 49
0 3 0.90 50
0 3 0.90 51
0 3 0.90 52
0 3 0.91 53
0 3 0.91 54
0 3 0.91 55
0 3 0.91 56
0 3 0.93 57
0 3 0.93 58
0 3 0.93 59
0 3 0.93 60
0 3 0.93 61
0 3 0.92 62
0 3 0.92 63
0 3 0.92 64
0 3 0.91 65
0 3 0.89 66
0 3 0.90 67
0 3 0.91 68
0 3 0.91 69
0 3 0.90 70
0 3 0.89 71
0 3 0.89 72
0 3 0.89 73
0 3 0.88 74
0 3 0.88 75
0 3 0.88 76
0 3 0.88 77
0 3 0.88 78
0 3 0.90 79
0 3 0.91 80
0 3 0.91 81
0 3 0.91 82
0 3 0.92 83
0 3 0.92 84
0 3 0.92 85
0 3 0.92 86
0 3 0.92 87
0 3 0.91 88
0 3 0.91 89
0 3 0.91 90
0 3 0.90 91
0 3 0.91 92
0 3 0.90 93
0 3 0.90 94
0 3 0.91 95
0 3 0.91 96
0 3 0.91 97
0 3 0.91 98
0 3 0.91 99
0 3 0.91 100
0 3 0.91 101
0 3 0.91 102
0 3 0.91 103
0 3 0.91 104
0 3 0.91 105
0 3 0.92 106
0 3 0.92 107
0 3 0.92 108
0 3 0.92 109
0 3 0.92 110
0 3 0.93 111
0 3 0.93 112
0 3 0.93 113
0 3 0.94 114
0 3 0.94 115
0 3 0.93 116
0 3 0.93 117
0 3 0.93 118
0 3 0.93 119
0 3 0.93 120
0 3 0.93 121
0 3 0.93 122
0 3 0.93 123
0 3 0.94 124
0 3 0.93 125
0 3 0.93 126
0 3 0.93 127
0 3 0.93 128
0 3 0.94 129
0 3 0.94 130
0 3 0.94 131
0 3 0.93 132
0 3 0.94 133
0 3 0.93 134
0 3 0.93 135
0 3 0.93 136
0 3 0.93 137
0 3 0.93 138
0 3 0.93 139
0 3 0.93 140
0 3 0.93 141
0 3 0.93 142
0 3 0.94 143
0 3 0.94 144
0 3 0.93 145
0 3 0.93 146
0 3 0.94 147
0 3 0.94 148
0 3 0.95 149
0 3 0.95 150
0 3 0.95 151
0 3 0.94 152
0 3 0.94 153
0 3 0.94 154
0 3 0.94 155
0 3 0.95 156
0 3 0.95 157
0 3 0.95 158
0 3 0.95 159
0 3 0.95 160
0 3 0.95 161
0 3 0.94 162
0 3 0.95 163
0 3 0.96 164
0 3 0.96 165
0 3 0.96 166
0 3 0.96 167
0 3 0.96 168
0 3 0.96 169
0 3 0.96 170
0 3 0.96 171
0 3 0.97 172
0 3 0.97 173
0 3 0.97 174
0 3 0.97 175
0 3 0.97 176
0 3 0.97 177
0 3 0.97 178
0 3 0.97 179
0 3 0.97 180
0 3 0.97 181
0 3 0.97 182
0 3 0.97 183
0 3 0.97 184
0 3 0.97 185
0 3 0.97 186
0 3 0.97 187
0 3 0.97 188
0 3 0.97 189
0 3 0.97 190
0 3 0.97 191
0 3 0.97 192
0 3 0.97 193
0 3 0.96 194
0 3 0.97 195
0 3 0.97 196
0 3 0.97 197
0 3 0.97 198
0 3 0.97 199
0 3 0.97 200
0 3 0.97 201
0 3 0.97 202
0 3 0.97 203
0 3 0.97 204
0 3 0.97 205
0 3 0.98 206
0 3 0.98 207
0 3 0.98 208
0 3 0.98 209
0 3 0.98 210
0 3 0.98 211
0 3 0.98 212
0 3 0.98 213
0 3 0.98 214
0 3 0.98 215
0 3 0.98 216
0 3 0.98 217
0 3 0.98 218
0 3 0.97 219
0 3 0.97 220
0 3 0.97 221
0 3 0.97 222
0 3 0.97 223
0 3 0.97 224
0 3 0.97 225
0 3 0.97 226
0 3 0.98 227
0 3 0.98 228
0 3 0.98 229
0 3 0.98 230
0 3 0.98 231
0 3 0.97 232
0 3 0.97 233
0 3 0.97 234
0 3 0.97 235
0 3 0.97 236
0 3 0.97 237
0 3 0.97 238
0 3 0.97 239
0 3 0.96 240
0 3 0.96 241
0 3 0.96 242
0 3 0.96 243
0 3 0.96 244
0 3 0.96 245
0 3 0.96 246
0 3 0.96 247
0 3 0.96 248
0 3 0.96 249
0 3 0.96 250
0 3 0.95 251
0 3 0.95 252
0 3 0.95 253
0 3 0.96 254
0 3 0.96 255
0 3 0.95 256
0 3 0.96 257
0 3 0.95 258
0 3 0.96 259
0 3 0.96 260
0 3 0.97 261
0 3 0.97 262
0 3 0.96 263
0 3 0.96 264
0 3 0.96 265
0 3 0.96 266
0 3 0.96 267
0 3 0.96 268
0 3 0.96 269
0 3 0.96 270
0 3 0.96 271
0 3 0.97 272
0 3 0.97 273
0 3 0.97 274
0 3 0.97 275
0 3 0.97 276
0 3 0.96 277
0 3 0.96 278
0 3 0.96 279
0 3 0.96 280
0 3 0.96 281
0 3 0.96 282
0 3 0.95 283
0 3 0.95 284
0 3 0.95 285
0 3 0.95 286
0 3 0.94 287
0 3 0.94 288
0 3 0.94 289
0 3 0.94 290
0 3 0.94 291
0 3 0.94 292
0 3 0.94 293
0 3 0.94 294
0 3 0.94 295
0 3 0.94 296
0 3 0.94 297
0 3 0.94 298
0 3 0.94 299
0 3 0.94 300
0 3 0.94 301
0 3 0.94 302
0 3 0.94 303
0 3 0.93 304
0 3 0.93 305
0 3 0.93 306
0 3 0.93 307
0 3 0.93 308
0 3 0.93 309
0 3 0.93 310
0 3 0.93 311
0 3 0.93 312
0 3 0.93 313
0 3 0.93 314
0 3 0.93 315
0 3 0.93 316
0 3 0.93 317
0 3 0.93 318
0 3 0.93 319
0 3 0.93 320
0 3 0.93 321
0 3 0.93 322
0 3 0.93 323
0 3 0.93 324
0 3 0.93 325
0 3 0.93 326
0 3 0.93 327
0 3 0.92 328
0 3 0.92 329
0 3 0.92 330
0 3 0.92 331
0 3 0.92 332
0 3 0.92 333
0 3 0.92 334
0 3 0.92 335
0 3 0.92 336
0 3 0.92 337
0 3 0.92 338
0 3 0.92 339
0 3 0.92 340
0 3 0.91 341
0 3 0.92 342
0 3 0.91 343
0 3 0.91 344
0 3 0.91 345
0 3 0.91 346
0 3 0.90 347
0 3 0.90 348
0 3 0.90 349
0 3 0.90 350
0 3 0.90 351
0 3 0.90 352
0 3 0.90 353
0 3 0.90 354
0 3 0.90 355
0 3 0.90 356
0 3 0.89 357
0 3 0.89 358
0 3 0.89 359
0 3 0.89 360
0 3 0.89 361
0 3 0.89 362
0 3 0.89 363
0 3 0.89 364
0 3 0.89 365
0 3 0.89 366
0 3 0.89 367
0 3 0.89 368
0 3 0.89 369
0 3 0.89 370
0 3 0.89 371
0 3 0.89 372
0 3 0.89 373
0 3 0.89 374
0 3 0.89 375
0 3 0.89 376
0 3 0.89 377
0 3 0.89 378
0 3 0.89 379
0 3 0.89 380
0 3 0.90 381
0 3 0.90 382
0 3 0.90 383
0 3 0.90 384
0 3 0.90 385
0 3 0.90 386
0 3 0.90 387
0 3 0.90 388
0 3 0.89 389
0 3 0.89 390
0 3 0.89 391
0 3 0.89 392
0 3 0.90 393
0 3 0.90 394
0 3 0.90 395
0 3 0.90 396
0 3 0.90 397
0 3 0.90 398
0 3 0.90 399
0 3 0.90 400
0 3 0.90 401
0 3 0.90 402
0 3 0.90 403
0 3 0.90 404
0 3 0.90 405
0 3 0.90 406
0 3 0.89 407
0 3 0.89 408
0 3 0.89 409
0 3 0.89 410
0 3 0.89 411
0 3 0.88 412
0 3 0.88 413
0 3 0.88 414
0 3 0.88 415
0 3 0.88 416
0 3 0.88 417
0 3 0.88 418
0 3 0.88 419
0 3 0.88 420
0 3 0.89 421
0 3 0.88 422
0 3 0.88 423
0 3 0.88 424
0 3 0.88 425
0 3 0.88 426
0 3 0.88 427
0 3 0.88 428
0 3 0.88 429
0 3 0.88 430
0 3 0.88 431
0 3 0.88 432
0 3 0.88 433
0 3 0.88 434
0 3 0.89 435
0 3 0.89 436
0 3 0.89 437
0 3 0.88 438
0 3 0.88 439
0 3 0.88 440
0 3 0.88 441
0 3 0.88 442
0 3 0.88 443
0 3 0.88 444
0 3 0.88 445
0 3 0.88 446
0 3 0.88 447
0 3 0.88 448
0 3 0.88 449
0 3 0.88 450
0 3 0.88 451
0 3 0.88 452
0 3 0.89 453
0 3 0.89 454
0 3 0.88 455
0 3 0.88 456
0 3 0.88 457
0 3 0.88 458
0 3 0.88 459
0 3 0.88 460
0 3 0.88 461
0 3 0.88 462
0 3 0.88 463
0 3 0.88 464
0 3 0.88 465
0 3 0.88 466
0 3 0.88 467
0 3 0.88 468
0 3 0.88 469
0 3 0.88 470
0 3 0.89 471
0 3 0.89 472
0 3 0.89 473
0 3 0.89 474
0 3 0.89 475
0 3 0.89 476
0 3 0.89 477
0 3 0.89 478
0 3 0.89 479
0 3 0.89 480
0 3 0.88 481
0 3 0.88 482
0 3 0.88 483
0 3 0.88 484
0 3 0.88 485
0 3 0.88 486
0 3 0.88 487
0 3 0.88 488
0 3 0.89 489
0 3 0.89 490
0 3 0.89 491
0 3 0.89 492
0 3 0.89 493
0 3 0.89 494
0 3 0.88 495
0 3 0.89 496
0 3 0.89 497
0 3 0.88 498
0 3 0.88 499
0 3 0.88 500
0 3 0.88 501
0 3 0.88 502
0 3 0.88 503
0 3 0.88 504
0 3 0.88 505
0 3 0.88 506
0 3 0.88 507
0 3 0.88 508
0 3 0.88 509
0 3 0.88 510
0 3 0.88 511
0 3 0.88 512
0 3 0.88 513
0 3 0.88 514
0 3 0.87 515
0 3 0.87 516
0 3 0.87 517
0 3 0.87 518
0 3 0.87 519
0 3 0.87 520
0 3 0.87 521
0 3 0.87 522
0 3 0.86 523
0 3 0.86 524
0 3 0.86 525
0 3 0.87 526
0 3 0.87 527
0 3 0.87 528
0 3 0.87 529
0 3 0.87 530
0 3 0.86 531
0 3 0.86 532
0 3 0.86 533
0 3 0.86 534
0 3 0.86 535
0 3 0.86 536
0 3 0.86 537
0 3 0.86 538
0 3 0.86 539
0 3 0.86 540
0 3 0.86 541
0 3 0.86 542
0 3 0.86 543
0 3 0.86 544
0 3 0.86 545
0 3 0.86 546
0 3 0.86 547
0 3 0.86 548
0 3 0.86 549
0 3 0.86 550
0 3 0.86 551
0 3 0.86 552
0 3 0.86 553
0 3 0.87 554
0 3 0.87 555
0 3 0.87 556
0 3 0.87 557
0 3 0.87 558
0 3 0.87 559
0 3 0.87 560
0 3 0.87 561
0 3 0.87 562
0 3 0.87 563
0 3 0.87 564
0 3 0.87 565
0 3 0.87 566
0 3 0.87 567
0 3 0.87 568
0 3 0.87 569
0 3 0.87 570
0 3 0.87 571
0 3 0.87 572
0 3 0.87 573
0 3 0.87 574
0 3 0.87 575
0 3 0.87 576
0 3 0.87 577
0 3 0.87 578
0 3 0.88 579
0 3 0.88 580
0 3 0.88 581
0 3 0.88 582
0 3 0.88 583
0 3 0.88 584
0 3 0.88 585
0 3 0.88 586
0 3 0.88 587
0 3 0.88 588
0 3 0.88 589
0 3 0.88 590
0 3 0.88 591
0 3 0.88 592
0 3 0.88 593
0 3 0.88 594
0 3 0.88 595
0 3 0.88 596
0 3 0.88 597
0 3 0.88 598
0 3 0.88 599
0 3 0.88 600
0 3 0.88 601
0 3 0.88 602
0 3 0.88 603
0 3 0.88 604
0 3 0.88 605
0 3 0.88 606
0 3 0.89 607
0 3 0.89 608
0 3 0.89 609
0 3 0.89 610
0 3 0.89 611
0 3 0.89 612
0 3 0.89 613
0 3 0.89 614
0 3 0.89 615
0 3 0.89 616
0 3 0.89 617
0 3 0.89 618
0 3 0.89 619
0 3 0.89 620
0 3 0.89 621
0 3 0.89 622
0 3 0.89 623
0 3 0.89 624
0 3 0.88 625
0 3 0.88 626
0 3 0.89 627
0 3 0.89 628
0 3 0.89 629
0 3 0.88 630
0 3 0.88 631
0 3 0.89 632
0 3 0.89 633
0 3 0.89 634
0 3 0.89 635
0 3 0.89 636
0 3 0.89 637
0 3 0.89 638
0 3 0.