4 4 4.00 1
3 4 3.50 2
2 4 3.00 3
2 4 2.75 4
2 4 2.60 5
1 4 2.33 6
1 4 2.29 7
1 4 2.25 8
1 4 2.22 9
1 4 2.20 10
1 4 2.18 11
1 4 2.17 12
1 4 2.15 13
1 4 2.07 14
1 4 2.00 15
1 4 2.00 16
1 4 2.00 17
1 4 2.06 18
1 4 2.05 19
1 4 2.00 20
1 4 2.05 21
1 4 2.05 22
1 4 2.04 23
1 4 2.04 24
1 4 2.04 25
1 4 2.00 26
1 4 2.00 27
1 4 2.04 28
1 4 2.03 29
1 4 2.03 30
1 4 2.03 31
1 4 2.03 32
1 4 2.03 33
1 4 2.03 34
1 4 2.03 35
1 4 2.03 36
1 4 2.05 37
1 4 2.05 38
1 4 2.08 39
1 4 2.05 40
1 4 2.07 41
1 4 2.07 42
1 4 2.07 43
1 4 2.07 44
1 4 2.09 45
1 4 2.09 46
1 4 2.09 47
1 4 2.08 48
1 4 2.08 49
1 4 2.10 50
1 4 2.10 51
1 4 2.10 52
1 4 2.08 53
1 4 2.06 54
1 4 2.05 55
1 4 2.05 56
1 4 2.04 57
1 4 2.05 58
1 4 2.03 59
1 4 2.02 60
1 4 2.00 61
1 4 2.00 62
1 4 2.00 63
1 4 2.02 64
1 4 2.02 65
1 4 2.02 66
1 4 2.01 67
1 4 2.03 68
1 4 2.03 69
1 4 2.03 70
1 4 2.01 71
1 4 2.01 72
1 4 2.03 73
1 4 2.04 74
1 4 2.04 75
1 4 2.03 76
1 4 2.03 77
1 4 2.03 78
1 4 2.01 79
1 4 2.01 80
1 4 2.00 81
1 4 2.02 82
1 4 2.02 83
1 4 2.02 84
1 4 2.02 85
1 4 2.02 86
1 4 2.02 87
1 4 2.01 88
1 4 2.02 89
1 4 2.03 90
1 4 2.02 91
1 4 2.03 92
1 4 2.03 93
1 4 2.04 94
1 4 2.04 95
1 4 2.04 96
1 4 2.05 97
1 4 2.05 98
1 4 2.05 99
1 4 2.05 100
1 4 2.04 101
1 4 2.04 102
1 4 2.03 103
1 4 2.03 104
1 4 2.03 105
1 4 2.03 106
0 4 2.01 107
0 4 2.01 108
0 4 2.02 109
0 4 2.01 110
0 4 2.01 111
0 4 2.00 112
0 4 2.01 113
0 4 2.01 114
0 4 2.00 115
0 4 2.01 116
0 4 2.00 117
0 4 2.00 118
0 4 2.00 119
0 4 2.00 120
0 4 1.99 121
0 4 1.99 122
0 4 1.99 123
0 4 1.99 124
0 4 1.98 125
0 4 1.98 126
0 4 1.98 127
0 4 1.98 128
0 4 1.97 129
0 4 1.97 130
0 6 2.00 131
0 6 2.00 132
0 6 2.00 133
0 6 1.99 134
0 6 1.99 135
0 6 1.99 136
0 6 1.98 137
0 6 1.99 138
0 6 1.98 139
0 6 1.99 140
0 6 1.99 141
0 6 1.99 142
0 6 1.99 143
0 6 1.99 144
0 6 1.98 145
0 6 1.99 146
0 6 1.99 147
0 6 1.99 148
0 6 1.98 149
0 6 1.99 150
0 6 1.98 151
0 6 1.98 152
0 6 1.98 153
0 6 1.99 154
0 6 1.99 155
0 6 1.99 156
0 6 1.99 157
0 6 2.00 158
0 6 2.00 159
0 6 1.99 160
0 6 1.99 161
0 6 1.99 162
0 6 2.00 163
0 6 2.00 164
0 6 1.99 165
0 6 1.99 166
0 6 1.99 167
0 6 1.99 168
0 6 2.01 169
0 6 2.00 170
0 6 1.99 171
0 6 1.99 172
0 6 1.99 173
0 6 1.99 174
0 6 1.99 175
0 6 1.99 176
0 6 1.98 177
0 6 1.98 178
0 6 1.98 179
0 6 1.98 180
0 6 1.98 181
0 6 1.98 182
0 6 1.98 183
0 6 1.97 184
0 6 1.97 185
0 6 1.97 186
0 6 1.97 187
0 6 1.97 188
0 6 1.97 189
0 6 1.97 190
0 6 1.97 191
0 6 1.97 192
0 6 1.97 193
0 6 1.97 194
0 6 1.97 195
0 6 1.97 196
0 6 1.97 197
0 6 1.97 198
0 6 1.97 199
0 6 1.98 200
0 6 1.97 201
0 6 1.97 202
0 6 1.97 203
0 6 1.97 204
0 6 1.97 205
0 6 1.97 206
0 6 1.97 207
0 6 1.97 208
0 6 1.97 209
0 6 1.96 210
0 6 1.96 211
0 6 1.96 212
0 6 1.96 213
0 6 1.96 214
0 6 1.96 215
0 6 1.96 216
0 6 1.96 217
0 6 1.96 218
0 6 1.96 219
0 6 1.96 220
0 6 1.96 221
0 6 1.96 222
0 6 1.96 223
0 6 1.96 224
0 6 1.96 225
0 6 1.96 226
0 6 1.96 227
0 6 1.96 228
0 6 1.96 229
0 6 1.96 230
0 6 1.96 231
0 6 1.96 232
0 6 1.96 233
0 6 1.96 234
0 6 1.96 235
0 6 1.96 236
0 6 1.96 237
0 6 1.96 238
0 6 1.96 239
0 6 1.96 240
0 6 1.95 241
0 6 1.95 242
0 6 1.95 243
0 6 1.95 244
0 6 1.96 245
0 6 1.96 246
0 6 1.96 247
0 6 1.96 248
0 6 1.95 249
0 6 1.95 250
0 6 1.95 251
0 6 1.95 252
0 6 1.95 253
0 6 1.95 254
0 6 1.95 255
0 6 1.95 256
0 6 1.95 257
0 6 1.95 258
0 6 1.94 259
0 6 1.94 260
0 6 1.94 261
0 6 1.94 262
0 6 1.94 263
0 6 1.94 264
0 6 1.94 265
0 6 1.94 266
0 6 1.93 267
0 6 1.93 268
0 6 1.93 269
0 6 1.93 270
0 6 1.93 271
0 6 1.93 272
0 6 1.93 273
0 9 1.95 274
0 9 1.96 275
0 9 1.96 276
0 9 1.96 277
0 9 1.96 278
0 9 1.96 279
0 9 1.96 280
0 9 1.96 281
0 18 2.02 282
0 18 2.02 283
0 18 2.02 284
0 18 2.03 285
0 18 2.03 286
0 18 2.03 287
0 18 2.03 288
0 18 2.03 289
0 18 2.03 290
0 18 2.03 291
0 18 2.03 292
0 18 2.03 293
0 18 2.03 294
0 18 2.03 295
0 18 2.03 296
0 18 2.03 297
0 18 2.04 298
0 18 2.04 299
0 18 2.04 300
0 18 2.04 301
0 18 2.03 302
0 18 2.03 303
0 18 2.03 304
0 18 2.03 305
0 18 2.04 306
0 18 2.04 307
0 18 2.04 308
0 18 2.04 309
0 18 2.03 310
0 18 2.03 311
0 18 2.03 312
0 18 2.03 313
0 18 2.03 314
0 18 2.03 315
0 18 2.03 316
0 18 2.03 317
0 18 2.03 318
0 18 2.03 319
0 18 2.03 320
0 18 2.03 321
0 18 2.03 322
0 18 2.03 323
0 18 2.04 324
0 18 2.04 325
0 18 2.04 326
0 18 2.04 327
0 18 2.04 328
0 18 2.04 329
0 18 2.04 330
0 18 2.04 331
0 18 2.04 332
0 18 2.04 333
0 18 2.04 334
0 18 2.04 335
0 18 2.04 336
0 18 2.04 337
0 18 2.04 338
0 18 2.04 339
0 18 2.04 340
0 18 2.04 341
0 18 2.04 342
0 18 2.03 343
0 18 2.03 344
0 18 2.03 345
0 18 2.03 346
0 18 2.03 347
0 18 2.03 348
0 18 2.03 349
0 18 2.03 350
0 18 2.03 351
0 18 2.03 352
0 18 2.03 353
0 18 2.03 354
0 18 2.04 355
0 18 2.04 356
0 18 2.03 357
0 18 2.03 358
0 18 2.03 359
0 18 2.03 360
0 18 2.03 361
0 18 2.03 362
0 18 2.03 363
0 18 2.04 364
0 18 2.04 365
0 18 2.04 366
0 18 2.04 367
0 18 2.04 368
0 18 2.05 369
0 18 2.05 370
0 18 2.05 371
0 18 2.05 372
0 18 2.05 373
0 18 2.05 374
0 18 2.04 375
0 18 2.04 376
0 18 2.04 377
0 18 2.04 378
0 18 2.04 379
0 18 2.04 380
0 18 2.04 381
0 18 2.04 382
0 18 2.04 383
0 18 2.04 384
0 18 2.04 385
0 18 2.04 386
0 18 2.04 387
0 18 2.04 388
0 18 2.04 389
0 18 2.04 390
0 18 2.03 391
0 18 2.03 392
0 18 2.03 393
0 18 2.03 394
0 18 2.03 395
0 18 2.03 396
0 18 2.03 397
0 18 2.03 398
0 18 2.03 399
0 18 2.03 400
0 18 2.03 401
0 18 2.03 402
0 18 2.03 403
0 18 2.03 404
0 18 2.03 405
0 18 2.03 406
0 18 2.03 407
0 18 2.03 408
0 18 2.03 409
0 18 2.02 410
0 18 2.03 411
0 18 2.03 412
0 18 2.03 413
0 18 2.03 414
0 18 2.02 415
0 18 2.02 416
0 18 2.02 417
0 18 2.02 418
0 18 2.02 419
0 18 2.02 420
0 18 2.02 421
0 18 2.02 422
0 18 2.02 423
0 18 2.02 424
0 18 2.02 425
0 18 2.02 426
0 18 2.02 427
0 18 2.02 428
0 18 2.02 429
0 18 2.02 430
0 18 2.02 431
0 18 2.02 432
0 18 2.02 433
0 18 2.01 434
0 18 2.02 435
0 18 2.02 436
0 18 2.02 437
0 18 2.02 438
0 18 2.02 439
0 18 2.01 440
0 18 2.01 441
0 18 2.02 442
0 18 2.02 443
0 18 2.02 444
0 18 2.02 445
0 18 2.02 446
0 18 2.02 447
0 18 2.02 448
0 18 2.03 449
0 18 2.03 450
0 18 2.03 451
0 18 2.02 452
0 18 2.02 453
0 18 2.02 454
0 18 2.02 455
0 18 2.02 456
0 18 2.02 457
0 18 2.02 458
0 18 2.03 459
0 18 2.02 460
0 18 2.02 461
0 18 2.02 462
0 18 2.02 463
0 18 2.02 464
0 18 2.02 465
0 18 2.02 466
0 18 2.03 467
0 18 2.03 468
0 18 2.03 469
0 18 2.03 470
0 18 2.03 471
0 18 2.03 472
0 18 2.03 473
0 18 2.02 474
0 18 2.02 475
0 18 2.02 476
0 18 2.02 477
0 18 2.02 478
0 18 2.02 479
0 18 2.03 480
0 18 2.03 481
0 18 2.03 482
0 18 2.03 483
0 18 2.03 484
0 18 2.03 485
0 18 2.03 486
0 18 2.03 487
0 18 2.03 488
0 18 2.03 489
0 18 2.03 490
0 18 2.03 491
0 18 2.03 492
0 18 2.03 493
0 18 2.03 494
0 18 2.03 495
0 18 2.03 496
0 18 2.04 497
0 18 2.03 498
0 18 2.03 499
0 18 2.03 500
0 18 2.03 501
0 18 2.03 502
0 18 2.03 503
0 18 2.03 504
0 18 2.03 505
0 18 2.03 506
0 18 2.04 507
0 18 2.04 508
0 18 2.04 509
0 18 2.04 510
0 18 2.04 511
0 18 2.04 512
0 18 2.05 513
0 18 2.05 514
0 18 2.05 515
0 18 2.05 516
0 18 2.05 517
0 18 2.05 518
0 18 2.05 519
0 18 2.05 520
0 18 2.05 521
0 18 2.06 522
0 18 2.06 523
0 18 2.06 524
0 18 2.06 525
0 18 2.06 526
0 18 2.06 527
0 18 2.06 528
0 18 2.06 529
0 18 2.06 530
0 18 2.06 531
0 18 2.06 532
0 18 2.06 533
0 18 2.06 534
0 18 2.06 535
0 18 2.06 536
0 18 2.06 537
0 18 2.06 538
0 18 2.06 539
0 18 2.06 540
0 18 2.06 541
0 18 2.06 542
0 18 2.06 543
0 18 2.06 544
0 18 2.06 545
0 18 2.06 546
0 18 2.06 547
0 18 2.06 548
0 18 2.06 549
0 18 2.06 550
0 18 2.07 551
0 18 2.06 552
0 18 2.06 553
0 18 2.07 554
0 18 2.07 555
0 18 2.06 556
0 18 2.06 557
0 18 2.07 558
0 18 2.07 559
0 18 2.07 560
0 18 2.06 561
0 18 2.06 562
0 18 2.06 563
0 18 2.06 564
0 18 2.07 565
0 18 2.06 566
0 18 2.06 567
0 18 2.06 568
0 18 2.06 569
0 18 2.06 570
0 18 2.06 571
0 18 2.06 572
0 18 2.06 573
0 18 2.06 574
0 18 2.06 575
0 18 2.06 576
0 18 2.06 577
0 18 2.06 578
0 18 2.06 579
0 18 2.06 580
0 18 2.06 581
0 18 2.06 582
0 18 2.06 583
0 18 2.06 584
0 18 2.06 585
0 18 2.06 586
0 18 2.06 587
0 18 2.06 588
0 18 2.06 589
0 18 2.06 590
0 18 2.06 591
0 18 2.06 592
0 18 2.06 593
0 18 2.06 594
0 18 2.06 595
0 18 2.07 596
0 18 2.07 597
0 18 2.07 598
0 18 2.07 599
0 18 2.07 600
0 18 2.07 601
0 18 2.07 602
0 18 2.07 603
0 18 2.07 604
0 18 2.07 605
0 18 2.07 606
0 18 2.06 607
0 18 2.06 608
0 18 2.07 609
0 18 2.06 610
0 18 2.07 611
0 18 2.06 612
0 18 2.06 613