0 0 0.00 1
0 1 0.50 2
0 1 0.67 3
0 1 0.75 4
0 1 0.60 5
0 1 0.67 6
0 1 0.57 7
0 1 0.62 8
0 1 0.67 9
0 1 0.70 10
0 1 0.64 11
0 2 0.75 12
0 2 0.77 13
0 2 0.79 14
0 2 0.73 15
0 2 0.75 16
0 2 0.76 17
0 2 0.78 18
0 2 0.79 19
0 2 0.80 20
0 2 0.81 21
0 2 0.77 22
0 2 0.78 23
0 2 0.75 24
0 2 0.76 25
0 2 0.77 26
0 2 0.74 27
0 2 0.75 28
0 2 0.76 29
0 2 0.77 30
0 2 0.74 31
0 2 0.72 32
0 2 0.73 33
0 2 0.74 34
0 2 0.77 35
0 2 0.81 36
0 2 0.81 37
0 2 0.82 38
0 2 0.82 39
0 2 0.82 40
0 2 0.83 41
0 2 0.83 42
0 2 0.84 43
0 2 0.84 44
0 2 0.84 45
0 2 0.85 46
0 2 0.83 47
0 2 0.81 48
0 2 0.82 49
0 2 0.82 50
0 2 0.82 51
0 2 0.81 52
0 2 0.79 53
0 2 0.80 54
0 2 0.80 55
0 2 0.79 56
0 2 0.77 57
0 2 0.78 58
0 2 0.78 59
0 2 0.78 60
0 2 0.77 61
0 2 0.76 62
0 2 0.75 63
0 2 0.75 64
0 2 0.74 65
0 2 0.73 66
0 2 0.72 67
0 2 0.72 68
0 2 0.71 69
0 2 0.71 70
0 2 0.72 71
0 2 0.72 72
0 2 0.71 73
0 2 0.72 74
0 2 0.71 75
0 2 0.70 76
0 2 0.70 77
0 2 0.71 78
0 2 0.70 79
0 2 0.70 80
0 2 0.70 81
0 2 0.70 82
0 2 0.69 83
0 2 0.68 84
0 2 0.67 85
0 2 0.66 86
0 2 0.66 87
0 2 0.66 88
0 2 0.66 89
0 2 0.66 90
0 2 0.66 91
0 2 0.65 92
0 2 0.66 93
0 2 0.65 94
0 2 0.65 95
0 2 0.65 96
0 2 0.64 97
0 2 0.64 98
0 2 0.64 99
0 2 0.64 100
0 2 0.64 101
0 2 0.64 102
0 2 0.65 103
0 2 0.65 104
0 2 0.65 105
0 2 0.64 106
0 2 0.65 107
0 2 0.65 108
0 2 0.64 109
0 2 0.65 110
0 2 0.64 111
0 2 0.63 112
0 2 0.63 113
0 2 0.63 114
0 2 0.63 115
0 2 0.63 116
0 2 0.63 117
0 2 0.64 118
0 2 0.64 119
0 2 0.64 120
0 2 0.64 121
0 2 0.65 122
0 2 0.64 123
0 2 0.65 124
0 2 0.64 125
0 2 0.64 126
0 2 0.64 127
0 2 0.63 128
0 2 0.64 129
0 2 0.64 130
0 2 0.63 131
0 2 0.64 132
0 2 0.63 133
0 2 0.63 134
0 2 0.64 135
0 2 0.63 136
0 2 0.63 137
0 2 0.64 138
0 2 0.63 139
0 2 0.63 140
0 2 0.64 141
0 2 0.63 142
0 2 0.63 143
0 2 0.63 144
0 2 0.63 145
0 2 0.63 146
0 2 0.63 147
0 2 0.62 148
0 2 0.63 149
0 2 0.63 150
0 2 0.63 151
0 2 0.63 152
0 2 0.63 153
0 2 0.62 154
0 2 0.62 155
0 2 0.62 156
0 2 0.62 157
0 2 0.61 158
0 2 0.61 159
0 2 0.61 160
0 2 0.61 161
0 2 0.61 162
0 2 0.61 163
0 2 0.61 164
0 2 0.61 165
0 2 0.61 166
0 2 0.61 167
0 2 0.61 168
0 3 0.63 169
0 3 0.63 170
0 3 0.63 171
0 3 0.63 172
0 3 0.62 173
0 3 0.63 174
0 3 0.62 175
0 3 0.62 176
0 3 0.62 177
0 3 0.63 178
0 3 0.63 179
0 3 0.63 180
0 3 0.63 181
0 3 0.64 182
0 3 0.63 183
0 3 0.63 184
0 3 0.63 185
0 3 0.63 186
0 3 0.64 187
0 3 0.63 188
0 3 0.63 189
0 3 0.63 190
0 3 0.63 191
0 3 0.63 192
0 3 0.63 193
0 3 0.63 194
0 3 0.63 195
0 3 0.63 196
0 3 0.63 197
0 3 0.63 198
0 3 0.62 199
0 3 0.62 200
0 3 0.63 201
0 3 0.62 202
0 3 0.63 203
0 3 0.62 204
0 3 0.62 205
0 3 0.63 206
0 3 0.62 207
0 3 0.62 208
0 3 0.63 209
0 3 0.63 210
0 3 0.63 211
0 3 0.63 212
0 3 0.63 213
0 3 0.63 214
0 3 0.63 215
0 3 0.63 216
0 3 0.63 217
0 3 0.63 218
0 3 0.63 219
0 3 0.62 220
0 3 0.62 221
0 3 0.62 222
0 3 0.62 223
0 3 0.62 224
0 3 0.62 225
0 3 0.62 226
0 3 0.62 227
0 3 0.62 228
0 3 0.62 229
0 3 0.62 230
0 3 0.62 231
0 3 0.62 232
0 3 0.62 233
0 3 0.62 234
0 3 0.62 235
0 3 0.62 236
0 3 0.62 237
0 3 0.62 238
0 3 0.62 239
0 3 0.62 240
0 3 0.62 241
0 3 0.62 242
0 3 0.63 243
0 3 0.62 244
0 3 0.62 245
0 3 0.62 246
0 3 0.62 247
0 3 0.62 248
0 3 0.61 249
0 3 0.62 250
0 3 0.61 251
0 3 0.61 252
0 3 0.61 253
0 3 0.61 254
0 3 0.61 255
0 3 0.61 256
0 3 0.61 257
0 3 0.61 258
0 3 0.61 259
0 3 0.61 260
0 3 0.61 261
0 3 0.61 262
0 3 0.61 263
0 3 0.61 264
0 3 0.61 265
0 3 0.61 266
0 3 0.61 267
0 3 0.61 268
0 3 0.61 269
0 3 0.61 270
0 3 0.61 271
0 3 0.61 272
0 3 0.61 273
0 3 0.61 274
0 3 0.61 275
0 3 0.61 276
0 3 0.61 277
0 3 0.60 278
0 3 0.61 279
0 3 0.60 280
0 3 0.60 281
0 3 0.60 282
0 3 0.60 283
0 3 0.60 284
0 3 0.60 285
0 3 0.60 286
0 3 0.60 287
0 3 0.60 288
0 3 0.61 289
0 3 0.61 290
0 3 0.61 291
0 3 0.61 292
0 3 0.60 293
0 3 0.60 294
0 3 0.60 295
0 3 0.60 296
0 3 0.60 297
0 3 0.60 298
0 3 0.60 299
0 3 0.60 300
0 3 0.60 301
0 3 0.60 302
0 3 0.59 303
0 3 0.59 304
0 3 0.59 305
0 3 0.60 306
0 3 0.60 307
0 3 0.60 308
0 3 0.60 309
0 3 0.60 310
0 3 0.60 311
0 3 0.60 312
0 3 0.61 313
0 3 0.61 314
0 3 0.61 315
0 3 0.61 316
0 3 0.61 317
0 3 0.62 318
0 3 0.62 319
0 3 0.62 320
0 3 0.61 321
0 3 0.61 322
0 3 0.61 323
0 3 0.62 324
0 3 0.62 325
0 3 0.62 326
0 3 0.62 327
0 3 0.62 328
0 3 0.62 329
0 3 0.62 330
0 3 0.62 331
0 3 0.61 332
0 3 0.62 333
0 3 0.62 334
0 3 0.62 335
0 3 0.62 336
0 3 0.62 337
0 3 0.62 338
0 3 0.62 339
0 3 0.62 340
0 3 0.62 341
0 3 0.62 342
0 3 0.62 343
0 3 0.62 344
0 3 0.62 345
0 3 0.62 346
0 3 0.62 347
0 3 0.62 348
0 3 0.62 349
0 3 0.62 350
0 3 0.62 351
0 3 0.62 352
0 3 0.62 353
0 3 0.62 354
0 3 0.62 355
0 3 0.62 356
0 3 0.62 357
0 3 0.62 358
0 3 0.63 359
0 3 0.62 360
0 3 0.62 361
0 3 0.62 362
0 3 0.63 363
0 3 0.62 364
0 3 0.62 365
0 3 0.63 366
0 3 0.62 367
0 3 0.62 368
0 3 0.63 369
0 3 0.62 370
0 3 0.63 371
0 3 0.62 372
0 3 0.62 373
0 3 0.62 374
0 3 0.62 375
0 3 0.62 376
0 3 0.63 377
0 3 0.63 378
0 3 0.63 379
0 3 0.63 380
0 3 0.63 381
0 3 0.63 382
0 3 0.62 383
0 3 0.62 384
0 3 0.62 385
0 3 0.62 386
0 3 0.62 387
0 3 0.62 388
0 3 0.62 389
0 3 0.63 390
0 3 0.63 391
0 3 0.63 392
0 3 0.63 393
0 3 0.63 394
0 3 0.63 395
0 3 0.63 396
0 3 0.63 397
0 3 0.63 398
0 3 0.63 399
0 3 0.63 400
0 3 0.63 401
0 3 0.63 402
0 3 0.63 403
0 3 0.63 404
0 3 0.62 405
0 3 0.63 406
0 3 0.62 407
0 3 0.62 408
0 3 0.63 409
0 3 0.62 410
0 3 0.62 411
0 3 0.62 412
0 3 0.62 413
0 3 0.62 414
0 3 0.62 415
0 3 0.62 416
0 3 0.62 417
0 3 0.62 418
0 3 0.62 419
0 3 0.62 420
0 3 0.62 421
0 3 0.62 422
0 3 0.62 423
0 3 0.62 424
0 3 0.61 425
0 3 0.62 426
0 3 0.62 427
0 3 0.62 428
0 3 0.62 429
0 3 0.62 430
0 3 0.61 431
0 3 0.61 432
0 3 0.61 433
0 3 0.61 434
0 3 0.62 435
0 3 0.61 436
0 3 0.62 437
0 3 0.61 438
0 3 0.62 439
0 3 0.61 440
0 21 0.66 441
0 21 0.66 442
0 21 0.66 443
0 21 0.66 444
0 21 0.66 445
0 21 0.66 446
0 21 0.66 447
0 21 0.67 448
0 21 0.66 449
0 21 0.66 450
0 21 0.66 451
0 21 0.66 452
0 21 0.66 453
0 21 0.66 454
0 21 0.66 455
0 21 0.66 456
0 21 0.66 457
0 21 0.66 458
0 21 0.66 459
0 21 0.66 460
0 21 0.66 461
0 21 0.66 462
0 21 0.66 463
0 21 0.66 464
0 21 0.66 465
0 21 0.66 466
0 21 0.66 467
0 21 0.66 468
0 21 0.65 469
0 21 0.66 470
0 21 0.66 471
0 21 0.66 472
0 21 0.66 473
0 21 0.66 474
0 21 0.66 475
0 21 0.66 476
0 21 0.66 477
0 21 0.66 478
0 21 0.66 479
0 21 0.66 480
0 21 0.66 481
0 21 0.66 482
0 21 0.66 483
0 21 0.66 484
0 21 0.66 485
0 21 0.66 486
0 21 0.67 487
0 21 0.67 488
0 21 0.67 489
0 21 0.67 490
0 21 0.67 491
0 21 0.66 492
0 21 0.66 493
0 21 0.66 494
0 21 0.66 495
0 21 0.66 496
0 21 0.66 497
0 21 0.66 498
0 21 0.66 499
0 21 0.66 500
0 21 0.66 501
0 21 0.66 502
0 21 0.66 503
0 21 0.66 504
0 21 0.66 505
0 21 0.66 506
0 21 0.66 507
0 21 0.66 508
0 21 0.66 509
0 21 0.66 510
0 21 0.67 511
0 21 0.67 512
0 21 0.67 513
0 21 0.67 514
0 21 0.67 515
0 21 0.67 516
0 21 0.67 517
0 21 0.67 518
0 21 0.67 519
0 21 0.67 520
0 21 0.67 521
0 21 0.67 522
0 21 0.67 523
0 21 0.67 524
0 21 0.67 525
0 21 0.67 526
0 21 0.67 527
0 21 0.67 528
0 21 0.67 529
0 21 0.67 530
0 21 0.67 531
0 21 0.67 532
0 21 0.67 533
0 21 0.67 534
0 21 0.67 535
0 21 0.67 536
0 21 0.67 537
0 21 0.67 538
0 21 0.67 539
0 21 0.67 540
0 21 0.67 541
0 21 0.67 542
0 21 0.67 543
0 21 0.67 544
0 21 0.67 545
0 21 0.67 546
0 21 0.67 547
0 21 0.67 548
0 21 0.67 549
0 21 0.67 550
0 21 0.67 551
0 21 0.67 552
0 21 0.67 553
0 21 0.67 554
0 21 0.67 555
0 21 0.67 556
0 21 0.67 557
0 21 0.67 558
0 21 0.67 559
0 21 0.68 560
0 21 0.68 561
0 21 0.67 562
0 21 0.67 563
0 21 0.67 564
0 21 0.67 565
0 21 0.67 566
0 21 0.68 567
0 21 0.68 568
0 21 0.68 569
0 21 0.68 570
0 21 0.68 571
0 21 0.68 572
0 21 0.68 573
0 21 0.68 574
0 21 0.67 575
0 21 0.67 576
0 21 0.67 577
0 21 0.67 578
0 21 0.67 579
0 21 0.67 580
0 21 0.67 581
0 21 0.67 582
0 21 0.67 583
0 21 0.67 584
0 21 0.67 585
0 21 0.67 586
0 21 0.67 587
0 21 0.67 588
0 21 0.67 589
0 21 0.67 590
0 21 0.67 591
0 21 0.67 592
0 21 0.67 593
0 21 0.67 594
0 21 0.67 595
0 21 0.67 596
0 21 0.67 597
0 21 0.67 598
0 21 0.67 599
0 21 0.67 600
0 21 0.67 601
0 21 0.67 602
0 21 0.67 603
0 21 0.67 604
0 21 0.67 605
0 21 0.67 606
0 21 0.67 607
0 21 0.67 608
0 21 0.67 609
0 21 0.67 610
0 21 0.67 611
0 21 0.67 612
0 21 0.67 613
0 21 0.67 614
0 21 0.67 615
0 21 0.67 616
0 21 0.67 617
0 21 0.67 618
0 21 0.67 619
0 21 0.67 620
0 21 0.67 621
0 21 0.67 622
0 21 0.67 623
0 21 0.67 624
0 21 0.67 625
0 21 0.67 626
0 21 0.67 627
0 21 0.67 628
0 21 0.66 629
0 21 0.67 630
0 21 0.66 631
0 21 0.66 632
0 21 0.67 633
0 21 0.66 634
0 21 0.66 635
0 21 0.66 636
0 21 0.66 637
0 21 0.66 638
0 21 0.66 639
0 21 0.66 640
0 21 0.66 641
0 21 0.66 642
0 21 0.66 643
0 21 0.66 644
0 21 0.66 645
0 21 0.66 646
0 21 0.66 647
0 21 0.66 648
0 21 0.66 649
0 21 0.66 650
0 21 0.66 651
0 21 0.66 652
0 21 0.66 653
0 21 0.66 654
0 21 0.66 655
0 21 0.66 656
0 21 0.66 657
0 21 0.66 658
0 21 0.66 659
0 21 0.66 660
0 21 0.66 661
0 21 0.66 662
0 21 0.66 663
0 21 0.66 664
0 21 0.66 665
0 21 0.66 666
0 21 0.66 667
0 21 0.66 668
0 21 0.66 669
0 21 0.66 670
0 21 0.66 671
0 21 0.66 672
0 21 0.66 673
0 21 0.65 674
0 21 0.65 675
0 21 0.65 676
0 21 0.65 677
0 21 0.65 678
0 21 0.65 679
0 21 0.65 680
0 21 0.65 681
0 21 0.65 682
0 21 0.65 683
0 21 0.65 684
0 21 0.65 685
0 21 0.65 686
0 21 0.65 687
0 21 0.65 688
0 21 0.65 689
0 21 0.65 690
0 21 0.65 691
0 21 0.65 692
0 21 0.65 693
0 21 0.65 694
0 21 0.65 695
0 21 0.65 696
0 21 0.65 697
0 21 0.65 698
0 21 0.65 699
0 21 0.65 700
0 21 0.65 701
0 21 0.65 702
0 21 0.65 703
0 21 0.65 704
0 21 0.65 705
0 21 0.65 706
0 21 0.65 707
0 21 0.65 708
0 21 0.65 709
0 21 0.65 710
0 21 0.65 711
0 21 0.65 712
0 21 0.65 713
0 21 0.65 714
0 21 0.65 715
0 21 0.65 716
0 21 0.65 717
0 21 0.65 718
0 21 0.65 719
0 21 0.66 720
0 21 0.66 721
0 21 0.66 722
0 21 0.66 723
0 21 0.66 724
0 21 0.66 725
0 21 0.66 726
0 21 0.66 727
0 21 0.66 728
0 21 0.66 729
0 21 0.66 730
0 21 0.66 731
0 21 0.66 732
0 21 0.66 733
0 21 0.66 734
0 21 0.66 735
0 21 0.66 736
0 21 0.66 737
0 21 0.66 738
0 21 0.66 739
0 21 0.66 740
0 21 0.66 741
0 21 0.66 742
0 21 0.66 743
0 21 0.66 744
0 21 0.66 745
0 21 0.66 746
0 21 0.66 747
0 21 0.66 748
0 21 0.66 749
0 21 0.66 750
0 21 0.66 751
0 21 0.66 752
0 21 0.66 753
0 21 0.66 754
0 21 0.66 755
0 21 0.66 756
0 21 0.66 757
0 21 0.66 758
0 21 0.66 759
0 21 0.66 760
0 21 0.66 761
0 21 0.66 762
0 21 0.66 763
0 21 0.66 764
0 21 0.65 765
0 21 0.66 766
0 21 0.65 767
0 21 0.65 768
0 21 0.66 769
0 21 0.65 770
0 21 0.65 771
0 21 0.66 772
0 21 0.66 773
0 21 0.66 774
0 21 0.66 775
0 21 0.66 776
0 21 0.66 777
0 21 0.66 778
0 21 0.66 779
0 21 0.66 780
0 21 0.66 781
0 21 0.66 782
0 21 0.66 783
0 21 0.66 784
0 21 0.66 785
0 21 0.66 786
0 21 0.66 787
0 21 0.66 788
0 21 0.66 789
0 21 0.66 790
0 21 0.66 791
0 21 0.66 792
0 21 0.66 793
0 21 0.66 794
0 21 0.66 795
0 21 0.66 796
0 21 0.66 797
0 21 0.66 798
0 21 0.66 799
0 21 0.66 800
0 21 0.66 801
0 21 0.66 802
0 21 0.66 803
0 21 0.66 804
0 21 0.66 805
0 21 0.66 806
0 21 0.66 807
0 21 0.66 808
0 21 0.66 809
0 21 0.66 810
0 21 0.66 811
0 21 0.66 812
0 21 0.66 813
0 21 0.66 814
0 21 0.66 815
0 21 0.66 816
0 21 0.66 817
0 21 0.66 818
0 21 0.66 819
0 21 0.66 820
0 21 0.66 821
0 21 0.66 822
0 21 0.66 823
0 21 0.66 824
0 21 0.66 825
0 21 0.66 826
0 21 0.66 827
0 21 0.66 828
0 21 0.66 829
0 21 0.66 830
0 21 0.66 831
0 21 0.66 832
0 21 0.66 833
0 21 0.66 834
0 21 0.66 835
0 21 0.66 836
0 21 0.66 837
0 21 0.66 838
0 21 0.66 839
0 21 0.66 840
0 21 0.66 841
0 21 0.66 842
0 21 0.66 843
0 21 0.66 844
0 21 0.66 845
0 21 0.66 846
0 21 0.66 847
0 21 0.66 848
0 21 0.66 849
0 21 0.66 850
0 21 0.66 851
0 21 0.66 852
0 21 0.66 853
0 21 0.66 854
0 21 0.66 855
0 21 0.66 856
0 21 0.66 857
0 21 0.66 858
0 21 0.66 859
0 21 0.66 860
0 21 0.66 861
0 21 0.66 862
0 21 0.66 863
0 21 0.66 864
0 21 0.66 865
0 21 0.66 866
0 21 0.66 867
0 21 0.66 868
0 21 0.66 869
0 21 0.66 870
0 21 0.66 871
0 21 0.66 872
0 21 0.66 873
0 21 0.66 874
0 21 0.66 875
0 21 0.66 876
0 21 0.66 877
0 21 0.66 878
0 21 0.66 879
0 21 0.66 880
0 21 0.66 881
0 21 0.66 882
0 21 0.66 883
0 21 0.66 884
0 21 0.66 885
0 21 0.66 886
0 21 0.66 887
0 21 0.67 888
0 21 0.66 889
0 21 0.66 890
0 21 0.66 891
0 21 0.66 892
0 21 0.67 893
0 21 0.67 894
0 21 0.67 895
0 21 0.67 896
0 21 0.67 897
0 21 0.67 898
0 21 0.67 899
0 21 0.67 900
0 21 0.67 901
0 21 0.67 902
0 21 0.67 903
0 21 0.67 904
0 21 0.67 905
0 21 0.67 906
0 21 0.67 907
0 21 0.67 908
0 21 0.67 909
0 21 0.67 910
0 21 0.67 911
0 21 0.67 912
0 21 0.67 913
0 21 0.67 914
0 21 0.67 915
0 21 0.67 916
0 21 0.67 91