5 5 5.00 1
3 5 4.00 2
2 5 3.33 3
2 5 3.25 4
2 5 3.00 5
2 5 2.83 6
2 5 2.71 7
2 5 2.75 8
2 5 2.89 9
2 5 2.80 10
2 5 2.73 11
1 5 2.58 12
1 5 2.46 13
1 5 2.43 14
1 5 2.40 15
1 5 2.38 16
1 5 2.35 17
1 5 2.28 18
1 5 2.42 19
1 5 2.40 20
1 5 2.43 21
1 5 2.41 22
1 5 2.39 23
1 5 2.38 24
1 5 2.32 25
1 5 2.27 26
1 5 2.30 27
1 5 2.32 28
1 5 2.31 29
1 5 2.40 30
1 5 2.42 31
1 5 2.41 32
1 5 2.42 33
1 5 2.41 34
1 5 2.43 35
1 5 2.50 36
1 5 2.49 37
1 5 2.47 38
1 5 2.46 39
1 5 2.48 40
1 5 2.46 41
1 5 2.48 42
1 5 2.47 43
1 5 2.45 44
1 5 2.44 45
1 5 2.43 46
1 5 2.43 47
1 5 2.40 48
1 5 2.39 49
1 5 2.40 50
1 5 2.41 51
1 5 2.40 52
1 5 2.40 53
1 5 2.41 54
1 5 2.40 55
1 5 2.41 56
1 5 2.40 57
1 5 2.41 58
1 5 2.42 59
1 5 2.42 60
1 5 2.43 61
1 5 2.44 62
1 5 2.43 63
1 5 2.44 64
1 5 2.43 65
1 5 2.44 66
1 5 2.45 67
1 5 2.46 68
1 5 2.46 69
1 5 2.47 70
1 5 2.48 71
1 5 2.49 72
1 5 2.48 73
1 5 2.46 74
1 5 2.48 75
1 5 2.47 76
1 5 2.47 77
1 5 2.47 78
1 5 2.48 79
1 5 2.48 80
1 5 2.47 81
1 5 2.48 82
1 5 2.48 83
1 5 2.48 84
1 5 2.48 85
1 5 2.49 86
1 5 2.49 87
1 5 2.49 88
1 5 2.47 89
1 5 2.47 90
1 5 2.46 91
1 5 2.46 92
1 5 2.45 93
1 5 2.46 94
1 5 2.46 95
1 5 2.46 96
1 5 2.45 97
1 5 2.44 98
1 5 2.45 99
1 5 2.46 100
1 5 2.46 101
1 5 2.46 102
1 5 2.47 103
1 5 2.46 104
1 5 2.47 105
1 5 2.45 106
1 5 2.45 107
1 5 2.45 108
1 5 2.46 109
1 5 2.45 110
1 5 2.45 111
1 5 2.45 112
1 5 2.45 113
1 5 2.45 114
1 5 2.44 115
1 5 2.44 116
1 5 2.44 117
1 5 2.43 118
1 5 2.43 119
1 5 2.43 120
1 5 2.44 121
1 5 2.45 122
1 5 2.45 123
1 5 2.45 124
1 5 2.44 125
1 5 2.44 126
1 5 2.44 127
1 5 2.44 128
1 5 2.43 129
1 5 2.43 130
1 5 2.43 131
1 5 2.43 132
1 5 2.44 133
1 5 2.44 134
1 5 2.44 135
1 5 2.45 136
1 5 2.45 137
1 5 2.46 138
1 5 2.45 139
1 5 2.45 140
1 5 2.45 141
1 5 2.45 142
1 5 2.45 143
1 5 2.46 144
1 5 2.46 145
1 5 2.45 146
1 5 2.46 147
1 5 2.45 148
1 5 2.46 149
1 5 2.47 150
1 5 2.46 151
1 5 2.47 152
1 5 2.47 153
1 5 2.47 154
1 5 2.47 155
1 5 2.47 156
1 5 2.48 157
1 5 2.48 158
1 5 2.50 159
1 5 2.50 160
1 5 2.50 161
1 5 2.51 162
1 5 2.52 163
1 5 2.53 164
1 5 2.53 165
1 5 2.53 166
1 5 2.53 167
1 5 2.54 168
1 5 2.54 169
1 5 2.54 170
1 5 2.54 171
1 5 2.55 172
1 5 2.55 173
1 5 2.55 174
1 5 2.56 175
1 5 2.56 176
1 5 2.56 177
1 5 2.56 178
1 5 2.56 179
1 5 2.57 180
1 5 2.57 181
1 5 2.57 182
1 5 2.57 183
1 5 2.57 184
1 5 2.57 185
1 5 2.56 186
1 5 2.57 187
1 5 2.57 188
1 5 2.57 189
1 5 2.57 190
1 5 2.57 191
1 5 2.57 192
1 5 2.58 193
1 5 2.58 194
1 5 2.57 195
1 5 2.58 196
1 5 2.57 197
1 5 2.57 198
1 5 2.57 199
1 5 2.58 200
1 5 2.57 201
1 5 2.57 202
1 5 2.57 203
1 5 2.57 204
1 5 2.58 205
1 5 2.57 206
1 5 2.57 207
1 5 2.57 208
1 5 2.57 209
1 5 2.56 210
1 5 2.56 211
1 5 2.56 212
1 5 2.56 213
1 5 2.56 214
1 5 2.56 215
1 5 2.55 216
1 5 2.55 217
1 5 2.56 218
1 5 2.55 219
1 5 2.55 220
1 5 2.56 221
1 5 2.55 222
1 5 2.56 223
1 5 2.56 224
1 5 2.56 225
1 5 2.56 226
1 5 2.56 227
1 5 2.56 228
1 5 2.55 229
1 5 2.56 230
1 5 2.55 231
1 5 2.56 232
1 5 2.56 233
1 5 2.56 234
1 5 2.56 235
1 5 2.56 236
1 5 2.56 237
1 5 2.56 238
1 5 2.56 239
1 5 2.56 240
1 5 2.56 241
1 5 2.56 242
1 5 2.56 243
1 5 2.57 244
1 5 2.56 245
1 5 2.57 246
1 5 2.56 247
1 5 2.56 248
1 5 2.56 249
1 5 2.56 250
1 5 2.56 251
1 5 2.56 252
1 5 2.56 253
1 5 2.56 254
1 5 2.56 255
1 5 2.55 256
1 5 2.55 257
1 5 2.55 258
1 5 2.55 259
1 5 2.55 260
1 5 2.55 261
1 5 2.55 262
1 5 2.55 263
1 5 2.55 264
1 5 2.55 265
1 5 2.55 266
1 5 2.55 267
1 5 2.55 268
1 5 2.56 269
1 5 2.56 270
1 5 2.56 271
1 5 2.56 272
1 5 2.56 273
1 5 2.56 274
1 5 2.56 275
1 5 2.56 276
1 5 2.56 277
1 5 2.56 278
1 5 2.56 279
1 5 2.56 280
1 5 2.56 281
1 5 2.56 282
1 5 2.56 283
1 5 2.56 284
1 5 2.56 285
1 5 2.56 286
1 5 2.56 287
1 5 2.56 288
1 5 2.56 289
1 5 2.56 290
1 5 2.56 291
1 5 2.56 292
1 5 2.56 293
1 5 2.56 294
1 5 2.56 295
1 5 2.56 296
1 5 2.56 297
1 5 2.56 298
1 5 2.56 299
1 5 2.56 300
1 5 2.55 301
1 5 2.56 302
1 5 2.56 303
1 5 2.56 304
1 5 2.56 305
1 5 2.56 306
1 5 2.56 307
1 5 2.56 308
1 5 2.56 309
1 5 2.56 310
1 5 2.56 311
1 5 2.56 312
1 6 2.58 313
1 6 2.57 314
1 6 2.57 315
1 6 2.57 316
1 6 2.57 317
1 6 2.57 318
1 6 2.57 319
1 6 2.57 320
1 6 2.57 321
1 6 2.57 322
1 6 2.57 323
1 6 2.57 324
1 6 2.57 325
1 6 2.57 326
1 6 2.57 327
1 6 2.57 328
1 6 2.57 329
1 6 2.57 330
1 6 2.57 331
1 6 2.57 332
1 6 2.57 333
1 6 2.57 334
1 6 2.57 335
1 6 2.57 336
1 6 2.57 337
1 6 2.57 338
1 6 2.57 339
1 6 2.57 340
1 6 2.57 341
1 6 2.57 342
1 6 2.57 343
0 6 2.56 344
0 6 2.57 345
0 6 2.57 346
0 6 2.57 347
0 6 2.57 348
0 6 2.56 349
0 6 2.56 350
0 6 2.56 351
0 6 2.56 352
0 6 2.56 353
0 6 2.56 354
0 6 2.55 355
0 6 2.55 356
0 6 2.55 357
0 6 2.55 358
0 6 2.55 359
0 6 2.55 360
0 6 2.55 361
0 6 2.55 362
0 6 2.54 363
0 6 2.54 364
0 6 2.55 365
0 6 2.55 366
0 6 2.54 367
0 6 2.55 368
0 6 2.54 369
0 6 2.55 370
0 6 2.54 371
0 6 2.54 372
0 6 2.54 373
0 6 2.54 374
0 6 2.54 375
0 6 2.54 376
0 6 2.54 377
0 6 2.54 378
0 6 2.54 379
0 6 2.54 380
0 6 2.54 381
0 6 2.54 382
0 6 2.54 383
0 6 2.54 384
0 6 2.54 385
0 6 2.54 386
0 6 2.54 387
0 6 2.54 388
0 6 2.54 389
0 6 2.54 390
0 6 2.54 391
0 6 2.54 392
0 6 2.54 393
0 6 2.54 394
0 6 2.54 395
0 6 2.54 396
0 6 2.54 397
0 6 2.54 398
0 6 2.54 399
0 6 2.54 400
0 6 2.54 401
0 6 2.54 402
0 6 2.54 403
0 6 2.54 404
0 6 2.54 405
0 6 2.54 406
0 6 2.54 407
0 6 2.54 408
0 6 2.54 409
0 6 2.54 410
0 6 2.54 411
0 6 2.55 412
0 6 2.55 413
0 6 2.55 414
0 6 2.54 415
0 6 2.54 416
0 6 2.54 417
0 6 2.55 418
0 6 2.54 419
0 6 2.54 420
0 6 2.54 421
0 6 2.54 422
0 6 2.54 423
0 6 2.54 424
0 6 2.54 425
0 6 2.54 426
0 6 2.53 427
0 6 2.53 428
0 6 2.53 429
0 6 2.53 430
0 6 2.53 431
0 6 2.53 432
0 6 2.53 433
0 6 2.53 434
0 6 2.52 435
0 6 2.52 436
0 6 2.53 437
0 6 2.53 438
0 6 2.52 439
0 6 2.52 440
0 6 2.52 441
0 6 2.52 442
0 6 2.52 443
0 6 2.52 444
0 6 2.52 445
0 6 2.52 446
0 6 2.52 447
0 17 2.55 448
0 17 2.55 449
0 17 2.56 450
0 17 2.56 451
0 17 2.56 452
0 17 2.55 453
0 17 2.56 454
0 17 2.55 455
0 17 2.55 456
0 17 2.56 457
0 17 2.55 458
0 17 2.55 459
0 17 2.55 460
0 17 2.55 461
0 17 2.55 462
0 17 2.55 463
0 17 2.55 464
0 17 2.55 465
0 17 2.55 466
0 17 2.54 467
0 17 2.54 468
0 17 2.54 469
0 17 2.54 470
0 17 2.54 471
0 17 2.54 472
0 17 2.54 473
0 17 2.54 474
0 17 2.54 475
0 17 2.54 476
0 17 2.54 477
0 17 2.54 478
0 17 2.54 479
0 17 2.54 480
0 17 2.54 481
0 17 2.54 482
0 17 2.54 483
0 17 2.55 484
0 17 2.55 485
0 17 2.55 486
0 17 2.54 487
0 17 2.55 488
0 17 2.54 489
0 17 2.54 490
0 17 2.54 491
0 17 2.54 492
0 17 2.54 493
0 17 2.54 494
0 17 2.54 495
0 17 2.54 496
0 17 2.54 497
0 17 2.54 498
0 17 2.54 499
0 17 2.54 500
0 17 2.54 501
0 17 2.54 502
0 17 2.54 503
0 17 2.54 504
0 17 2.54 505
0 17 2.54 506
0 17 2.53 507
0 17 2.53 508
0 17 2.53 509
0 17 2.53 510
0 17 2.53 511
0 17 2.53 512
0 17 2.53 513
0 17 2.53 514
0 17 2.53 515
0 17 2.53 516
0 17 2.53 517
0 17 2.53 518
0 17 2.53 519
0 17 2.53 520
0 17 2.53 521
0 17 2.53 522
0 17 2.53 523
0 17 2.53 524
0 17 2.53 525
0 17 2.52 526
0 17 2.53 527
0 17 2.52 528
0 17 2.53 529
0 17 2.52 530
0 17 2.52 531
0 17 2.52 532
0 17 2.52 533
0 17 2.52 534
0 17 2.52 535
0 17 2.52 536
0 17 2.52 537
0 17 2.52 538
0 17 2.52 539
0 17 2.52 540
0 17 2.52 541
0 17 2.52 542
0 17 2.52 543
0 17 2.52 544
0 17 2.52 545
0 17 2.52 546
0 17 2.52 547
0 17 2.52 548
0 17 2.52 549
0 17 2.52 550
0 17 2.52 551
0 17 2.52 552
0 17 2.52 553
0 17 2.52 554
0 17 2.52 555
0 17 2.52 556
0 17 2.52 557
0 17 2.52 558
0 17 2.52 559
0 17 2.52 560
0 17 2.52 561
0 17 2.52 562
0 17 2.52 563
0 17 2.52 564
0 17 2.52 565
0 17 2.52 566
0 17 2.52 567
0 17 2.52 568
0 17 2.52 569
0 17 2.52 570
0 17 2.52 571
0 17 2.52 572
0 17 2.52 573
0 17 2.52 574
0 17 2.52 575
0 17 2.52 576
0 17 2.52 577
0 17 2.52 578
0 17 2.52 579
0 17 2.52 580
0 17 2.52 581
0 17 2.52 582
0 17 2.52 583
0 17 2.52 584
0 17 2.52 585
0 17 2.52 586
0 17 2.52 587
0 17 2.52 588
0 17 2.52 589
0 17 2.52 590
0 17 2.52 591
0 17 2.52 592
0 17 2.52 593
0 17 2.52 594
0 17 2.52 595
0 17 2.52 596
0 17 2.52 597
0 17 2.52 598
0 17 2.52 599
0 17 2.52 600
0 17 2.52 601
0 17 2.51 602
0 17 2.51 603
0 17 2.51 604
0 17 2.52 605
0 17 2.53 606
0 17 2.53 607
0 17 2.52 608
0 17 2.53 609
0 17 2.52 610
0 17 2.53 611
0 17 2.52 612
0 17 2.52 613
0 17 2.52 614
0 17 2.53 615
0 17 2.52 616
0 17 2.53 617
0 17 2.52 618
0 17 2.52 619
0 17 2.52 620
0 17 2.52 621
0 17 2.52 622
0 17 2.52 623
0 17 2.52 624
0 17 2.52 6