0 0 0.00 1
0 1 0.50 2
0 1 0.33 3
0 1 0.25 4
0 1 0.20 5
0 1 0.33 6
0 1 0.29 7
0 1 0.38 8
0 1 0.33 9
0 1 0.30 10
0 1 0.27 11
0 1 0.33 12
0 1 0.31 13
0 1 0.29 14
0 1 0.27 15
0 1 0.31 16
0 1 0.29 17
0 1 0.28 18
0 1 0.26 19
0 1 0.30 20
0 1 0.29 21
0 1 0.27 22
0 1 0.26 23
0 1 0.29 24
0 1 0.28 25
0 1 0.27 26
0 1 0.26 27
0 1 0.25 28
0 1 0.24 29
0 1 0.23 30
0 1 0.26 31
0 1 0.25 32
0 1 0.24 33
0 1 0.24 34
0 1 0.26 35
0 1 0.25 36
0 1 0.24 37
0 1 0.24 38
0 1 0.23 39
0 1 0.23 40
0 1 0.24 41
0 1 0.24 42
0 1 0.23 43
0 1 0.23 44
0 1 0.24 45
0 1 0.24 46
0 1 0.23 47
0 1 0.23 48
0 1 0.22 49
0 1 0.24 50
0 1 0.24 51
0 1 0.23 52
0 1 0.23 53
0 1 0.24 54
0 1 0.24 55
0 1 0.23 56
0 1 0.23 57
0 1 0.24 58
0 1 0.24 59
0 1 0.23 60
0 1 0.23 61
0 1 0.23 62
0 1 0.24 63
0 1 0.23 64
0 1 0.23 65
0 1 0.23 66
0 1 0.22 67
0 1 0.22 68
0 1 0.22 69
0 1 0.21 70
0 1 0.21 71
0 1 0.21 72
0 1 0.22 73
0 1 0.22 74
0 1 0.21 75
0 1 0.21 76
0 1 0.21 77
0 1 0.21 78
0 1 0.20 79
0 1 0.20 80
0 1 0.21 81
0 1 0.21 82
0 1 0.20 83
0 1 0.20 84
0 1 0.21 85
0 1 0.21 86
0 1 0.21 87
0 1 0.20 88
0 1 0.20 89
0 1 0.20 90
0 1 0.20 91
0 1 0.20 92
0 1 0.19 93
0 1 0.19 94
0 1 0.19 95
0 1 0.19 96
0 1 0.19 97
0 1 0.18 98
0 1 0.18 99
0 1 0.18 100
0 1 0.18 101
0 1 0.18 102
0 1 0.18 103
0 1 0.18 104
0 1 0.18 105
0 1 0.18 106
0 1 0.19 107
0 1 0.19 108
0 1 0.18 109
0 1 0.19 110
0 1 0.19 111
0 1 0.20 112
0 1 0.19 113
0 1 0.19 114
0 1 0.20 115
0 1 0.20 116
0 1 0.20 117
0 1 0.19 118
0 1 0.19 119
0 1 0.19 120
0 1 0.19 121
0 1 0.20 122
0 1 0.20 123
0 1 0.19 124
0 1 0.20 125
0 1 0.20 126
0 1 0.20 127
0 1 0.20 128
0 1 0.19 129
0 1 0.19 130
0 1 0.19 131
0 1 0.20 132
0 1 0.20 133
0 1 0.19 134
0 1 0.19 135
0 1 0.19 136
0 1 0.19 137
0 1 0.20 138
0 1 0.19 139
0 1 0.19 140
0 1 0.20 141
0 1 0.20 142
0 1 0.20 143
0 1 0.19 144
0 1 0.19 145
0 1 0.19 146
0 1 0.19 147
0 1 0.19 148
0 1 0.19 149
0 1 0.19 150
0 1 0.19 151
0 1 0.19 152
0 1 0.19 153
0 1 0.19 154
0 1 0.19 155
0 1 0.19 156
0 1 0.19 157
0 1 0.19 158
0 1 0.19 159
0 1 0.19 160
0 1 0.19 161
0 1 0.19 162
0 1 0.18 163
0 1 0.18 164
0 1 0.18 165
0 1 0.19 166
0 1 0.19 167
0 1 0.18 168
0 1 0.18 169
0 1 0.18 170
0 1 0.18 171
0 1 0.18 172
0 1 0.18 173
0 1 0.18 174
0 1 0.18 175
0 1 0.18 176
0 1 0.18 177
0 1 0.17 178
0 1 0.17 179
0 1 0.17 180
0 1 0.17 181
0 1 0.17 182
0 1 0.17 183
0 1 0.17 184
0 1 0.17 185
0 1 0.17 186
0 1 0.17 187
0 1 0.18 188
0 1 0.17 189
0 1 0.17 190
0 1 0.17 191
0 1 0.17 192
0 1 0.17 193
0 1 0.17 194
0 1 0.17 195
0 1 0.17 196
0 1 0.17 197
0 1 0.17 198
0 1 0.18 199
0 1 0.17 200
0 1 0.17 201
0 1 0.17 202
0 1 0.18 203
0 1 0.18 204
0 1 0.18 205
0 1 0.18 206
0 1 0.18 207
0 1 0.18 208
0 1 0.18 209
0 1 0.18 210
0 1 0.18 211
0 1 0.17 212
0 1 0.18 213
0 1 0.18 214
0 1 0.18 215
0 1 0.18 216
0 1 0.18 217
0 1 0.18 218
0 1 0.18 219
0 1 0.18 220
0 1 0.18 221
0 1 0.18 222
0 1 0.18 223
0 1 0.18 224
0 1 0.18 225
0 1 0.18 226
0 1 0.19 227
0 1 0.18 228
0 1 0.18 229
0 1 0.19 230
0 1 0.19 231
0 1 0.19 232
0 1 0.19 233
0 1 0.19 234
0 1 0.19 235
0 1 0.19 236
0 1 0.19 237
0 1 0.18 238
0 1 0.18 239
0 1 0.19 240
0 1 0.19 241
0 1 0.19 242
0 1 0.19 243
0 1 0.19 244
0 1 0.19 245
0 1 0.19 246
0 1 0.19 247
0 1 0.19 248
0 1 0.19 249
0 1 0.19 250
0 1 0.19 251
0 1 0.19 252
0 1 0.19 253
0 1 0.19 254
0 1 0.19 255
0 1 0.19 256
0 1 0.19 257
0 1 0.19 258
0 1 0.19 259
0 1 0.20 260
0 1 0.20 261
0 1 0.19 262
0 1 0.19 263
0 1 0.19 264
0 1 0.19 265
0 1 0.19 266
0 1 0.19 267
0 1 0.19 268
0 1 0.19 269
0 1 0.19 270
0 1 0.19 271
0 1 0.19 272
0 1 0.19 273
0 1 0.19 274
0 1 0.19 275
0 1 0.19 276
0 1 0.19 277
0 1 0.19 278
0 1 0.19 279
0 1 0.19 280
0 1 0.19 281
0 1 0.19 282
0 1 0.19 283
0 1 0.19 284
0 1 0.19 285
0 1 0.19 286
0 1 0.19 287
0 1 0.19 288
0 1 0.19 289
0 1 0.19 290
0 1 0.19 291
0 1 0.19 292
0 1 0.19 293
0 1 0.19 294
0 1 0.19 295
0 1 0.19 296
0 1 0.19 297
0 1 0.19 298
0 1 0.19 299
0 1 0.19 300
0 1 0.19 301
0 1 0.19 302
0 1 0.19 303
0 1 0.19 304
0 1 0.19 305
0 1 0.19 306
0 1 0.19 307
0 1 0.19 308
0 1 0.19 309
0 1 0.19 310
0 1 0.19 311
0 1 0.19 312
0 1 0.19 313
0 1 0.19 314
0 1 0.19 315
0 1 0.19 316
0 1 0.19 317
0 1 0.19 318
0 1 0.19 319
0 1 0.19 320
0 1 0.19 321
0 1 0.19 322
0 1 0.19 323
0 1 0.19 324
0 1 0.19 325
0 1 0.19 326
0 1 0.19 327
0 1 0.19 328
0 1 0.19 329
0 1 0.19 330
0 1 0.19 331
0 1 0.19 332
0 1 0.19 333
0 1 0.19 334
0 1 0.19 335
0 1 0.19 336
0 1 0.19 337
0 1 0.19 338
0 1 0.19 339
0 1 0.19 340
0 1 0.19 341
0 1 0.19 342
0 1 0.19 343
0 1 0.19 344
0 1 0.19 345
0 1 0.19 346
0 1 0.19 347
0 1 0.19 348
0 1 0.19 349
0 1 0.19 350
0 1 0.19 351
0 1 0.19 352
0 1 0.19 353
0 1 0.19 354
0 1 0.19 355
0 1 0.19 356
0 1 0.19 357
0 1 0.19 358
0 1 0.19 359
0 1 0.19 360
0 1 0.19 361
0 1 0.19 362
0 1 0.19 363
0 1 0.19 364
0 1 0.19 365
0 1 0.19 366
0 1 0.19 367
0 1 0.19 368
0 1 0.19 369
0 1 0.19 370
0 1 0.19 371
0 1 0.19 372
0 1 0.19 373
0 1 0.19 374
0 1 0.19 375
0 1 0.19 376
0 1 0.19 377
0 1 0.19 378
0 1 0.19 379
0 1 0.19 380
0 1 0.19 381
0 1 0.19 382
0 1 0.19 383
0 1 0.19 384
0 1 0.19 385
0 1 0.19 386
0 1 0.19 387
0 1 0.19 388
0 1 0.19 389
0 1 0.19 390
0 1 0.19 391
0 1 0.19 392
0 1 0.19 393
0 1 0.19 394
0 1 0.19 395
0 1 0.19 396
0 1 0.19 397
0 1 0.19 398
0 1 0.19 399
0 1 0.19 400
0 1 0.19 401
0 1 0.19 402
0 1 0.19 403
0 1 0.19 404
0 1 0.19 405
0 1 0.19 406
0 1 0.19 407
0 1 0.19 408
0 1 0.19 409
0 1 0.19 410
0 1 0.19 411
0 1 0.19 412
0 1 0.19 413
0 1 0.19 414
0 1 0.19 415
0 1 0.19 416
0 1 0.19 417
0 1 0.19 418
0 1 0.19 419
0 1 0.19 420
0 1 0.19 421
0 1 0.19 422
0 1 0.19 423
0 1 0.19 424
0 1 0.19 425
0 1 0.19 426
0 1 0.19 427
0 1 0.19 428
0 1 0.19 429
0 1 0.19 430
0 1 0.19 431
0 1 0.19 432
0 1 0.19 433
0 1 0.19 434
0 1 0.19 435
0 1 0.19 436
0 1 0.19 437
0 1 0.19 438
0 1 0.19 439
0 1 0.19 440
0 1 0.19 441
0 1 0.19 442
0 1 0.19 443
0 1 0.19 444
0 1 0.19 445
0 1 0.19 446
0 1 0.19 447
0 1 0.19 448
0 1 0.19 449
0 1 0.19 450
0 1 0.19 451
0 1 0.19 452
0 1 0.19 453
0 1 0.19 454
0 1 0.19 455
0 1 0.19 456
0 1 0.19 457
0 1 0.19 458
0 1 0.19 459
0 1 0.19 460
0 1 0.19 461
0 1 0.19 462
0 1 0.19 463
0 1 0.19 464
0 1 0.19 465
0 1 0.19 466
0 1 0.19 467
0 1 0.19 468
0 1 0.19 469
0 1 0.19 470
0 1 0.19 471
0 1 0.19 472
0 1 0.19 473
0 1 0.19 474
0 1 0.19 475
0 1 0.19 476
0 1 0.19 477
0 1 0.19 478
0 1 0.19 479
0 1 0.19 480
0 1 0.19 481
0 1 0.19 482
0 1 0.19 483
0 1 0.19 484
0 1 0.19 485
0 1 0.19 486
0 1 0.19 487
0 1 0.19 488
0 1 0.19 489
0 1 0.19 490
0 1 0.19 491
0 1 0.19 492
0 1 0.19 493
0 1 0.19 494
0 1 0.19 495
0 1 0.19 496
0 1 0.19 497
0 1 0.19 498
0 1 0.19 499
0 1 0.19 500
0 1 0.19 501
0 1 0.19 502
0 1 0.19 503
0 1 0.19 504
0 1 0.19 505
0 1 0.19 506
0 1 0.19 507
0 1 0.19 508
0 1 0.19 509
0 1 0.19 510
0 1 0.19 511
0 1 0.19 512
0 1 0.19 513
0 1 0.19 514
0 1 0.19 515
0 1 0.19 516
0 1 0.19 517
0 1 0.19 518
0 1 0.19 519
0 1 0.19 520
0 1 0.19 521
0 1 0.19 522
0 1 0.19 523
0 1 0.19 524
0 1 0.19 525
0 1 0.19 526
0 1 0.19 527
0 1 0.19 528
0 1 0.19 529
0 1 0.19 530
0 1 0.19 531
0 1 0.19 532
0 1 0.19 533
0 1 0.19 534
0 1 0.19 535
0 1 0.19 536
0 1 0.19 537
0 1 0.19 538
0 1 0.19 539
0 1 0.19 540
0 1 0.19 541
0 1 0.19 542
0 1 0.19 543
0 1 0.19 544
0 1 0.19 545
0 1 0.18 546
0 1 0.18 547
0 1 0.18 548
0 1 0.18 549
0 1 0.19 550
0 1 0.19 551
0 1 0.18 552
0 1 0.18 553
0 1 0.18 554
0 1 0.19 555
0 1 0.19 556
0 1 0.18 557
0 1 0.18 558
0 1 0.18 559
0 1 0.19 560
0 1 0.19 561
0 1 0.19 562
0 1 0.18 563
0 1 0.18 564
0 1 0.18 565
0 1 0.18 566
0 1 0.18 567
0 1 0.18 568
0 1 0.18 569
0 1 0.18 570
0 1 0.18 571
0 1 0.18 572
0 1 0.18 573
0 1 0.18 574
0 1 0.18 575
0 1 0.19 576
0 1 0.19 577
0 1 0.19 578
0 1 0.19 579
0 1 0.19 580
0 1 0.19 581
0 1 0.19 582
0 1 0.19 583
0 1 0.19 584
0 1 0.19 585
0 1 0.19 586
0 1 0.19 587
0 1 0.19 588
0 1 0.19 589
0 1 0.19 590
0 1 0.19 591
0 1 0.19 592
0 1 0.19 593
0 1 0.19 594
0 1 0.19 595
0 1 0.19 596
0 1 0.19 597
0 1 0.19 598
0 1 0.19 599
0 1 0.19 600
0 1 0.19 601
0 1 0.19 602
0 1 0.19 603
0 1 0.19 604
0 1 0.19 605
0 1 0.19 606
0 1 0.19 607
0 1 0.19 608
0 1 0.19 609
0 1 0.19 610
0 1 0.19 611
0 1 0.19 612
0 1 0.19 613
0 1 0.19 614
0 1 0.19 615
0 1 0.19 616
0 1 0.19 617
0 1 0.19 618
0 1 0.19 619
0 1 0.19 620
0 1 0.19 621
0 1 0.19 622
0 1 0.19 623
0 1 0.19 624
0 1 0.19 625
0 1 0.19 626
0 1 0.19 627
0 1 0.19 628
0 1 0.19 629
0 1 0.19 630
0 1 0.19 631
0 1 0.19 632
0 1 0.19 633
0 1 0.19 634
0 1 0.19 635
0 1 0.19 636
0 1 0.19 637
0 1 0.19 638
0 1 0.19 639
0 1 0.19 640
0 1 0.19 641
0 1 0.19 642
0 1 0.19 643
0 1 0.19 644
0 1 0.19 645
0 1 0.19 646
0 1 0.19 647
0 1 0.19 648
0 1 0.19 649
0 1 0.19 650
0 1 0.19 651
0 1 0.19 652
0 1 0.19 653
0 1 0.19 654
0 1 0.19 655
0 1 0.19 656
0 1 0.19 657
0 1 0.19 658
0 1 0.19 659
0 1 0.19 660
0 1 0.19 661
0 1 0.19 662
0 1 0.19 663
0 1 0.19 664
0 1 0.19 665
0 1 0.19 666
0 1 0.19 667
0 1 0.19 668
0 1 0.19 669
0 1 0.19 670
0 1 0.19 671
0 1 0.19 672
0 1 0.19 673
0 1 0.19 674
0 1 0.19 675
0 1 0.19 676
0 1 0.19 677
0 1 0.19 678
0 1 0.19 679
0 1 0.19 680
0 1 0.19 681
0 1 0.19 682
0 1 0.19 683
0 1 0.19 684
0 1 0.19 685
0 1 0.19 686
0 1 0.18 687
0 1 0.19 688
0 1 0.19 689
0 1 0.19 690
0 1 0.19 691
0 1 0.18 692
0 1 0.18 693
0 1 0.18 694
0 1 0.18 695
0 1 0.18 696
0 1 0.18 697
0 1 0.18 698
0 1 0.18 699
0 1 0.18 700
0 1 0.18 701
0 1 0.18 702
0 1 0.18 703
0 1 0.18 704
0 2 0.19 705
0 2 0.19 706
0 2 0.19 707
0 2 0.19 708
0 2 0.19 709
0 2 0.19 710
0 2 0.19 711
0 2 0.19 712
0 2 0.19 713
0 2 0.19 714
0 2 0.19 715
0 2 0.19 716
0 2 0.19 717
0 2 0.19 718
0 2 0.19 719
0 2 0.19 720
0 2 0.19 721
0 2 0.19 722
0 2 0.19 723
0 2 0.19 724
0 2 0.18 725
0 2 0.18 726
0 2 0.18 727
0 2 0.18 728
0 2 0.18 729
0 2 0.18 730
0 2 0.18 731
0 2 0.18 732
0 2 0.18 733
0 2 0.18 734
0 2 0.18 735
0 2 0.18 736
0 2 0.18 737
0 2 0.18 738
0 2 0.18 739
0 2 0.18 740
0 2 0.18 741
0 2 0.18 742
0 2 0.18 743
0 2 0.18 744
0 2 0.18 745
0 2 0.18 746
0 2 0.18 747
0 2 0.18 748
0 2 0.18 749
0 2 0.18 750
0 2 0.18 751
0 2 0.18 752
0 2 0.18 753
0 2 0.18 754
0 2 0.18 755
0 2 0.18 756
0 2 0.18 757
0 2 0.18 758
0 2 0.18 759
0 2 0.18 760
0 2 0.18 761
0 2 0.18 762
0 2 0.18 763
0 2 0.18 764
0 2 0.18 765
0 2 0.18 766
0 2 0.18 767
0 2 0.18 768
0 2 0.18 769
0 2 0.18 770
0 2 0.18 771
0 2 0.18 772
0 2 0.18 773
0 2 0.18 774
0 2 0.18 775
0 2 0.18 776
0 2 0.18 777
0 2 0.18 778
0 2 0.18 779
0 2 0.18 780
0 2 0.18 781
0 2 0.18 782
0 2 0.18 783
0 2 0.18 784
0 2 0.18 785
0 2 0.18 786
0 2 0.18 787
0 2 0.18 788
0 2 0.18 789
0 2 0.18 790
0 2 0.18 791
0 2 0.18 792
0 2 0.18 793
0 2 0.18 794
0 2 0.18 795
0 2 0.18 796
0 2 0.18 797
0 2 0.18 798
0 2 0.18 799
0 2 0.18 800
0 2 0.18 801
0 2 0.18 802
0 2 0.18 803
0 2 0.18 804
0 2 0.18 805
0 2 0.18 806
0 2 0.18 807
0 2 0.18 808
0 2 0.18 809
0 2 0.18 810
0 2 0.18 811
0 2 0.18 812
0 2 0.18 813
0 2 0.18 814
0 2 0.18 815
0 2 0.18 816
0 2 0.18 817
0 2 0.18 818
0 2 0.18 819
0 2 0.18 820
0 2 0.18 821
0 2 0.18 822
0 2 0.18 823
0 2 0.18 824
0 2 0.18 825
0 2 0.18 826
0 2 0.18 827
0 2 0.18 828
0 2 0.18 829
0 2 0.18 830
0 2 0.18 831
0 2 0.18 832
0 2 0.18 833
0 2 0.18 834
0 2 0.18 835
0 2 0.18 836
0 2 0.18 837
0 2 0.18 838
0 2 0.18 839
0 2 0.18 840
0 2 0.18 841
0 2 0.18 842
0 2 0.18 843
0 2 0.18 844
0 2 0.18 845
0 2 0.18 846
0 2 0.18 847
0 2 0.18 848
0 2 0.18 849
0 2 0.18 850
0 2 0.18 851
0 2 0.18 852
0 2 0.18 853
0 2 0.18 854
0 2 0.18 855
0 2 0.18 856
0 2 0.18 857
0 2 0.18 858
0 2 0.18 859
0 2 0.18 860
0 2 0.18 861
0 2 0.18 862
0 2 0.18 863
0 2 0.18 864
0 2 0.18 865
0 2 0.18 866
0 2 0.18 867
0 2 0.18 868
0 2 0.18 869
0 2 0.18 870
0 2 0.18 871
0 2 0.18 872
0 2 0.18 873
0 2 0.18 874
0 2 0.18 875
0 2 0.18 876
0 2 0.18 877
0 2 0.18 878
0 2 0.18 879
0 2 0.18 880
0 2 0.18 881
0 2 0.18 882
0 2 0.18 883
0 2 0.18 884
0 2 0.18 885
0 2 0.18 886
0 2 0.18 887
0 2 0.18 888
0 2 0.18 889
0 2 0.18 890
0 2 0.18 891
0 2 0.18 892
0 2 0.18 893
0 2 0.18 894
0 2 0.18 895
0 2 0.18 896
0 2 0.18 897
0 2 0.18 898
0 2 0.18 899
0 2 0.18 900
0 2 0.18 901
0 2 0.18 902
0 2 0.18 903
0 2 0.18 904
0 2 0.18 905
0 2 0.18 906
0 2 0.18 907
0 2 0.18 908
0 2 0.18 909
0 2 0.18 910
0 2 0.18 911
0 2 0.18 912
0 2 0.18 913
0 2 0.18 914
0 2 0.18 915
0 2 0.18 916
0 2 0.18 917
0 2 0.18 918
0 2 0.18 919
0 2 0.18 920
0 2 0.18 921
0 2 0.18 922
0 2 0.18 923
0 2 0.18 924
0 2 0.18 925
0 2 0.18 926
0 2 0.18 927
0 2 0.18 928
0 2 0.18 929
0 2 0.18 930
0 2 0.18 931
0 2 0.18 932
0 2 0.18 933
0 2 0.18 934
0 2 0.18 935
0 2 0.18 936
0 2 0.18 937
0 2 0.18 938
0 2 0.18 939
0 2 0.18 940
0 2 0.18 941
0 2 0.18 942
0 2 0.18 943
0 2 0.18 944
0 2 0.18 945
0 2 0.18 946
0 2 0.18 947
0 2 0.18 948
0 2 0.18 949
0 2 0.18 950
0 2 0.18 951
0 2 0.18 952
0 2 0.18 953
0 2 0.1