0 0 0.00 1
0 0 0.00 2
0 0 0.00 3
0 1 0.25 4
0 1 0.20 5
0 1 0.33 6
0 1 0.29 7
0 1 0.38 8
0 1 0.33 9
0 1 0.30 10
0 1 0.36 11
0 1 0.33 12
0 1 0.38 13
0 1 0.36 14
0 1 0.33 15
0 1 0.38 16
0 1 0.35 17
0 1 0.33 18
0 1 0.37 19
0 1 0.35 20
0 1 0.33 21
0 1 0.36 22
0 1 0.35 23
0 1 0.33 24
0 1 0.36 25
0 1 0.38 26
0 1 0.37 27
0 1 0.36 28
0 1 0.34 29
0 1 0.37 30
0 1 0.35 31
0 1 0.34 32
0 1 0.33 33
0 1 0.35 34
0 1 0.34 35
0 1 0.36 36
0 1 0.35 37
0 1 0.34 38
0 1 0.33 39
0 1 0.35 40
0 1 0.34 41
0 1 0.36 42
0 1 0.35 43
0 1 0.34 44
0 1 0.33 45
0 1 0.33 46
0 1 0.34 47
0 1 0.33 48
0 1 0.35 49
0 1 0.34 50
0 1 0.35 51
0 1 0.35 52
0 1 0.36 53
0 1 0.35 54
0 1 0.35 55
0 1 0.34 56
0 1 0.33 57
0 1 0.33 58
0 1 0.34 59
0 1 0.33 60
0 1 0.33 61
0 1 0.32 62
0 1 0.32 63
0 1 0.31 64
0 1 0.31 65
0 1 0.30 66
0 1 0.30 67
0 1 0.29 68
0 1 0.29 69
0 1 0.29 70
0 1 0.28 71
0 1 0.29 72
0 1 0.29 73
0 1 0.28 74
0 1 0.28 75
0 1 0.28 76
0 1 0.27 77
0 1 0.27 78
0 1 0.28 79
0 1 0.28 80
0 1 0.28 81
0 1 0.29 82
0 1 0.29 83
0 1 0.30 84
0 1 0.29 85
0 1 0.29 86
0 1 0.30 87
0 1 0.30 88
0 1 0.29 89
0 1 0.29 90
0 1 0.29 91
0 1 0.29 92
0 1 0.29 93
0 1 0.30 94
0 1 0.29 95
0 1 0.29 96
0 1 0.30 97
0 1 0.30 98
0 1 0.29 99
0 1 0.30 100
0 1 0.30 101
0 1 0.29 102
0 1 0.30 103
0 1 0.30 104
0 1 0.30 105
0 1 0.30 106
0 1 0.30 107
0 1 0.31 108
0 1 0.30 109
0 1 0.30 110
0 1 0.30 111
0 1 0.30 112
0 1 0.30 113
0 1 0.30 114
0 1 0.30 115
0 1 0.30 116
0 1 0.30 117
0 1 0.30 118
0 1 0.30 119
0 1 0.30 120
0 1 0.30 121
0 1 0.30 122
0 1 0.30 123
0 2 0.31 124
0 2 0.31 125
0 2 0.31 126
0 2 0.31 127
0 2 0.30 128
0 2 0.31 129
0 2 0.31 130
0 2 0.31 131
0 2 0.30 132
0 2 0.30 133
0 2 0.31 134
0 2 0.30 135
0 2 0.31 136
0 2 0.31 137
0 2 0.31 138
0 2 0.31 139
0 2 0.31 140
0 2 0.31 141
0 2 0.31 142
0 2 0.31 143
0 2 0.31 144
0 2 0.32 145
0 2 0.32 146
0 2 0.32 147
0 2 0.32 148
0 2 0.32 149
0 2 0.32 150
0 2 0.32 151
0 2 0.32 152
0 2 0.32 153
0 2 0.32 154
0 2 0.32 155
0 2 0.33 156
0 2 0.32 157
0 2 0.33 158
0 2 0.33 159
0 2 0.33 160
0 2 0.32 161
0 2 0.33 162
0 2 0.34 163
0 2 0.34 164
0 2 0.33 165
0 2 0.33 166
0 2 0.34 167
0 2 0.33 168
0 2 0.33 169
0 2 0.33 170
0 2 0.33 171
0 2 0.33 172
0 2 0.33 173
0 2 0.33 174
0 2 0.33 175
0 2 0.32 176
0 2 0.33 177
0 2 0.33 178
0 2 0.32 179
0 2 0.33 180
0 2 0.33 181
0 2 0.32 182
0 2 0.32 183
0 2 0.32 184
0 2 0.32 185
0 2 0.32 186
0 2 0.32 187
0 2 0.32 188
0 2 0.32 189
0 2 0.32 190
0 2 0.32 191
0 2 0.32 192
0 2 0.32 193
0 2 0.32 194
0 2 0.32 195
0 2 0.32 196
0 2 0.31 197
0 2 0.31 198
0 2 0.32 199
0 2 0.32 200
0 2 0.32 201
0 2 0.32 202
0 2 0.32 203
0 2 0.31 204
0 2 0.32 205
0 2 0.32 206
0 2 0.31 207
0 2 0.32 208
0 2 0.32 209
0 2 0.31 210
0 2 0.32 211
0 2 0.32 212
0 2 0.31 213
0 2 0.31 214
0 2 0.31 215
0 2 0.31 216
0 2 0.31 217
0 2 0.31 218
0 2 0.31 219
0 2 0.31 220
0 2 0.31 221
0 2 0.32 222
0 2 0.31 223
0 2 0.31 224
0 2 0.32 225
0 2 0.32 226
0 2 0.32 227
0 2 0.32 228
0 2 0.32 229
0 2 0.32 230
0 2 0.32 231
0 2 0.32 232
0 2 0.32 233
0 2 0.32 234
0 2 0.32 235
0 2 0.32 236
0 2 0.32 237
0 2 0.32 238
0 2 0.32 239
0 2 0.32 240
0 2 0.32 241
0 2 0.32 242
0 2 0.32 243
0 2 0.32 244
0 2 0.32 245
0 2 0.32 246
0 2 0.32 247
0 2 0.32 248
0 2 0.32 249
0 2 0.32 250
0 2 0.32 251
0 2 0.32 252
0 2 0.32 253
0 2 0.32 254
0 2 0.32 255
0 2 0.32 256
0 2 0.32 257
0 2 0.32 258
0 2 0.32 259
0 2 0.32 260
0 2 0.31 261
0 2 0.32 262
0 2 0.32 263
0 2 0.31 264
0 2 0.31 265
0 2 0.32 266
0 2 0.31 267
0 2 0.32 268
0 2 0.32 269
0 2 0.32 270
0 2 0.32 271
0 2 0.32 272
0 2 0.32 273
0 2 0.32 274
0 2 0.32 275
0 2 0.32 276
0 2 0.32 277
0 2 0.32 278
0 2 0.32 279
0 2 0.32 280
0 2 0.32 281
0 2 0.32 282
0 2 0.32 283
0 2 0.32 284
0 2 0.32 285
0 2 0.33 286
0 2 0.32 287
0 2 0.32 288
0 2 0.32 289
0 2 0.32 290
0 2 0.33 291
0 2 0.33 292
0 2 0.32 293
0 2 0.33 294
0 2 0.33 295
0 2 0.32 296
0 2 0.32 297
0 2 0.32 298
0 2 0.32 299
0 2 0.32 300
0 2 0.32 301
0 2 0.32 302
0 2 0.32 303
0 2 0.32 304
0 2 0.32 305
0 2 0.32 306
0 2 0.32 307
0 2 0.32 308
0 2 0.32 309
0 2 0.32 310
0 2 0.32 311
0 2 0.32 312
0 2 0.32 313
0 2 0.32 314
0 2 0.31 315
0 2 0.32 316
0 2 0.32 317
0 2 0.32 318
0 2 0.32 319
0 2 0.32 320
0 2 0.31 321
0 2 0.32 322
0 2 0.32 323
0 2 0.31 324
0 2 0.32 325
0 2 0.32 326
0 2 0.31 327
0 2 0.32 328
0 2 0.32 329
0 2 0.32 330
0 2 0.31 331
0 2 0.32 332
0 2 0.32 333
0 2 0.32 334
0 2 0.32 335
0 2 0.32 336
0 2 0.32 337
0 2 0.32 338
0 2 0.32 339
0 2 0.32 340
0 2 0.32 341
0 2 0.32 342
0 2 0.32 343
0 2 0.32 344
0 2 0.32 345
0 2 0.32 346
0 2 0.32 347
0 2 0.32 348
0 2 0.32 349
0 2 0.32 350
0 2 0.32 351
0 2 0.32 352
0 2 0.32 353
0 2 0.32 354
0 2 0.32 355
0 2 0.32 356
0 2 0.32 357
0 2 0.32 358
0 2 0.32 359
0 2 0.32 360
0 2 0.32 361
0 2 0.32 362
0 2 0.32 363
0 2 0.32 364
0 2 0.32 365
0 2 0.32 366
0 2 0.32 367
0 2 0.32 368
0 2 0.32 369
0 2 0.32 370
0 2 0.32 371
0 2 0.32 372
0 2 0.32 373
0 2 0.32 374
0 2 0.32 375
0 2 0.32 376
0 2 0.32 377
0 2 0.32 378
0 2 0.32 379
0 2 0.32 380
0 2 0.32 381
0 2 0.32 382
0 2 0.32 383
0 2 0.32 384
0 2 0.32 385
0 2 0.32 386
0 2 0.32 387
0 2 0.32 388
0 2 0.32 389
0 2 0.32 390
0 2 0.32 391
0 2 0.32 392
0 2 0.32 393
0 2 0.32 394
0 2 0.32 395
0 2 0.32 396
0 2 0.32 397
0 2 0.32 398
0 2 0.32 399
0 2 0.32 400
0 2 0.32 401
0 2 0.32 402
0 2 0.32 403
0 2 0.32 404
0 2 0.32 405
0 2 0.32 406
0 2 0.32 407
0 2 0.32 408
0 2 0.32 409
0 2 0.32 410
0 2 0.32 411
0 2 0.32 412
0 2 0.32 413
0 2 0.32 414
0 2 0.32 415
0 2 0.32 416
0 2 0.32 417
0 2 0.32 418
0 2 0.32 419
0 2 0.32 420
0 2 0.32 421
0 2 0.32 422
0 2 0.32 423
0 2 0.32 424
0 2 0.32 425
0 2 0.32 426
0 2 0.32 427
0 2 0.32 428
0 2 0.32 429
0 2 0.32 430
0 2 0.32 431
0 2 0.31 432
0 2 0.31 433
0 2 0.32 434
0 2 0.31 435
0 2 0.31 436
0 2 0.31 437
0 2 0.31 438
0 2 0.31 439
0 2 0.31 440
0 2 0.31 441
0 2 0.31 442
0 2 0.31 443
0 2 0.31 444
0 2 0.31 445
0 2 0.31 446
0 2 0.31 447
0 2 0.31 448
0 2 0.31 449
0 2 0.31 450
0 2 0.31 451
0 2 0.31 452
0 2 0.31 453
0 2 0.31 454
0 2 0.31 455
0 2 0.31 456
0 2 0.31 457
0 2 0.31 458
0 2 0.32 459
0 2 0.32 460
0 2 0.31 461
0 2 0.32 462
0 2 0.32 463
0 2 0.31 464
0 2 0.31 465
0 2 0.31 466
0 2 0.31 467
0 12 0.34 468
0 12 0.34 469
0 12 0.34 470
0 12 0.34 471
0 12 0.34 472
0 12 0.34 473
0 12 0.34 474
0 12 0.34 475
0 12 0.34 476
0 12 0.34 477
0 12 0.34 478
0 12 0.34 479
0 12 0.34 480
0 12 0.34 481
0 12 0.34 482
0 12 0.34 483
0 12 0.34 484
0 12 0.34 485
0 12 0.34 486
0 12 0.33 487
0 12 0.33 488
0 12 0.33 489
0 12 0.33 490
0 12 0.33 491
0 12 0.33 492
0 12 0.33 493
0 12 0.33 494
0 12 0.33 495
0 12 0.33 496
0 12 0.33 497
0 12 0.33 498
0 12 0.33 499
0 12 0.33 500
0 12 0.33 501
0 12 0.33 502
0 12 0.33 503
0 12 0.33 504
0 12 0.33 505
0 12 0.33 506
0 12 0.33 507
0 12 0.33 508
0 12 0.33 509
0 12 0.33 510
0 12 0.33 511
0 12 0.33 512
0 12 0.33 513
0 12 0.33 514
0 12 0.33 515
0 12 0.33 516
0 12 0.33 517
0 12 0.33 518
0 12 0.33 519
0 12 0.33 520
0 12 0.33 521
0 12 0.33 522
0 12 0.33 523
0 12 0.33 524
0 12 0.33 525
0 12 0.33 526
0 12 0.33 527
0 12 0.33 528
0 12 0.33 529
0 12 0.33 530
0 12 0.33 531
0 12 0.33 532
0 12 0.33 533
0 12 0.33 534
0 12 0.33 535
0 12 0.33 536
0 12 0.33 537
0 12 0.33 538
0 12 0.33 539
0 12 0.33 540
0 12 0.33 541
0 12 0.33 542
0 12 0.33 543
0 12 0.33 544
0 12 0.33 545
0 12 0.33 546
0 12 0.33 547
0 12 0.33 548
0 12 0.33 549
0 12 0.33 550
0 12 0.33 551
0 12 0.33 552
0 12 0.33 553
0 12 0.33 554
0 12 0.33 555
0 12 0.33 556
0 12 0.33 557
0 12 0.33 558
0 12 0.33 559
0 12 0.33 560
0 12 0.33 561
0 12 0.33 562
0 12 0.33 563
0 12 0.33 564
0 12 0.33 565
0 12 0.33 566
0 12 0.33 567
0 12 0.33 568
0 12 0.33 569
0 12 0.33 570
0 12 0.33 571
0 12 0.33 572
0 12 0.33 573
0 12 0.33 574
0 12 0.33 575
0 12 0.33 576
0 12 0.33 577
0 12 0.33 578
0 12 0.33 579
0 12 0.33 580
0 12 0.33 581
0 12 0.32 582
0 12 0.32 583
0 12 0.33 584
0 12 0.33 585
0 12 0.33 586
0 12 0.33 587
0 12 0.32 588
0 12 0.33 589
0 12 0.33 590
0 12 0.32 591
0 12 0.33 592
0 12 0.33 593
0 12 0.33 594
0 12 0.33 595
0 12 0.33 596
0 12 0.32 597
0 12 0.32 598
0 12 0.32 599
0 12 0.32 600
0 12 0.32 601
0 12 0.32 602
0 12 0.33 603
0 12 0.32 604
0 12 0.33 605
0 12 0.33 606
0 12 0.32 607
0 12 0.32 608
0 12 0.32 609
0 12 0.32 610
0 12 0.32 611
0 12 0.33 612
0 12 0.32 613
0 12 0.33 614
0 12 0.33 615
0 12 0.32 616
0 12 0.32 617
0 12 0.33 618
0 12 0.32 619
0 12 0.32 620
0 12 0.33 621
0 12 0.32 622
0 12 0.33 623
0 12 0.33 624
0 12 0.32 625
0 12 0.33 626
0 12 0.33 627
0 12 0.33 628
0 12 0.33 629
0 12 0.33 630
0 12 0.33 631
0 12 0.33 632
0 12 0.33 633
0 12 0.33 634
0 12 0.33 635
0 12 0.33 636
0 12 0.33 637
0 12 0.33 638
0 12 0.33 639
0 12 0.33 640
0 12 0.33 641
0 12 0.33 642
0 12 0.33 643
0 12 0.33 644
0 12 0.33 645
0 12 0.33 646
0 12 0.33 647
0 12 0.33 648
0 12 0.33 649
0 12 0.33 650
0 12 0.33 651
0 12 0.33 652
0 12 0.33 653
0 12 0.33 654
0 12 0.33 655
0 12 0.32 656
0 12 0.33 657
0 12 0.33 658
0 12 0.33 659
0 12 0.33 660
0 12 0.33 661
0 12 0.32 662
0 12 0.33 663
0 12 0.33 664
0 12 0.32 665
0 12 0.32 666
0 12 0.33 667
0 12 0.32 668
0 12 0.32 669
0 12 0.33 670
0 12 0.32 671
0 12 0.33 672
0 12 0.33 673
0 12 0.32 674
0 12 0.32 675
0 12 0.32 676
0 12 0.32 677
0 12 0.32 678
0 12 0.32 679
0 12 0.32 680
0 12 0.32 681
0 12 0.32 682
0 12 0.32 683
0 12 0.32 684
0 12 0.32 685
0 12 0.32 686
0 12 0.32 687
0 12 0.32 688
0 12 0.32 689
0 12 0.32 690
0 12 0.32 691
0 12 0.32 692
0 12 0.32 693
0 12 0.32 694
0 12 0.32 695
0 12 0.32 696
0 12 0.32 697
0 12 0.32 698
0 12 0.32 699
0 12 0.32 700
0 12 0.32 701
0 12 0.32 702
0 12 0.32 703
0 12 0.32 704
0 12 0.32 705
0 12 0.32 706
0 12 0.32 707
0 12 0.32 708
0 12 0.32 709
0 12 0.32 710
0 12 0.32 711
0 12 0.32 712
0 12 0.32 713
0 12 0.32 714
0 12 0.32 715
0 12 0.32 716
0 12 0.32 717
0 12 0.32 718
0 12 0.32 719
0 12 0.32 720
0 12 0.32 721
0 12 0.32 722
0 12 0.32 723
0 12 0.32 724
0 12 0.32 725
0 12 0.32 726
0 12 0.32 727
0 12 0.32 728
0 12 0.32 729
0 12 0.32 730
0 12 0.32 731
0 12 0.32 732
0 12 0.32 733
0 12 0.32 734
0 12 0.32 735
0 12 0.32 736
0 12 0.32 737
0 12 0.32 738
0 12 0.32 739
0 12 0.32 740
0 12 0.32 741
0 12 0.32 742
0 12 0.32 743
0 12 0.32 744
0 12 0.32 745
0 12 0.32 746
0 12 0.32 747
0 12 0.32 748
0 12 0.32 749
0 12 0.32 750
0 12 0.32 751
0 12 0.32 752
0 12 0.32 753
0 12 0.32 754
0 12 0.32 755
0 12 0.32 756
0 12 0.32 757
0 12 0.32 758
0 12 0.32 759
0 12 0.32 760
0 12 0.32 761
0 12 0.32 762
0 12 0.32 763
0 12 0.32 764
0 12 0.32 765
0 12 0.32 766
0 12 0.32 767
0 12 0.32 768
0 12 0.32 769
0 12 0.32 770
0 12 0.32 771
0 12 0.32 772
0 12 0.32 773
0 12 0.32 774
0 12 0.32 775
0 12 0.32 776
0 12 0.32 777
0 12 0.32 778
0 12 0.32 779
0 12 0.32 780
0 12 0.32 781
0 12 0.32 782
0 12 0.32 783
0 12 0.32 784
0 12 0.32 785
0 12 0.32 786
0 12 0.32 787
0 12 0.32 788
0 12 0.32 789
0 12 0.32 790
0 12 0.32 791
0 12 0.32 792
0 12 0.32 793
0 12 0.32 794
0 12 0.32 795
0 12 0.32 796
0 12 0.32 797
0 12 0.32 798
0 12 0.32 799
0 12 0.32 800
0 12 0.31 801
0 12 0.32 802
0 12 0.32 803
0 12 0.32 804
0 12 0.32 805
0 12 0.32 806
0 12 0.32 807
0 12 0.32 808
0 12 0.32 809
0 12 0.32 810
0 12 0.32 811
0 12 0.32 812
0 12 0.32 813
0 12 0.32 814
0 12 0.32 815
0 12 0.32 816
0 12 0.32 817
0 12 0.32 818
0 12 0.32 819
0 12 0.32 820
0 12 0.32 821
0 12 0.32 822
0 12 0.32 823
0 12 0.32 824
0 12 0.32 825
0 12 0.31 826
0 12 0.31 827
0 12 0.31 828
0 12 0.31 829
0 12 0.31 830
0 12 0.32 831
0 12 0.31 832
0 12 0.32 833
0 12 0.32 834
0 12 0.31 835
0 12 0.31 836
0 12 0.32 837
0 12 0.32 838
0 12 0.31 839
0 12 0.31 840
0 12 0.31 841
0 12 0.31 842
0 12 0.31 843
0 12 0.31 844
0 12 0.31 845
0 12 0.31 846
0 12 0.31 847
0 12 0.31 848
0 12 0.31 849
0 12 0.31 850
0 12 0.31 851
0 12 0.31 852
0 12 0.31 853
0 12 0.31 854
0 12 0.31 855
0 12 0.31 856
0 12 0.31 857
0 12 0.31 858
0 12 0.31 859
0 12 0.31 860
0 12 0.31 861
0 12 0.31 862
0 12 0.31 863
0 12 0.31 864
0 12 0.31 865
0 12 0.31 866
0 12 0.31 867
0 12 0.31 868
0 12 0.31 869
0 12 0.31 870
0 12 0.31 871
0 12 0.31 872
0 12 0.31 873
0 12 0.31 874
0 12 0.31 875
0 12 0.31 876
0 12 0.31 877
0 12 0.31 878
0 12 0.31 879
0 12 0.31 880
0 12 0.31 881
0 12 0.31 882
0 12 0.31 883
0 12 0.31 884
0 12 0.31 885
0 12 0.31 886
0 12 0.31 887
0 12 0.31 888
0 12 0.31 889
0 12 0.31 890
0 12 0.31 891
0 12 0.31 892
0 12 0.31 893
0 12 0.31 894
0 12 0.32 895
0 12 0.32 896
0 12 0.32 897
0 12 0.32 898
0 12 0.31 899
0 12 0.32 900
0 12 0.32 901
0 12 0.31 902
0 12 0.31 903
0 12 0.32 904
0 12 0.31 905
0 12 0.32 906
0 12 0.32 907
0 12 0.31 908
0 12 0.32 909
0 12 0.32 910
0 12 0.32 911
0 12 0.32 912
0 12 0.32 913
0 12 0.32 914
0 12 0.31 915
0 12 0.31 916
0 12 0.31 917
0 12 0.31 918
0 12 0.31 9