4 4 4.00 1
3 4 3.50 2
2 4 3.00 3
2 4 3.25 4
2 4 3.20 5
2 4 3.17 6
2 4 3.14 7
2 4 3.12 8
2 4 3.11 9
2 4 3.10 10
2 4 3.00 11
2 4 3.00 12
2 4 3.00 13
2 4 3.00 14
2 4 3.00 15
2 4 3.00 16
2 4 3.00 17
2 4 2.94 18
2 4 2.89 19
2 4 2.85 20
2 4 2.86 21
2 4 2.86 22
2 4 2.87 23
2 4 2.88 24
2 4 2.88 25
2 4 2.85 26
2 4 2.81 27
2 4 2.82 28
2 4 2.83 29
2 4 2.80 30
2 6 2.90 31
2 6 2.88 32
2 6 2.85 33
2 6 2.88 34
2 6 2.86 35
2 6 2.83 36
2 6 2.84 37
2 6 2.84 38
2 6 2.82 39
2 6 2.83 40
2 6 2.80 41
2 6 2.79 42
2 6 2.77 43
2 6 2.77 44
2 6 2.78 45
2 6 2.76 46
2 6 2.77 47
2 6 2.77 48
2 7 2.86 49
2 7 2.84 50
2 7 2.84 51
2 7 2.85 52
2 7 2.85 53
2 7 2.85 54
2 7 2.84 55
2 7 2.84 56
2 7 2.82 57
2 7 2.83 58
2 7 2.81 59
2 7 2.82 60
2 7 2.82 61
2 7 2.82 62
2 7 2.83 63
2 7 2.81 64
2 7 2.85 65
2 7 2.85 66
2 7 2.85 67
2 7 2.85 68
2 7 2.86 69
2 7 2.86 70
1 7 2.83 71
1 7 2.86 72
1 7 2.85 73
1 7 2.85 74
1 7 2.85 75
1 7 2.84 76
1 7 2.86 77
1 7 2.85 78
1 7 2.84 79
1 7 2.83 80
1 7 2.81 81
1 7 2.82 82
1 7 2.81 83
1 7 2.81 84
1 7 2.82 85
1 7 2.83 86
1 7 2.84 87
1 7 2.83 88
1 7 2.83 89
1 7 2.82 90
1 7 2.82 91
1 7 2.83 92
1 7 2.82 93
1 7 2.82 94
1 7 2.82 95
1 7 2.81 96
1 7 2.80 97
1 7 2.81 98
1 7 2.79 99
1 7 2.79 100
1 7 2.79 101
1 7 2.78 102
1 7 2.79 103
1 7 2.78 104
1 7 2.78 105
1 7 2.77 106
1 7 2.77 107
1 7 2.77 108
1 7 2.76 109
1 7 2.75 110
1 7 2.75 111
1 7 2.76 112
1 7 2.76 113
1 7 2.75 114
1 7 2.76 115
1 7 2.76 116
1 7 2.76 117
1 7 2.75 118
1 7 2.76 119
1 7 2.77 120
1 7 2.77 121
1 7 2.77 122
1 7 2.77 123
1 7 2.77 124
1 7 2.78 125
1 7 2.77 126
1 7 2.76 127
1 7 2.77 128
1 7 2.76 129
1 7 2.75 130
1 7 2.75 131
1 7 2.75 132
1 7 2.74 133
1 7 2.74 134
1 7 2.74 135
1 7 2.74 136
1 7 2.74 137
1 7 2.73 138
1 7 2.73 139
1 7 2.73 140
1 7 2.73 141
1 7 2.73 142
1 7 2.72 143
1 7 2.73 144
1 7 2.73 145
1 7 2.73 146
1 7 2.73 147
1 7 2.73 148
1 7 2.74 149
1 7 2.74 150
1 7 2.74 151
1 7 2.74 152
1 7 2.73 153
1 7 2.73 154
1 7 2.74 155
1 7 2.73 156
1 7 2.73 157
1 7 2.73 158
1 7 2.74 159
1 7 2.74 160
1 7 2.74 161
1 7 2.75 162
1 7 2.75 163
1 7 2.76 164
1 7 2.76 165
1 7 2.76 166
1 7 2.76 167
1 7 2.76 168
1 7 2.76 169
1 7 2.76 170
1 7 2.76 171
1 7 2.76 172
1 7 2.76 173
1 7 2.75 174
1 7 2.75 175
1 7 2.75 176
1 7 2.76 177
1 7 2.76 178
1 7 2.76 179
1 7 2.76 180
1 7 2.76 181
1 7 2.76 182
1 7 2.75 183
1 7 2.75 184
1 7 2.75 185
1 7 2.75 186
1 7 2.75 187
1 7 2.74 188
1 7 2.74 189
1 7 2.74 190
1 7 2.74 191
1 7 2.73 192
1 7 2.74 193
1 7 2.73 194
1 7 2.73 195
1 7 2.73 196
1 7 2.73 197
1 7 2.73 198
1 7 2.73 199
1 7 2.73 200
1 7 2.73 201
1 7 2.72 202
1 7 2.72 203
1 7 2.72 204
1 7 2.72 205
1 7 2.72 206
1 7 2.72 207
1 7 2.72 208
1 7 2.73 209
1 7 2.73 210
1 7 2.74 211
1 7 2.74 212
1 7 2.74 213
1 7 2.74 214
1 7 2.74 215
1 7 2.75 216
1 7 2.74 217
1 7 2.74 218
1 7 2.74 219
1 7 2.73 220
1 7 2.73 221
1 7 2.73 222
1 7 2.72 223
1 7 2.72 224
1 7 2.72 225
1 7 2.72 226
1 7 2.73 227
1 7 2.72 228
1 7 2.72 229
1 7 2.72 230
1 7 2.72 231
1 7 2.72 232
1 7 2.72 233
1 7 2.71 234
1 7 2.71 235
1 7 2.72 236
1 7 2.71 237
1 7 2.71 238
1 7 2.72 239
1 7 2.72 240
1 7 2.71 241
1 7 2.71 242
1 7 2.72 243
1 7 2.72 244
1 7 2.72 245
1 7 2.72 246
1 7 2.72 247
1 7 2.72 248
1 7 2.72 249
1 7 2.72 250
1 7 2.72 251
1 7 2.72 252
1 7 2.72 253
1 7 2.72 254
1 7 2.72 255
1 7 2.72 256
1 7 2.72 257
1 7 2.71 258
1 7 2.71 259
1 7 2.71 260
1 7 2.70 261
1 7 2.70 262
1 7 2.70 263
1 7 2.70 264
1 7 2.70 265
1 7 2.70 266
1 7 2.70 267
1 7 2.71 268
1 7 2.70 269
1 7 2.70 270
1 7 2.70 271
1 7 2.70 272
1 7 2.70 273
1 7 2.70 274
1 7 2.70 275
1 7 2.70 276
1 7 2.70 277
1 7 2.70 278
1 7 2.70 279
1 7 2.70 280
1 7 2.70 281
1 7 2.70 282
1 7 2.70 283
1 7 2.70 284
1 7 2.70 285
1 7 2.70 286
1 7 2.69 287
1 7 2.69 288
1 7 2.70 289
1 7 2.70 290
1 7 2.70 291
1 7 2.70 292
1 7 2.70 293
1 7 2.70 294
1 7 2.70 295
1 7 2.71 296
1 7 2.70 297
1 7 2.71 298
1 7 2.71 299
1 7 2.71 300
1 7 2.72 301
1 7 2.72 302
1 7 2.72 303
1 7 2.72 304
1 7 2.72 305
1 7 2.72 306
1 7 2.72 307
1 7 2.72 308
1 7 2.72 309
1 7 2.72 310
1 7 2.71 311
1 7 2.71 312
1 7 2.71 313
1 7 2.71 314
1 7 2.71 315
1 7 2.72 316
1 7 2.71 317
1 7 2.71 318
1 7 2.71 319
1 7 2.71 320
1 7 2.71 321
1 7 2.71 322
1 7 2.71 323
1 7 2.71 324
1 7 2.71 325
1 7 2.71 326
1 7 2.72 327
1 7 2.71 328
1 7 2.71 329
1 7 2.71 330
1 7 2.71 331
1 7 2.71 332
1 7 2.71 333
1 7 2.71 334
1 7 2.70 335
1 7 2.70 336
1 7 2.69 337
1 7 2.69 338
1 7 2.70 339
1 7 2.70 340
1 7 2.70 341
1 7 2.69 342
1 7 2.69 343
1 7 2.69 344
1 7 2.69 345
1 7 2.69 346
1 7 2.69 347
1 7 2.69 348
1 7 2.69 349
1 7 2.70 350
1 7 2.70 351
1 7 2.70 352
1 7 2.70 353
1 7 2.70 354
1 7 2.70 355
1 7 2.69 356
1 7 2.70 357
1 7 2.70 358
1 7 2.70 359
1 7 2.70 360
1 7 2.70 361
1 7 2.70 362
1 7 2.70 363
1 7 2.70 364
1 7 2.70 365
1 7 2.70 366
1 7 2.69 367
1 7 2.70 368
1 7 2.69 369
1 7 2.69 370
1 7 2.69 371
1 7 2.70 372
1 7 2.70 373
1 7 2.70 374
1 7 2.70 375
1 7 2.70 376
1 7 2.70 377
1 7 2.70 378
1 7 2.70 379
1 7 2.70 380
1 7 2.70 381
1 7 2.70 382
1 7 2.70 383
1 7 2.70 384
1 7 2.70 385
1 7 2.70 386
1 7 2.70 387
1 7 2.70 388
1 7 2.70 389
1 7 2.70 390
1 7 2.70 391
1 7 2.71 392
1 7 2.71 393
1 7 2.71 394
1 7 2.71 395
1 7 2.71 396
1 7 2.71 397
1 7 2.71 398
1 7 2.71 399
1 7 2.71 400
1 7 2.71 401
1 7 2.71 402
1 7 2.71 403
1 7 2.71 404
1 7 2.70 405
1 7 2.70 406
1 7 2.70 407
1 7 2.70 408
1 7 2.70 409
1 7 2.70 410
1 7 2.70 411
1 7 2.70 412
1 7 2.70 413
1 7 2.70 414
1 7 2.70 415
1 7 2.70 416
1 7 2.70 417
1 7 2.70 418
1 7 2.70 419
1 7 2.70 420
1 7 2.69 421
1 7 2.69 422
1 7 2.69 423
1 7 2.69 424
1 7 2.69 425
1 7 2.69 426
1 7 2.69 427
1 7 2.69 428
1 7 2.69 429
1 7 2.69 430
1 7 2.69 431
1 7 2.69 432
1 7 2.69 433
1 7 2.69 434
1 7 2.69 435
1 7 2.69 436
1 7 2.69 437
1 7 2.69 438
1 7 2.69 439
1 7 2.69 440
1 7 2.69 441
1 7 2.69 442
1 7 2.69 443
1 7 2.69 444
1 7 2.69 445
1 7 2.69 446
1 7 2.69 447
1 7 2.69 448
1 7 2.69 449
1 7 2.69 450
1 7 2.69 451
1 7 2.69 452
1 7 2.69 453
1 7 2.69 454
1 7 2.68 455
1 7 2.68 456
1 7 2.68 457
1 7 2.68 458
1 7 2.68 459
1 7 2.68 460
1 7 2.68 461
1 7 2.68 462
1 7 2.68 463
1 7 2.68 464
1 7 2.68 465
1 7 2.68 466
1 7 2.68 467
1 7 2.68 468
1 7 2.68 469
1 7 2.68 470
1 7 2.68 471
1 7 2.68 472
1 7 2.68 473
1 7 2.68 474
1 7 2.68 475
1 7 2.68 476
1 7 2.68 477
1 7 2.68 478
1 7 2.68 479
1 7 2.68 480
1 7 2.68 481
1 7 2.68 482
1 7 2.68 483
1 7 2.68 484
1 7 2.68 485
1 7 2.68 486
1 7 2.68 487
1 7 2.68 488
1 7 2.68 489
1 7 2.68 490
1 7 2.68 491
1 7 2.68 492
1 7 2.68 493
1 7 2.68 494
1 7 2.68 495
1 7 2.68 496
1 7 2.68 497
1 7 2.68 498
1 7 2.68 499
1 7 2.68 500
1 7 2.68 501
1 7 2.68 502
1 7 2.68 503
1 7 2.68 504
1 7 2.68 505
1 7 2.68 506
1 7 2.68 507
1 7 2.68 508
1 7 2.68 509
1 7 2.68 510
1 7 2.68 511
1 7 2.68 512
1 7 2.68 513
1 7 2.68 514
1 7 2.68 515
1 7 2.68 516
1 7 2.68 517
1 7 2.69 518
1 7 2.69 519
1 24 2.73 520
1 24 2.73 521
1 24 2.73 522
1 24 2.73 523
1 24 2.73 524
1 24 2.73 525
1 24 2.73 526
1 24 2.73 527
1 24 2.73 528
1 24 2.72 529
1 24 2.72 530
1 24 2.73 531
1 24 2.73 532
1 24 2.73 533
1 24 2.73 534
1 24 2.73 535
1 24 2.73 536
1 24 2.73 537
1 24 2.73 538
1 24 2.73 539
1 24 2.73 540
1 24 2.73 541
1 24 2.73 542
1 24 2.73 543
1 24 2.73 544
1 24 2.73 545
1 24 2.73 546
1 24 2.73 547
1 24 2.73 548
1 24 2.73 549
1 24 2.73 550
1 24 2.73 551
1 24 2.73 552
1 24 2.73 553
1 24 2.73 554
1 24 2.73 555
1 24 2.73 556
1 24 2.73 557
1 24 2.73 558
1 24 2.73 559
1 24 2.73 560
1 24 2.73 561
1 24 2.73 562
1 24 2.74 563
1 24 2.74 564
1 24 2.74 565
1 24 2.74 566
1 24 2.74 567
1 24 2.74 568
1 24 2.74 569
1 24 2.74 570
1 24 2.74 571
1 24 2.74 572
1 24 2.74 573
1 24 2.74 574
1 24 2.74 575
1 24 2.74 576
1 24 2.74 577
1 24 2.74 578
1 24 2.74 579
1 24 2.74 580
1 24 2.75 581
1 24 2.75 582
1 24 2.75 583
1 24 2.75 584
1 24 2.75 585
1 24 2.75 586
1 24 2.75 587
1 24 2.75 588
1 24 2.75 589
1 24 2.75 590
1 24 2.75 591
1 24 2.75 592
1 24 2.75 593
1 24 2.75 594
1 24 2.75 595
1 24 2.75 596
1 24 2.75 597
1 24 2.75 598
1 24 2.75 599
1 24 2.75 600
1 24 2.75 601
1 24 2.75 602
1 24 2.75 603
1 24 2.75 604
1 24 2.75 605
1 24 2.75 606
1 24 2.75 607
1 24 2.75 608
1 24 2.75 609
1 24 2.75 610
1 24 2.75 611
1 24 2.75 612
1 24 2.75 613
1 24 2.75 614
1 24 2.75 615
1 24 2.75 616
1 24 2.74 617
1 24 2.74 618
1 24 2.74 619
1 24 2.75 620
1 24 2.75 621
1 24 2.75 622
1 24 2.75 623
1 24 2.75 624
1 24 2.75 625
1 24 2.75 626
1 24 2.75 627
1 24 2.75 628
1 24 2.75 629
1 24 2.75 630