4 4 4.00 1
3 4 3.50 2
2 4 3.00 3
2 4 2.75 4
2 5 3.20 5
2 5 3.00 6
2 5 2.86 7
2 5 2.75 8
2 5 2.67 9
2 5 2.70 10
2 5 2.82 11
2 5 2.83 12
2 5 2.77 13
2 5 2.71 14
2 5 2.67 15
2 5 2.69 16
2 5 2.65 17
2 5 2.61 18
2 5 2.63 19
2 5 2.60 20
2 5 2.62 21
2 5 2.64 22
2 5 2.61 23
2 5 2.62 24
2 5 2.60 25
2 5 2.58 26
2 5 2.56 27
2 5 2.61 28
2 5 2.59 29
2 5 2.57 30
2 5 2.58 31
2 5 2.66 32
1 5 2.61 33
1 5 2.59 34
1 5 2.63 35
1 5 2.61 36
1 5 2.57 37
1 5 2.58 38
1 5 2.56 39
1 5 2.58 40
1 5 2.56 41
1 5 2.55 42
1 5 2.53 43
1 5 2.52 44
1 5 2.51 45
1 5 2.50 46
1 5 2.49 47
1 5 2.48 48
1 5 2.47 49
1 5 2.46 50
1 5 2.47 51
1 5 2.48 52
1 5 2.47 53
1 5 2.46 54
1 5 2.45 55
1 5 2.45 56
1 5 2.46 57
1 5 2.43 58
1 5 2.41 59
1 5 2.38 60
1 5 2.38 61
1 5 2.39 62
1 5 2.37 63
1 5 2.38 64
1 5 2.38 65
1 5 2.36 66
1 5 2.36 67
1 5 2.35 68
1 5 2.36 69
1 5 2.36 70
1 5 2.34 71
1 5 2.33 72
1 5 2.33 73
1 5 2.34 74
1 5 2.33 75
1 5 2.34 76
1 5 2.35 77
1 5 2.33 78
1 5 2.33 79
1 5 2.33 80
1 5 2.32 81
1 5 2.32 82
1 5 2.33 83
1 5 2.32 84
1 5 2.32 85
1 5 2.34 86
1 5 2.33 87
1 5 2.33 88
1 5 2.33 89
1 5 2.32 90
1 5 2.32 91
1 5 2.33 92
1 5 2.32 93
1 5 2.32 94
1 5 2.32 95
1 5 2.31 96
1 5 2.31 97
1 5 2.31 98
1 5 2.29 99
1 5 2.29 100
1 6 2.33 101
1 6 2.34 102
1 6 2.34 103
1 6 2.35 104
1 6 2.34 105
1 6 2.35 106
1 6 2.36 107
1 6 2.35 108
1 6 2.36 109
1 6 2.35 110
1 6 2.35 111
1 6 2.35 112
1 6 2.35 113
1 6 2.35 114
1 6 2.35 115
1 6 2.35 116
1 6 2.35 117
1 6 2.36 118
1 6 2.35 119
1 6 2.35 120
1 6 2.35 121
1 6 2.34 122
1 6 2.34 123
1 6 2.35 124
1 6 2.34 125
1 6 2.35 126
1 6 2.35 127
1 6 2.34 128
1 6 2.34 129
1 6 2.34 130
1 6 2.34 131
1 6 2.33 132
1 6 2.33 133
1 6 2.33 134
1 6 2.34 135
1 6 2.35 136
1 6 2.34 137
1 6 2.35 138
1 6 2.35 139
1 6 2.35 140
1 6 2.35 141
1 6 2.35 142
1 6 2.37 143
1 6 2.37 144
1 6 2.37 145
1 6 2.37 146
1 6 2.37 147
1 6 2.36 148
1 6 2.37 149
1 6 2.37 150
1 6 2.36 151
1 6 2.36 152
1 6 2.36 153
1 6 2.36 154
1 6 2.36 155
1 6 2.37 156
1 6 2.36 157
1 6 2.37 158
1 6 2.37 159
1 6 2.37 160
1 6 2.37 161
1 6 2.36 162
1 6 2.36 163
1 6 2.36 164
1 6 2.36 165
1 6 2.36 166
1 6 2.36 167
1 6 2.35 168
1 6 2.36 169
1 6 2.35 170
1 6 2.35 171
1 6 2.35 172
1 6 2.35 173
1 6 2.36 174
1 6 2.35 175
1 6 2.36 176
1 6 2.36 177
1 6 2.35 178
1 6 2.35 179
1 6 2.35 180
1 6 2.35 181
1 6 2.35 182
1 6 2.34 183
1 6 2.35 184
1 6 2.35 185
1 6 2.34 186
1 6 2.34 187
1 6 2.34 188
1 6 2.34 189
1 6 2.34 190
1 6 2.34 191
1 6 2.34 192
1 6 2.34 193
1 6 2.34 194
1 6 2.33 195
1 6 2.33 196
1 6 2.33 197
1 6 2.33 198
1 6 2.33 199
1 6 2.33 200
1 6 2.33 201
1 6 2.34 202
1 6 2.34 203
1 6 2.34 204
1 6 2.34 205
1 6 2.33 206
1 6 2.34 207
1 6 2.34 208
1 6 2.33 209
1 6 2.34 210
1 6 2.34 211
1 6 2.34 212
1 6 2.34 213
1 6 2.34 214
1 6 2.34 215
1 6 2.34 216
1 6 2.34 217
1 6 2.34 218
1 6 2.35 219
1 6 2.35 220
1 6 2.34 221
1 6 2.33 222
1 6 2.35 223
1 6 2.35 224
1 6 2.35 225
1 6 2.35 226
1 6 2.34 227
1 6 2.34 228
1 6 2.34 229
1 6 2.34 230
1 6 2.35 231
1 6 2.35 232
1 6 2.35 233
1 6 2.35 234
1 6 2.35 235
1 6 2.35 236
1 6 2.35 237
1 6 2.34 238
1 6 2.35 239
1 6 2.35 240
1 6 2.34 241
1 6 2.35 242
1 6 2.35 243
1 6 2.35 244
1 6 2.35 245
1 6 2.35 246
1 6 2.35 247
1 6 2.35 248
1 6 2.34 249
1 6 2.34 250
1 6 2.34 251
1 6 2.35 252
1 6 2.34 253
1 6 2.35 254
1 6 2.34 255
1 6 2.35 256
1 6 2.34 257
1 6 2.34 258
1 6 2.33 259
1 6 2.33 260
1 6 2.33 261
1 6 2.33 262
1 6 2.33 263
1 6 2.33 264
1 6 2.33 265
1 6 2.33 266
1 6 2.33 267
1 6 2.33 268
1 6 2.33 269
1 6 2.33 270
1 6 2.33 271
1 6 2.33 272
1 6 2.33 273
1 6 2.33 274
1 6 2.33 275
1 6 2.33 276
1 6 2.32 277
1 6 2.32 278
1 6 2.32 279
1 6 2.32 280
1 6 2.32 281
1 6 2.32 282
1 6 2.32 283
1 6 2.32 284
1 6 2.32 285
1 6 2.31 286
1 6 2.32 287
1 6 2.32 288
1 6 2.31 289
1 6 2.32 290
1 6 2.32 291
1 6 2.32 292
1 6 2.31 293
1 6 2.32 294
1 6 2.32 295
1 6 2.31 296
1 6 2.32 297
1 6 2.32 298
1 6 2.32 299
1 6 2.32 300
1 6 2.32 301
1 6 2.32 302
1 6 2.32 303
1 6 2.33 304
1 6 2.33 305
1 6 2.33 306
1 6 2.32 307
1 6 2.32 308
1 6 2.32 309
1 6 2.33 310
1 6 2.33 311
1 6 2.33 312
1 6 2.33 313
1 6 2.33 314
1 6 2.33 315
1 6 2.33 316
1 6 2.33 317
1 6 2.33 318
1 6 2.33 319
1 6 2.33 320
1 6 2.33 321
1 6 2.33 322
1 6 2.33 323
1 6 2.33 324
1 6 2.33 325
1 6 2.33 326
1 6 2.33 327
1 6 2.33 328
1 6 2.33 329
1 6 2.33 330
1 6 2.32 331
1 6 2.32 332
1 6 2.32 333
1 6 2.32 334
1 6 2.33 335
1 6 2.32 336
1 6 2.32 337
1 6 2.32 338
1 6 2.32 339
1 6 2.33 340
1 6 2.33 341
1 6 2.33 342
1 6 2.33 343
1 6 2.33 344
1 6 2.33 345
1 6 2.33 346
1 6 2.33 347
1 6 2.34 348
1 6 2.34 349
1 6 2.34 350
1 6 2.34 351
1 6 2.34 352
1 6 2.34 353
1 6 2.34 354
1 6 2.34 355
1 6 2.35 356
1 6 2.35 357
1 6 2.35 358
1 6 2.35 359
1 6 2.35 360
1 6 2.35 361
1 6 2.35 362
1 6 2.35 363
1 28 2.42 364
1 28 2.42 365
1 28 2.42 366
1 28 2.42 367
1 28 2.42 368
1 28 2.41 369
1 28 2.41 370
1 28 2.41 371
1 28 2.41 372
1 28 2.41 373
1 28 2.41 374
1 28 2.41 375
1 28 2.41 376
1 28 2.41 377
1 28 2.41 378
1 28 2.41 379
1 28 2.41 380
1 28 2.41 381
1 28 2.41 382
1 28 2.41 383
1 28 2.41 384
1 28 2.41 385
1 28 2.41 386
1 28 2.42 387
1 28 2.42 388
1 28 2.42 389
1 28 2.42 390
1 28 2.42 391
1 28 2.42 392
1 28 2.41 393
1 28 2.41 394
1 28 2.41 395
1 28 2.41 396
1 28 2.41 397
1 28 2.41 398
1 28 2.41 399
1 28 2.41 400
1 28 2.41 401
1 28 2.41 402
1 28 2.41 403
1 28 2.41 404
1 28 2.41 405
1 28 2.41 406
1 28 2.41 407
1 28 2.40 408
1 28 2.40 409
1 28 2.40 410
1 28 2.40 411
1 28 2.40 412
1 28 2.40 413
1 28 2.40 414
1 28 2.40 415
1 28 2.40 416
1 28 2.40 417
1 28 2.40 418
1 28 2.40 419
1 28 2.40 420
1 28 2.39 421
1 28 2.40 422
1 28 2.40 423
1 28 2.40 424
1 28 2.40 425
1 28 2.39 426
1 28 2.39 427
1 28 2.39 428
1 28 2.39 429
1 28 2.39 430
1 28 2.39 431
1 28 2.40 432
1 28 2.40 433
1 28 2.39 434
1 28 2.39 435
1 28 2.39 436
1 28 2.39 437
1 28 2.39 438
1 28 2.39 439
1 28 2.39 440
1 28 2.39 441
1 28 2.39 442
1 28 2.39 443
1 28 2.39 444
1 28 2.39 445
1 28 2.39 446
1 28 2.39 447
1 28 2.39 448
1 28 2.39 449
1 28 2.39 450
1 28 2.39 451
1 28 2.40 452
1 28 2.39 453
1 28 2.39 454
1 28 2.40 455
1 28 2.40 456
1 28 2.40 457
1 28 2.40 458
1 28 2.40 459
1 28 2.40 460
1 28 2.40 461
1 28 2.40 462
1 28 2.40 463
1 28 2.40 464
1 28 2.40 465
1 28 2.40 466
1 28 2.39 467
1 28 2.39 468
1 28 2.39 469
1 28 2.39 470
1 28 2.39 471
1 28 2.39 472
1 28 2.39 473
1 28 2.39 474
1 28 2.39 475
1 28 2.39 476
1 28 2.39 477
1 28 2.39 478
1 28 2.39 479
1 28 2.39 480
1 28 2.39 481
1 28 2.39 482
1 28 2.39 483
1 28 2.39 484
1 28 2.39 485
1 28 2.38 486
1 28 2.39 487
1 28 2.39 488
1 28 2.39 489
1 28 2.39 490
1 28 2.38 491
1 28 2.38 492
1 28 2.38 493
1 28 2.38 494
1 28 2.38 495
1 28 2.38 496
1 28 2.38 497
1 28 2.38 498
1 28 2.38 499
1 28 2.38 500
1 28 2.38 501
1 28 2.38 502
1 28 2.39 503
1 28 2.38 504
1 28 2.38 505
1 28 2.39 506
1 28 2.39 507
1 28 2.39 508
1 28 2.39 509
1 28 2.39 510
1 28 2.39 511
1 28 2.39 512
1 28 2.39 513
1 28 2.39 514
1 28 2.39 515
1 28 2.39 516
1 28 2.39 517
1 28 2.39 518
1 28 2.39 519
1 28 2.39 520
1 28 2.39 521
1 28 2.39 522
1 28 2.39 523
1 28 2.38 524
1 28 2.38 525
1 28 2.38 526
1 28 2.38 527
1 28 2.38 528
1 28 2.38 529
1 28 2.38 530
1 28 2.38 531
1 28 2.38 532
1 28 2.38 533
1 28 2.38 534
1 28 2.38 535
1 28 2.38 536
1 28 2.38 537
1 28 2.38 538
1 28 2.38 539
1 28 2.38 540
1 28 2.38 541
1 28 2.37 542
1 28 2.37 543
1 28 2.38 544
1 28 2.38 545
1 28 2.38 546
1 28 2.38 547
1 28 2.38 548
1 28 2.38 549
1 28 2.38 550
1 28 2.38 551
1 28 2.38 552
1 28 2.38 553
1 28 2.38 554
1 28 2.37 555
1 28 2.37 556
1 28 2.37 557
1 28 2.37 558
1 28 2.37 559
1 28 2.37 560
1 28 2.37 561
1 28 2.37 562
1 28 2.37 563
1 28 2.37 564
1 28 2.37 565
1 28 2.37 566
1 28 2.37 567
1 28 2.37 568
1 28 2.37 569
1 28 2.37 570
1 28 2.37 571
1 28 2.37 572
1 28 2.37 573
0 28 2.36 574
0 28 2.36 575
0 28 2.36 576
0 28 2.36 577
0 28 2.36 578
0 28 2.36 579
0 28 2.36 580
0 28 2.36 581
0 28 2.36 582
0 28 2.36 583
0 28 2.36 584
0 28 2.36 585
0 28 2.36 586
0 28 2.36 587
0 28 2.36 588
0 28 2.36 589
0 28 2.36 590
0 28 2.36 591
0 28 2.36 592
0 28 2.37 593
0 28 2.37 594
0 28 2.37 595
0 28 2.37 596
0 28 2.37 597
0 28 2.36 598
0 28 2.37 599
0 28 2.37 600
0 28 2.37 601
0 28 2.37 602
0 28 2.36 603
0 28 2.37 604
0 28 2.37 605
0 28 2.36 606
0 28 2.37 607
0 28 2.36 608
0 28 2.36 609
0 28 2.36 610
0 28 2.36 611
0 28 2.36 612
0 28 2.36 613
0 28 2.36 614
0 28 2.36 615
0 28 2.36 616
0 28 2.36 617
0 28 2.36 618
0 28 2.36 6