5 5 5.00 1
3 5 4.00 2
2 5 3.33 3
2 5 3.00 4
2 5 3.00 5
2 5 3.00 6
2 5 3.00 7
2 5 2.88 8
2 5 2.89 9
2 5 2.90 10
2 5 2.91 11
2 5 2.92 12
2 5 2.92 13
2 5 2.93 14
2 5 2.93 15
2 5 2.94 16
2 6 3.12 17
2 6 3.06 18
1 6 2.95 19
1 6 2.95 20
1 6 2.90 21
1 6 2.91 22
1 6 2.91 23
1 6 2.88 24
1 6 2.84 25
1 6 2.77 26
1 6 2.74 27
1 6 2.71 28
1 6 2.76 29
1 6 2.73 30
1 6 2.77 31
1 6 2.78 32
1 6 2.76 33
1 6 2.76 34
1 6 2.74 35
1 6 2.75 36
1 6 2.76 37
1 6 2.79 38
1 6 2.79 39
1 6 2.77 40
1 6 2.78 41
1 6 2.79 42
1 6 2.79 43
1 6 2.77 44
1 6 2.76 45
1 6 2.76 46
1 6 2.77 47
1 6 2.77 48
1 6 2.78 49
1 6 2.78 50
1 6 2.78 51
1 6 2.79 52
1 6 2.77 53
1 6 2.78 54
1 6 2.78 55
1 6 2.79 56
1 6 2.77 57
1 6 2.83 58
1 6 2.83 59
1 6 2.85 60
1 6 2.85 61
1 6 2.84 62
1 6 2.89 63
1 6 2.88 64
1 6 2.86 65
1 6 2.85 66
1 6 2.84 67
1 6 2.82 68
1 6 2.81 69
1 6 2.83 70
1 6 2.82 71
1 6 2.82 72
1 6 2.81 73
1 6 2.82 74
1 6 2.81 75
1 6 2.82 76
1 6 2.82 77
1 6 2.81 78
1 6 2.80 79
1 6 2.79 80
1 6 2.79 81
1 6 2.79 82
1 6 2.80 83
1 6 2.79 84
1 6 2.79 85
1 6 2.78 86
1 6 2.77 87
1 6 2.77 88
1 6 2.81 89
1 6 2.80 90
1 6 2.79 91
1 6 2.78 92
1 6 2.78 93
1 6 2.79 94
1 6 2.78 95
1 6 2.79 96
1 6 2.79 97
1 6 2.79 98
1 6 2.79 99
1 6 2.78 100
1 6 2.78 101
1 6 2.78 102
1 6 2.78 103
1 6 2.78 104
1 6 2.78 105
1 6 2.77 106
1 6 2.78 107
1 6 2.77 108
1 6 2.77 109
1 6 2.76 110
1 6 2.77 111
1 6 2.76 112
1 6 2.75 113
1 6 2.75 114
1 6 2.75 115
1 6 2.75 116
1 6 2.74 117
1 6 2.73 118
1 6 2.72 119
1 6 2.73 120
1 6 2.73 121
1 6 2.72 122
1 6 2.73 123
1 6 2.73 124
1 6 2.74 125
1 6 2.75 126
1 6 2.74 127
1 6 2.74 128
1 6 2.74 129
1 6 2.73 130
1 6 2.73 131
1 6 2.74 132
1 6 2.74 133
1 6 2.74 134
1 6 2.73 135
1 6 2.74 136
1 6 2.74 137
1 6 2.73 138
1 6 2.73 139
1 6 2.74 140
1 6 2.73 141
1 6 2.74 142
1 6 2.73 143
1 6 2.73 144
1 6 2.73 145
1 6 2.73 146
1 6 2.73 147
1 6 2.73 148
1 6 2.72 149
1 6 2.73 150
1 6 2.72 151
1 6 2.72 152
1 6 2.72 153
1 6 2.71 154
1 6 2.72 155
1 6 2.71 156
1 6 2.71 157
1 6 2.71 158
1 6 2.70 159
1 6 2.71 160
1 6 2.70 161
1 6 2.70 162
1 6 2.70 163
1 6 2.70 164
1 6 2.70 165
1 6 2.69 166
1 6 2.69 167
1 6 2.69 168
1 6 2.69 169
1 6 2.69 170
1 6 2.69 171
1 6 2.69 172
1 6 2.69 173
1 6 2.70 174
1 6 2.70 175
1 6 2.70 176
1 6 2.70 177
1 6 2.70 178
1 6 2.70 179
1 6 2.70 180
1 6 2.70 181
1 6 2.71 182
1 6 2.71 183
1 6 2.71 184
1 6 2.72 185
1 6 2.72 186
1 6 2.71 187
1 6 2.71 188
1 6 2.71 189
1 6 2.72 190
1 6 2.72 191
1 6 2.73 192
1 6 2.74 193
1 6 2.74 194
1 6 2.74 195
1 6 2.73 196
1 6 2.74 197
1 6 2.74 198
1 6 2.74 199
1 6 2.75 200
1 6 2.75 201
1 6 2.74 202
1 6 2.74 203
1 6 2.75 204
1 6 2.74 205
1 6 2.74 206
1 6 2.74 207
1 6 2.75 208
1 6 2.74 209
1 6 2.74 210
1 6 2.74 211
1 6 2.75 212
1 6 2.74 213
1 6 2.74 214
1 6 2.74 215
1 6 2.74 216
1 6 2.74 217
1 6 2.75 218
1 6 2.74 219
1 6 2.74 220
1 6 2.75 221
1 6 2.75 222
1 6 2.74 223
1 6 2.74 224
1 6 2.74 225
1 6 2.74 226
1 6 2.74 227
1 6 2.74 228
1 6 2.73 229
1 6 2.73 230
1 6 2.73 231
1 6 2.73 232
1 6 2.73 233
1 6 2.74 234
1 6 2.74 235
1 6 2.73 236
1 6 2.73 237
1 6 2.73 238
1 6 2.73 239
1 6 2.73 240
1 6 2.73 241
1 6 2.73 242
1 6 2.73 243
1 6 2.73 244
1 6 2.73 245
1 6 2.74 246
1 6 2.74 247
1 6 2.74 248
1 6 2.73 249
1 6 2.74 250
1 6 2.74 251
1 6 2.74 252
1 6 2.74 253
1 6 2.74 254
1 6 2.74 255
1 6 2.73 256
1 6 2.74 257
1 6 2.74 258
1 6 2.73 259
1 6 2.73 260
1 6 2.74 261
1 6 2.74 262
1 6 2.73 263
1 6 2.73 264
1 6 2.73 265
1 6 2.73 266
1 6 2.72 267
1 6 2.72 268
1 7 2.74 269
1 7 2.74 270
1 7 2.74 271
1 7 2.74 272
1 7 2.73 273
1 7 2.73 274
1 7 2.73 275
1 7 2.73 276
1 7 2.74 277
1 7 2.73 278
1 7 2.73 279
1 7 2.73 280
1 7 2.73 281
1 7 2.73 282
1 7 2.75 283
1 7 2.74 284
1 7 2.74 285
1 7 2.74 286
1 7 2.74 287
1 7 2.74 288
1 7 2.74 289
1 7 2.74 290
1 7 2.74 291
1 7 2.74 292
1 7 2.74 293
1 7 2.74 294
1 7 2.74 295
1 7 2.74 296
1 7 2.74 297
1 7 2.73 298
1 7 2.73 299
1 7 2.73 300
1 7 2.73 301
1 7 2.74 302
1 7 2.73 303
1 7 2.73 304
1 7 2.73 305
1 7 2.73 306
1 7 2.73 307
1 7 2.73 308
1 7 2.73 309
1 7 2.73 310
1 7 2.73 311
1 7 2.73 312
1 7 2.73 313
1 7 2.73 314
1 7 2.73 315
1 7 2.73 316
1 7 2.73 317
1 7 2.73 318
1 7 2.73 319
1 7 2.73 320
1 7 2.73 321
1 7 2.73 322
1 7 2.73 323
1 7 2.73 324
1 7 2.73 325
1 7 2.73 326
1 7 2.73 327
1 7 2.73 328
1 7 2.73 329
1 7 2.74 330
1 7 2.73 331
1 7 2.73 332
1 7 2.74 333
1 7 2.74 334
1 7 2.73 335
1 7 2.74 336
1 7 2.74 337
1 7 2.73 338
1 7 2.74 339
1 7 2.74 340
1 7 2.74 341
1 7 2.74 342
1 7 2.74 343
1 7 2.74 344
1 7 2.74 345
1 7 2.74 346
1 7 2.74 347
1 7 2.74 348
1 7 2.74 349
1 7 2.74 350
1 7 2.74 351
1 7 2.74 352
1 7 2.74 353
1 7 2.75 354
1 7 2.75 355
1 7 2.75 356
1 7 2.75 357
1 7 2.75 358
1 7 2.75 359
1 7 2.76 360
1 7 2.76 361
1 7 2.76 362
1 7 2.76 363
1 7 2.76 364
1 7 2.76 365
1 7 2.76 366
1 7 2.75 367
1 7 2.76 368
1 7 2.76 369
1 7 2.76 370
1 7 2.76 371
1 7 2.76 372
1 7 2.76 373
1 7 2.76 374
1 7 2.76 375
1 7 2.76 376
1 7 2.76 377
1 7 2.76 378
1 7 2.77 379
1 7 2.77 380
1 7 2.77 381
1 7 2.78 382
1 7 2.78 383
1 7 2.78 384
1 7 2.78 385
1 7 2.77 386
1 7 2.77 387
1 7 2.77 388
1 7 2.77 389
1 7 2.77 390
1 7 2.77 391
1 7 2.77 392
1 7 2.77 393
1 7 2.77 394
1 7 2.78 395
1 7 2.78 396
1 7 2.78 397
1 7 2.78 398
1 7 2.78 399
1 7 2.77 400
1 7 2.78 401
1 7 2.77 402
1 7 2.77 403
1 7 2.77 404
1 7 2.78 405
1 7 2.78 406
1 7 2.78 407
1 7 2.78 408
1 7 2.78 409
1 7 2.78 410
1 7 2.78 411
1 7 2.78 412
1 7 2.78 413
1 7 2.78 414
1 7 2.78 415
1 7 2.78 416
1 7 2.78 417
1 7 2.78 418
1 7 2.78 419
1 7 2.78 420
1 7 2.77 421
1 7 2.78 422
1 7 2.78 423
1 7 2.78 424
1 7 2.78 425
1 7 2.77 426
1 7 2.78 427
1 7 2.78 428
1 7 2.77 429
1 7 2.77 430
1 7 2.77 431
1 7 2.77 432
1 7 2.77 433
1 7 2.77 434
1 7 2.77 435
1 7 2.77 436
1 7 2.77 437
1 7 2.77 438
1 7 2.77 439
1 7 2.77 440
1 7 2.77 441
1 7 2.77 442
1 7 2.77 443
1 7 2.77 444
1 7 2.77 445
1 7 2.77 446
1 7 2.77 447
1 7 2.77 448
1 7 2.77 449
1 7 2.77 450
1 7 2.77 451
1 7 2.77 452
1 7 2.77 453
1 7 2.77 454
1 7 2.76 455
1 7 2.77 456
1 7 2.77 457
1 7 2.76 458
1 7 2.76 459
1 7 2.77 460
1 7 2.77 461
1 7 2.76 462
1 7 2.76 463
1 7 2.76 464
1 7 2.76 465
1 7 2.76 466
1 7 2.76 467
1 7 2.76 468
1 7 2.76 469
1 7 2.76 470
1 7 2.76 471
1 7 2.76 472
1 7 2.77 473
1 7 2.77 474
1 7 2.77 475
1 7 2.77 476
1 7 2.77 477
1 7 2.77 478
1 7 2.76 479
1 7 2.76 480
1 7 2.76 481
1 7 2.76 482
1 7 2.76 483
1 7 2.76 484
1 7 2.76 485
1 7 2.76 486
1 7 2.77 487
1 7 2.77 488
1 7 2.76 489
1 7 2.77 490
1 7 2.77 491
1 7 2.76 492
1 7 2.76 493
1 7 2.77 494
1 7 2.76 495
1 7 2.76 496
1 7 2.76 497
1 7 2.76 498
1 7 2.76 499
1 7 2.76 500
1 7 2.76 501
1 7 2.76 502
1 7 2.76 503
1 7 2.76 504
1 7 2.76 505
1 7 2.76 506
1 7 2.76 507
1 7 2.76 508
1 7 2.76 509
1 7 2.75 510
1 7 2.76 511
1 7 2.75 512
1 7 2.75 513
1 7 2.75 514
1 7 2.75 515
1 7 2.75 516
1 7 2.75 517
1 7 2.75 518
1 7 2.75 519
1 7 2.75 520
1 7 2.75 521
1 7 2.75 522
1 7 2.75 523
1 7 2.75 524
1 7 2.75 525
1 7 2.75 526
1 7 2.76 527
1 7 2.76 528
1 7 2.76 529
1 7 2.76 530
1 7 2.76 531
1 7 2.75 532
1 7 2.75 533
1 7 2.76 534
1 7 2.76 535
1 7 2.76 536
1 7 2.76 537
1 7 2.76 538
1 7 2.76 539
1 7 2.76 540
1 7 2.75 541
1 7 2.75 542
1 7 2.76 543
1 7 2.76 544
1 7 2.76 545
1 7 2.76 546
1 7 2.76 547
1 7 2.76 548
1 7 2.76 549
1 7 2.76 550
1 7 2.76 551
1 7 2.76 552
1 7 2.76 553
1 7 2.76 554
1 7 2.76 555
1 7 2.76 556
1 7 2.76 557
1 7 2.76 558
1 7 2.76 559
1 7 2.76 560
1 7 2.76 561
1 7 2.76 562
0 7 2.75 563
0 7 2.75 564
0 7 2.76 565
0 7 2.75 566
0 7 2.75 567
0 7 2.75 568
0 7 2.75 569
0 7 2.75 570
0 7 2.75 571
0 7 2.75 572
0 7 2.75 573
0 7 2.75 574
0 7 2.75 575
0 7 2.75 576
0 7 2.75 577
0 7 2.75 578
0 7 2.75 579
0 7 2.75 580
0 7 2.75 581
0 7 2.75 582
0 7 2.75 583
0 7 2.75 584
0 7 2.75 585
0 7 2.75 586
0 7 2.75 587
0 7 2.75 588
0 7 2.75 589
0 7 2.75 590
0 7 2.75 591
0 7 2.74 592
0 7 2.75 593
0 7 2.75 594
0 7 2.74 595
0 7 2.74 596
0 7 2.74 597
0 7 2.74 598
0 8 2.75 599
0 8 2.75 600
0 8 2.75 601
0 8 2.75 602
0 8 2.75 603
0 8 2.75 604
0 8 2.75 605
0 8 2.75 606
0 24 2.79 607
0 24 2.79 608
0 24 2.79 609
0 24 2.79 610
0 24 2.79 611
0 24 2.79 612
0 24 2.79 613
0 24 2.79 614
0 24 2.79 615
0 24 2.78 616
0 24 2.78 617
0 24 2.78 618
0 24 2.78 619
0 24 2.79 620
0 24 2.78 621
0 24 2.79 622
0 24 2.79 623
0 24 2.79 624
0 24 2.79 625
0 24 2.79 626
0 24 2.79 627
0 24 2.79 628
0 24 2.79 629
0 24 2.79 630
0 24 2.79 631
0 24 2.79 632
0 24 2.79 633
0 24 2.79 634
0 24 2.79 635
0 24 2.79 636
0 