1 1 1.00 1
1 1 1.00 2
0 1 0.67 3
0 1 0.50 4
0 1 0.60 5
0 1 0.50 6
0 1 0.43 7
0 1 0.50 8
0 1 0.44 9
0 1 0.50 10
0 2 0.64 11
0 2 0.67 12
0 2 0.62 13
0 2 0.64 14
0 2 0.60 15
0 2 0.56 16
0 2 0.59 17
0 2 0.56 18
0 2 0.58 19
0 2 0.60 20
0 2 0.62 21
0 2 0.64 22
0 2 0.61 23
0 2 0.62 24
0 2 0.60 25
0 2 0.62 26
0 2 0.63 27
0 2 0.61 28
0 2 0.62 29
0 2 0.60 30
0 2 0.61 31
0 2 0.62 32
0 2 0.61 33
0 2 0.62 34
0 2 0.60 35
0 2 0.58 36
0 2 0.57 37
0 2 0.61 38
0 2 0.59 39
0 2 0.57 40
0 2 0.59 41
0 2 0.60 42
0 2 0.58 43
0 2 0.57 44
0 2 0.56 45
0 2 0.57 46
0 2 0.55 47
0 2 0.56 48
0 2 0.57 49
0 2 0.58 50
0 2 0.59 51
0 2 0.58 52
0 2 0.60 53
0 2 0.61 54
0 2 0.60 55
0 2 0.59 56
0 2 0.60 57
0 2 0.59 58
0 2 0.59 59
0 2 0.60 60
0 2 0.59 61
0 2 0.60 62
0 2 0.60 63
0 2 0.59 64
0 2 0.58 65
0 2 0.59 66
0 2 0.58 67
0 2 0.57 68
0 2 0.57 69
0 2 0.57 70
0 2 0.58 71
0 2 0.57 72
0 2 0.58 73
0 2 0.57 74
0 2 0.56 75
0 2 0.57 76
0 2 0.56 77
0 2 0.55 78
0 2 0.54 79
0 2 0.55 80
0 2 0.54 81
0 2 0.56 82
0 2 0.55 83
0 2 0.56 84
0 2 0.56 85
0 2 0.57 86
0 2 0.57 87
0 2 0.57 88
0 2 0.57 89
0 2 0.57 90
0 2 0.56 91
0 2 0.55 92
0 2 0.55 93
0 2 0.55 94
0 2 0.55 95
0 2 0.55 96
0 2 0.55 97
0 2 0.54 98
0 2 0.54 99
0 2 0.54 100
0 2 0.54 101
0 2 0.55 102
0 2 0.54 103
0 2 0.55 104
0 2 0.54 105
0 2 0.54 106
0 2 0.53 107
0 2 0.53 108
0 2 0.52 109
0 2 0.52 110
0 2 0.52 111
0 2 0.52 112
0 2 0.51 113
0 2 0.51 114
0 2 0.52 115
0 2 0.53 116
0 2 0.52 117
0 2 0.52 118
0 2 0.51 119
0 2 0.51 120
0 2 0.50 121
0 2 0.51 122
0 2 0.50 123
0 2 0.51 124
0 2 0.50 125
0 2 0.51 126
0 2 0.51 127
0 2 0.51 128
0 2 0.51 129
0 2 0.52 130
0 2 0.51 131
0 2 0.52 132
0 2 0.51 133
0 2 0.51 134
0 2 0.51 135
0 2 0.51 136
0 2 0.52 137
0 2 0.52 138
0 2 0.53 139
0 2 0.53 140
0 2 0.53 141
0 2 0.53 142
0 2 0.53 143
0 2 0.53 144
0 2 0.53 145
0 2 0.53 146
0 2 0.53 147
0 2 0.53 148
0 2 0.52 149
0 2 0.52 150
0 2 0.52 151
0 2 0.51 152
0 2 0.51 153
0 2 0.51 154
0 2 0.52 155
0 2 0.52 156
0 2 0.52 157
0 2 0.51 158
0 2 0.51 159
0 2 0.51 160
0 2 0.51 161
0 2 0.51 162
0 2 0.51 163
0 2 0.51 164
0 2 0.51 165
0 2 0.51 166
0 2 0.51 167
0 2 0.51 168
0 2 0.51 169
0 2 0.51 170
0 2 0.51 171
0 2 0.51 172
0 2 0.51 173
0 2 0.52 174
0 2 0.51 175
0 2 0.52 176
0 2 0.52 177
0 2 0.52 178
0 2 0.52 179
0 2 0.52 180
0 2 0.52 181
0 2 0.52 182
0 2 0.51 183
0 2 0.51 184
0 2 0.51 185
0 2 0.52 186
0 2 0.51 187
0 2 0.52 188
0 2 0.51 189
0 2 0.52 190
0 2 0.51 191
0 2 0.51 192
0 2 0.51 193
0 2 0.51 194
0 2 0.51 195
0 2 0.51 196
0 2 0.51 197
0 2 0.51 198
0 2 0.51 199
0 2 0.51 200
0 2 0.51 201
0 2 0.51 202
0 2 0.51 203
0 2 0.51 204
0 2 0.51 205
0 2 0.51 206
0 2 0.51 207
0 2 0.51 208
0 2 0.51 209
0 2 0.50 210
0 2 0.50 211
0 2 0.50 212
0 2 0.50 213
0 2 0.50 214
0 2 0.50 215
0 2 0.50 216
0 2 0.50 217
0 2 0.50 218
0 2 0.50 219
0 2 0.50 220
0 2 0.50 221
0 2 0.50 222
0 2 0.51 223
0 2 0.50 224
0 2 0.51 225
0 2 0.50 226
0 2 0.50 227
0 2 0.50 228
0 2 0.50 229
0 2 0.50 230
0 2 0.50 231
0 2 0.50 232
0 2 0.51 233
0 2 0.51 234
0 2 0.51 235
0 2 0.51 236
0 2 0.51 237
0 2 0.51 238
0 2 0.51 239
0 2 0.51 240
0 2 0.51 241
0 2 0.50 242
0 2 0.51 243
0 2 0.50 244
0 2 0.51 245
0 2 0.50 246
0 2 0.51 247
0 2 0.50 248
0 2 0.51 249
0 2 0.50 250
0 2 0.50 251
0 2 0.50 252
0 2 0.50 253
0 2 0.50 254
0 2 0.50 255
0 2 0.50 256
0 2 0.50 257
0 2 0.50 258
0 2 0.49 259
0 2 0.49 260
0 2 0.49 261
0 2 0.50 262
0 2 0.49 263
0 2 0.50 264
0 2 0.50 265
0 2 0.50 266
0 2 0.50 267
0 2 0.50 268
0 2 0.50 269
0 2 0.50 270
0 2 0.50 271
0 2 0.50 272
0 2 0.50 273
0 2 0.50 274
0 2 0.50 275
0 2 0.50 276
0 2 0.50 277
0 2 0.50 278
0 2 0.50 279
0 2 0.50 280
0 2 0.50 281
0 2 0.50 282
0 2 0.49 283
0 2 0.49 284
0 2 0.49 285
0 2 0.49 286
0 2 0.49 287
0 2 0.49 288
0 2 0.49 289
0 2 0.49 290
0 2 0.49 291
0 2 0.49 292
0 2 0.49 293
0 2 0.49 294
0 2 0.48 295
0 2 0.48 296
0 2 0.48 297
0 2 0.48 298
0 2 0.48 299
0 2 0.48 300
0 2 0.48 301
0 2 0.47 302
0 2 0.48 303
0 2 0.48 304
0 2 0.48 305
0 2 0.48 306
0 2 0.48 307
0 2 0.48 308
0 2 0.48 309
0 2 0.48 310
0 2 0.48 311
0 2 0.47 312
0 2 0.47 313
0 2 0.47 314
0 2 0.47 315
0 2 0.47 316
0 2 0.47 317
0 2 0.47 318
0 2 0.47 319
0 2 0.47 320
0 2 0.47 321
0 2 0.47 322
0 2 0.48 323
0 2 0.48 324
0 2 0.47 325
0 2 0.48 326
0 2 0.47 327
0 2 0.48 328
0 2 0.47 329
0 2 0.47 330
0 2 0.47 331
0 2 0.47 332
0 2 0.47 333
0 2 0.47 334
0 2 0.47 335
0 2 0.47 336
0 2 0.47 337
0 2 0.46 338
0 2 0.46 339
0 2 0.46 340
0 2 0.47 341
0 2 0.46 342
0 2 0.47 343
0 2 0.47 344
0 2 0.47 345
0 2 0.47 346
0 2 0.46 347
0 2 0.46 348
0 2 0.46 349
0 2 0.46 350
0 2 0.46 351
0 2 0.47 352
0 2 0.46 353
0 2 0.46 354
0 2 0.46 355
0 2 0.46 356
0 2 0.46 357
0 2 0.46 358
0 2 0.46 359
0 2 0.46 360
0 2 0.46 361
0 2 0.46 362
0 2 0.46 363
0 2 0.46 364
0 2 0.47 365
0 2 0.46 366
0 2 0.47 367
0 2 0.46 368
0 2 0.47 369
0 2 0.46 370
0 2 0.47 371
0 2 0.47 372
0 2 0.47 373
0 2 0.47 374
0 2 0.47 375
0 2 0.47 376
0 2 0.47 377
0 2 0.47 378
0 2 0.47 379
0 2 0.47 380
0 2 0.47 381
0 2 0.47 382
0 2 0.47 383
0 2 0.47 384
0 2 0.47 385
0 2 0.47 386
0 2 0.47 387
0 2 0.47 388
0 2 0.47 389
0 2 0.47 390
0 2 0.47 391
0 2 0.47 392
0 2 0.47 393
0 2 0.47 394
0 2 0.47 395
0 2 0.47 396
0 2 0.47 397
0 2 0.47 398
0 2 0.47 399
0 2 0.47 400
0 2 0.47 401
0 2 0.47 402
0 2 0.47 403
0 2 0.47 404
0 2 0.47 405
0 2 0.47 406
0 2 0.47 407
0 2 0.47 408
0 2 0.47 409
0 2 0.47 410
0 2 0.47 411
0 2 0.47 412
0 2 0.47 413
0 2 0.47 414
0 2 0.47 415
0 2 0.47 416
0 2 0.47 417
0 2 0.47 418
0 2 0.47 419
0 2 0.47 420
0 2 0.47 421
0 2 0.47 422
0 2 0.48 423
0 2 0.47 424
0 2 0.48 425
0 2 0.48 426
0 2 0.48 427
0 2 0.48 428
0 2 0.48 429
0 2 0.48 430
0 2 0.48 431
0 2 0.48 432
0 2 0.48 433
0 2 0.48 434
0 2 0.48 435
0 2 0.48 436
0 2 0.48 437
0 2 0.48 438
0 2 0.48 439
0 2 0.48 440
0 2 0.48 441
0 2 0.48 442
0 2 0.48 443
0 2 0.48 444
0 2 0.48 445
0 2 0.48 446
0 2 0.48 447
0 2 0.48 448
0 2 0.48 449
0 2 0.48 450
0 2 0.48 451
0 2 0.48 452
0 2 0.48 453
0 2 0.48 454
0 2 0.48 455
0 2 0.48 456
0 2 0.48 457
0 2 0.48 458
0 2 0.48 459
0 2 0.48 460
0 2 0.48 461
0 2 0.48 462
0 2 0.48 463
0 2 0.48 464
0 2 0.48 465
0 2 0.48 466
0 2 0.48 467
0 2 0.48 468
0 2 0.48 469
0 2 0.48 470
0 2 0.48 471
0 2 0.48 472
0 2 0.48 473
0 2 0.48 474
0 2 0.48 475
0 2 0.48 476
0 2 0.48 477
0 2 0.48 478
0 2 0.48 479
0 2 0.48 480
0 2 0.48 481
0 2 0.48 482
0 2 0.48 483
0 2 0.48 484
0 2 0.48 485
0 2 0.48 486
0 2 0.47 487
0 2 0.47 488
0 2 0.47 489
0 2 0.47 490
0 2 0.47 491
0 2 0.47 492
0 2 0.47 493
0 2 0.47 494
0 2 0.47 495
0 2 0.47 496
0 2 0.47 497
0 2 0.47 498
0 2 0.47 499
0 2 0.47 500
0 2 0.48 501
0 2 0.47 502
0 2 0.48 503
0 2 0.48 504
0 2 0.48 505
0 2 0.48 506
0 2 0.48 507
0 2 0.48 508
0 2 0.48 509
0 2 0.48 510
0 2 0.48 511
0 2 0.48 512
0 2 0.48 513
0 2 0.48 514
0 2 0.48 515
0 2 0.48 516
0 2 0.48 517
0 2 0.48 518
0 2 0.48 519
0 2 0.48 520
0 2 0.48 521
0 2 0.48 522
0 2 0.48 523
0 2 0.48 524
0 2 0.48 525
0 2 0.48 526
0 2 0.48 527
0 2 0.48 528
0 2 0.48 529
0 2 0.48 530
0 2 0.47 531
0 2 0.48 532
0 2 0.48 533
0 2 0.48 534
0 2 0.47 535
0 2 0.47 536
0 2 0.47 537
0 2 0.47 538
0 2 0.47 539
0 2 0.47 540
0 2 0.47 541
0 2 0.47 542
0 2 0.47 543
0 2 0.47 544
0 2 0.47 545
0 2 0.47 546
0 2 0.47 547
0 2 0.47 548
0 2 0.47 549
0 2 0.47 550
0 2 0.47 551
0 2 0.47 552
0 2 0.47 553
0 2 0.47 554
0 2 0.47 555
0 2 0.47 556
0 2 0.47 557
0 2 0.47 558
0 2 0.47 559
0 2 0.47 560
0 2 0.47 561
0 2 0.47 562
0 2 0.47 563
0 2 0.47 564
0 2 0.47 565
0 2 0.47 566
0 2 0.47 567
0 2 0.47 568
0 2 0.47 569
0 2 0.47 570
0 2 0.47 571
0 2 0.47 572
0 2 0.47 573
0 2 0.47 574
0 2 0.47 575
0 2 0.47 576
0 2 0.47 577
0 2 0.47 578
0 2 0.47 579
0 2 0.47 580
0 2 0.47 581
0 2 0.47 582
0 2 0.47 583
0 2 0.47 584
0 2 0.48 585
0 2 0.47 586
0 2 0.47 587
0 2 0.48 588
0 2 0.48 589
0 2 0.47 590
0 2 0.48 591
0 2 0.48 592
0 2 0.48 593
0 2 0.48 594
0 2 0.48 595
0 2 0.48 596
0 2 0.48 597
0 2 0.48 598
0 2 0.48 599
0 2 0.47 600
0 2 0.48 601
0 2 0.48 602
0 2 0.47 603
0 2 0.48 604
0 2 0.48 605
0 2 0.48 606
0 2 0.48 607
0 2 0.48 608
0 2 0.48 609
0 2 0.48 610
0 2 0.47 611
0 2 0.48 612
0 2 0.48 613
0 2 0.48 614
0 2 0.48 615
0 2 0.48 616
0 2 0.48 617
0 2 0.48 618
0 2 0.48 619
0 2 0.48 620
0 2 0.48 621
0 2 0.48 622
0 2 0.48 623
0 2 0.48 624
0 2 0.48 625
0 2 0.48 626
0 2 0.48 627
0 2 0.48 628
0 2 0.48 629
0 2 0.48 630
0 2 0.48 631
0 2 0.48 632
0 2 0.48 633
0 2 0.48 634
0 2 0.48 635
0 2 0.48 636
0 2 0.48 637
0 2 0.48 638
0 2 0.48 639
0 2 0.48 640
0 2 0.48 641
0 2 0.48 642
0 2 0.48 643
0 2 0.48 644
0 2 0.48 645
0 2 0.48 646
0 2 0.48 647
0 2 0.48 648
0 2 0.48 649
0 2 0.48 650
0 2 0.48 651
0 2 0.48 652
0 2 0.48 653
0 2 0.48 654
0 2 0.48 655
0 2 0.48 656
0 2 0.48 657
0 2 0.48 658
0 2 0.48 659
0 2 0.48 660
0 2 0.48 661
0 2 0.48 662
0 2 0.48 663
0 2 0.48 664
0 2 0.48 665
0 2 0.48 666
0 2 0.48 667
0 2 0.48 668
0 2 0.48 669
0 2 0.48 670
0 2 0.48 671
0 2 0.48 672
0 2 0.48 673
0 2 0.48 674
0 2 0.48 675
0 2 0.48 676
0 2 0.48 677
0 2 0.48 678
0 2 0.48 679
0 2 0.48 680
0 2 0.48 681
0 2 0.48 682
0 2 0.48 683
0 2 0.48 684
0 2 0.48 685
0 2 0.48 686
0 2 0.48 687
0 2 0.48 688
0 2 0.48 689
0 2 0.48 690
0 2 0.48 691
0 2 0.48 692
0 2 0.48 693
0 2 0.48 694
0 2 0.48 695
0 2 0.48 696
0 2 0.48 697
0 2 0.48 698
0 2 0.48 699
0 2 0.48 700
0 2 0.48 701
0 2 0.48 702
0 2 0.48 703
0 2 0.48 704
0 2 0.48 705
0 2 0.48 706
0 2 0.48 707
0 2 0.48 708
0 2 0.48 709
0 2 0.48 710
0 2 0.48 711
0 2 0.48 712
0 2 0.48 713
0 2 0.48 714
0 2 0.48 715
0 2 0.48 716
0 2 0.48 717
0 2 0.48 718
0 2 0.48 719
0 2 0.48 720
0 2 0.48 721
0 2 0.48 722
0 2 0.48 723
0 2 0.48 724
0 2 0.48 725
0 2 0.48 726
0 2 0.48 727
0 2 0.48 728
0 2 0.48 729
0 2 0.48 730
0 2 0.48 731
0 2 0.48 732
0 2 0.48 733
0 2 0.48 734
0 2 0.48 735
0 2 0.48 736
0 2 0.48 737
0 2 0.48 738
0 2 0.48 739
0 2 0.48 740
0 2 0.48 741
0 2 0.48 742
0 2 0.48 743
0 2 0.48 744
0 2 0.48 745
0 2 0.48 746
0 2 0.48 747
0 2 0.48 748
0 2 0.48 749
0 2 0.48 750
0 2 0.48 751
0 2 0.48 752
0 2 0.48 753
0 2 0.48 754
0 2 0.48 755
0 2 0.48 756
0 2 0.48 757
0 2 0.48 758
0 2 0.48 759
0 2 0.48 760
0 2 0.48 761
0 2 0.48 762
0 2 0.48 763
0 2 0.48 764
0 2 0.48 765
0 2 0.48 766
0 2 0.48 767
0 2 0.48 768
0 2 0.48 769
0 2 0.48 770
0 2 0.48 771
0 2 0.48 772
0 2 0.48 773
0 2 0.48 774
0 2 0.48 775
0 2 0.48 776
0 2 0.48 777
0 2 0.48 778
0 2 0.48 779
0 2 0.48 780
0 2 0.48 781
0 2 0.48 782
0 2 0.48 783
0 2 0.48 784
0 2 0.48 785
0 2 0.48 786
0 2 0.48 787
0 2 0.48 788
0 2 0.48 789
0 2 0.48 790
0 2 0.48 791
0 2 0.48 792
0 2 0.48 793
0 2 0.48 794
0 2 0.48 795
0 2 0.48 796
0 2 0.48 797
0 2 0.48 798
0 2 0.48 799
0 2 0.48 800
0 2 0.48 801
0 2 0.48 802
0 2 0.48 803
0 2 0.48 804
0 2 0.48 805
0 2 0.48 806
0 2 0.48 807
0 2 0.48 808
0 2 0.48 809
0 2 0.48 810
0 2 0.48 811
0 2 0.48 812
0 2 0.48 813
0 2 0.48 814
0 2 0.48 815
0 2 0.48 816
0 2 0.48 817
0 2 0.48 818
0 2 0.48 819
0 2 0.48 820
0 2 0.48 821
0 2 0.48 822
0 2 0.48 823
0 2 0.48 824
0 2 0.48 825
0 2 0.48 826
0 2 0.48 827
0 2 0.47 828
0 2 0.47 829
0 2 0.47 830
0 2 0.47 831
0 2 0.47 832
0 2 0.47 833
0 2 0.47 834
0 2 0.47 835
0 2 0.47 836
0 2 0.47 837
0 2 0.47 838
0 2 0.47 839
0 2 0.47 840
0 2 0.47 841
0 2 0.47 842
0 2 0.47 843
0 2 0.47 844
0 2 0.47 845
0 2 0.48 846
0 2 0.47 847
0 2 0.47 848
0 2 0.47 849
0 2 0.47 850
0 2 0.47 851
0 2 0.47 852
0 2 0.47 853
0 2 0.47 854
0 2 0.47 855
0 2 0.47 856
0 2 0.47 857
0 2 0.47 858
0 2 0.47 859
0 2 0.47 860
0 2 0.47 861
0 2 0.47 862
0 2 0.47 863
0 2 0.47 864
0 2 0.47 865
0 2 0.47 866
0 2 0.47 867
0 2 0.47 868
0 2 0.47 869
0 2 0.47 870
0 2 0.47 871
0 2 0.47 872
0 2 0.47 873
0 2 0.47 874
0 2 0.47 875
0 2 0.47 876
0 2 0.47 877
0 2 0.47 878
0 2 0.47 879
0 2 0.47 880
0 2 0.47 881
0 2 0.47 882
0 2 0.47 883
0 2 0.47 884
0 2 0.47 885
0 2 0.47 886
0 2 0.47 887
0 2 0.47 888
0 2 0.47 889
0 2 0.47 890
0 2 0.47 891
0 2 0.47 892
0 2 0.47 893
0 2 0.47 894
0 2 0.47 895
0 2 0.47 896
0 2 0.47 897
0 2 0.47 898
0 2 0.47 899
0 2 0.47 900
0 2 0.47 901
0 2 0.47 902
0 2 0.47 903
0 2 0.47 904
0 2 0.47 905
0 2 0.47 906
0 2 0.47 907
0 2 0.47 908
0 2 0.47 909
0 2 0.47 910
0 2 0.47 911
0 2 0.47 912
0 2 0.47 913
0 2 0.47 914
0 2 0.47 915
0 2 0.47 916
0 2 0.47 917
0 2 0.47 918
0 2 0.46 919
0 2 0.46 920
0 2 0.46 921
0 2 0.46 922
0 2 0.46 923
0 2 0.46 924
0 2 0.46 925
0 2 0.46 926
0 2 0.46 927
0 2 0.46 928
0 2 0.47 929
0 2 0.46 930
0 2 0.47 931
0 2 0.46 932
0 2 0.46 933
0 2 0.46 934
0 2 0.46 935
0 2 0.46 936
0 2 0.46 937
0 2 0.46 938
0 2 0.46 939
0 2 0.46 940
0 2 0.46 941
0 2 0.46 942
0 2 0.46 943
0 2 0.46 944
0 2 0.46 945
0 2 0.46 946
0 2 0.46 947
0 13 0.48 948
0 13 0.48 949
0 13 0.48 950
0 13 0.48 951
0 13 0.48 952
0 13 0.48 953
0