3 3 3.00 1
1 3 2.00 2
1 3 2.33 3
1 3 2.00 4
1 3 2.00 5
1 3 1.83 6
1 3 1.86 7
1 3 1.75 8
1 3 1.67 9
1 3 1.70 10
1 3 1.73 11
1 3 1.67 12
1 3 1.69 13
1 3 1.71 14
1 3 1.67 15
1 3 1.62 16
1 3 1.65 17
1 3 1.61 18
1 3 1.58 19
1 3 1.60 20
1 3 1.62 21
1 3 1.59 22
1 3 1.65 23
1 3 1.67 24
1 3 1.68 25
1 3 1.69 26
1 3 1.74 27
1 3 1.75 28
1 3 1.72 29
1 3 1.77 30
1 3 1.74 31
1 3 1.72 32
1 3 1.70 33
1 3 1.71 34
1 3 1.71 35
1 3 1.69 36
1 3 1.68 37
1 3 1.68 38
1 3 1.67 39
1 3 1.65 40
1 3 1.66 41
1 3 1.64 42
1 3 1.65 43
1 3 1.66 44
1 3 1.67 45
1 3 1.65 46
1 3 1.66 47
1 3 1.65 48
1 3 1.63 49
1 3 1.62 50
1 3 1.63 51
1 3 1.62 52
1 3 1.64 53
0 3 1.61 54
0 4 1.65 55
0 4 1.64 56
0 4 1.65 57
0 4 1.64 58
0 4 1.63 59
0 4 1.63 60
0 4 1.64 61
0 4 1.65 62
0 4 1.63 63
0 4 1.62 64
0 4 1.63 65
0 4 1.62 66
0 4 1.60 67
0 4 1.60 68
0 4 1.61 69
0 4 1.60 70
0 4 1.61 71
0 4 1.61 72
0 4 1.60 73
0 4 1.59 74
0 4 1.60 75
0 4 1.59 76
0 4 1.60 77
0 4 1.58 78
0 4 1.56 79
0 4 1.55 80
0 4 1.54 81
0 4 1.55 82
0 4 1.55 83
0 4 1.56 84
0 4 1.58 85
0 4 1.57 86
0 4 1.56 87
0 4 1.56 88
0 4 1.55 89
0 4 1.54 90
0 4 1.54 91
0 4 1.53 92
0 4 1.54 93
0 4 1.53 94
0 4 1.54 95
0 4 1.53 96
0 4 1.53 97
0 4 1.53 98
0 4 1.53 99
0 4 1.52 100
0 4 1.52 101
0 4 1.52 102
0 4 1.52 103
0 4 1.52 104
0 4 1.51 105
0 4 1.51 106
0 4 1.50 107
0 4 1.50 108
0 4 1.50 109
0 4 1.49 110
0 4 1.49 111
0 4 1.49 112
0 4 1.48 113
0 4 1.48 114
0 4 1.48 115
0 4 1.48 116
0 4 1.49 117
0 4 1.49 118
0 4 1.50 119
0 4 1.50 120
0 4 1.50 121
0 4 1.49 122
0 4 1.50 123
0 4 1.49 124
0 4 1.50 125
0 4 1.50 126
0 4 1.50 127
0 4 1.51 128
0 4 1.50 129
0 4 1.51 130
0 4 1.51 131
0 4 1.52 132
0 4 1.53 133
0 4 1.52 134
0 4 1.53 135
0 4 1.53 136
0 4 1.53 137
0 4 1.53 138
0 4 1.53 139
0 4 1.54 140
0 4 1.55 141
0 4 1.54 142
0 4 1.54 143
0 4 1.53 144
0 4 1.53 145
0 4 1.53 146
0 4 1.53 147
0 4 1.53 148
0 4 1.52 149
0 4 1.53 150
0 4 1.52 151
0 4 1.53 152
0 4 1.53 153
0 4 1.53 154
0 4 1.53 155
0 4 1.53 156
0 4 1.52 157
0 4 1.53 158
0 4 1.53 159
0 4 1.53 160
0 4 1.53 161
0 4 1.53 162
0 4 1.53 163
0 4 1.54 164
0 4 1.54 165
0 4 1.54 166
0 4 1.54 167
0 4 1.54 168
0 4 1.53 169
0 4 1.54 170
0 4 1.53 171
0 4 1.54 172
0 4 1.54 173
0 4 1.54 174
0 4 1.54 175
0 4 1.55 176
0 4 1.55 177
0 4 1.55 178
0 4 1.55 179
0 4 1.54 180
0 4 1.54 181
0 4 1.54 182
0 4 1.54 183
0 4 1.54 184
0 4 1.55 185
0 4 1.55 186
0 4 1.54 187
0 4 1.55 188
0 4 1.54 189
0 4 1.55 190
0 4 1.54 191
0 4 1.54 192
0 4 1.54 193
0 4 1.53 194
0 4 1.53 195
0 4 1.53 196
0 4 1.53 197
0 4 1.54 198
0 4 1.54 199
0 4 1.54 200
0 4 1.54 201
0 4 1.54 202
0 4 1.54 203
0 4 1.54 204
0 4 1.54 205
0 4 1.53 206
0 4 1.53 207
0 4 1.52 208
0 4 1.52 209
0 4 1.53 210
0 4 1.53 211
0 4 1.53 212
0 4 1.53 213
0 4 1.53 214
0 4 1.53 215
0 4 1.53 216
0 4 1.53 217
0 4 1.53 218
0 4 1.53 219
0 4 1.53 220
0 4 1.53 221
0 4 1.53 222
0 4 1.53 223
0 4 1.53 224
0 4 1.53 225
0 4 1.53 226
0 4 1.53 227
0 4 1.54 228
0 4 1.54 229
0 4 1.53 230
0 4 1.53 231
0 4 1.54 232
0 4 1.54 233
0 4 1.54 234
0 4 1.54 235
0 4 1.54 236
0 4 1.54 237
0 4 1.54 238
0 4 1.54 239
0 4 1.54 240
0 4 1.54 241
0 4 1.54 242
0 4 1.54 243
0 4 1.54 244
0 4 1.54 245
0 4 1.54 246
0 4 1.54 247
0 4 1.54 248
0 4 1.54 249
0 4 1.54 250
0 4 1.54 251
0 4 1.54 252
0 4 1.54 253
0 4 1.54 254
0 4 1.54 255
0 4 1.54 256
0 4 1.54 257
0 4 1.54 258
0 4 1.54 259
0 4 1.54 260
0 4 1.54 261
0 4 1.54 262
0 4 1.54 263
0 4 1.54 264
0 4 1.54 265
0 4 1.54 266
0 4 1.54 267
0 4 1.54 268
0 4 1.55 269
0 4 1.55 270
0 4 1.55 271
0 4 1.55 272
0 4 1.55 273
0 4 1.54 274
0 4 1.54 275
0 4 1.54 276
0 4 1.54 277
0 4 1.54 278
0 4 1.54 279
0 4 1.54 280
0 4 1.54 281
0 4 1.54 282
0 4 1.54 283
0 4 1.54 284
0 4 1.55 285
0 4 1.55 286
0 4 1.55 287
0 4 1.55 288
0 4 1.55 289
0 4 1.56 290
0 4 1.55 291
0 4 1.55 292
0 4 1.55 293
0 4 1.55 294
0 4 1.55 295
0 4 1.55 296
0 4 1.56 297
0 4 1.56 298
0 4 1.56 299
0 4 1.56 300
0 4 1.56 301
0 4 1.56 302
0 4 1.55 303
0 4 1.55 304
0 4 1.55 305
0 4 1.55 306
0 4 1.55 307
0 4 1.55 308
0 4 1.55 309
0 4 1.55 310
0 4 1.55 311
0 4 1.55 312
0 4 1.55 313
0 4 1.55 314
0 4 1.56 315
0 4 1.55 316
0 4 1.55 317
0 4 1.55 318
0 4 1.55 319
0 4 1.55 320
0 4 1.55 321
0 4 1.55 322
0 4 1.55 323
0 4 1.55 324
0 4 1.55 325
0 4 1.55 326
0 4 1.55 327
0 4 1.55 328
0 4 1.55 329
0 4 1.55 330
0 4 1.55 331
0 4 1.55 332
0 4 1.55 333
0 4 1.55 334
0 4 1.55 335
0 4 1.55 336
0 4 1.55 337
0 4 1.55 338
0 4 1.55 339
0 4 1.55 340
0 4 1.55 341
0 4 1.55 342
0 4 1.55 343
0 4 1.54 344
0 4 1.54 345
0 4 1.54 346
0 4 1.54 347
0 4 1.55 348
0 4 1.54 349
0 4 1.55 350
0 4 1.55 351
0 4 1.55 352
0 4 1.55 353
0 4 1.55 354
0 4 1.55 355
0 4 1.54 356
0 4 1.54 357
0 4 1.54 358
0 4 1.54 359
0 4 1.54 360
0 4 1.54 361
0 4 1.55 362
0 4 1.55 363
0 4 1.54 364
0 4 1.54 365
0 4 1.54 366
0 4 1.54 367
0 4 1.54 368
0 4 1.54 369
0 4 1.54 370
0 4 1.53 371
0 4 1.53 372
0 4 1.53 373
0 4 1.53 374
0 4 1.53 375
0 4 1.53 376
0 4 1.53 377
0 4 1.53 378
0 4 1.53 379
0 4 1.53 380
0 4 1.53 381
0 4 1.53 382
0 4 1.53 383
0 4 1.53 384
0 4 1.53 385
0 4 1.53 386
0 4 1.53 387
0 4 1.53 388
0 4 1.53 389
0 4 1.54 390
0 4 1.54 391
0 4 1.54 392
0 4 1.54 393
0 4 1.54 394
0 4 1.54 395
0 4 1.54 396
0 4 1.54 397
0 4 1.54 398
0 4 1.54 399
0 4 1.54 400
0 4 1.54 401
0 4 1.54 402
0 4 1.54 403
0 4 1.54 404
0 4 1.54 405
0 4 1.54 406
0 4 1.54 407
0 4 1.54 408
0 4 1.54 409
0 4 1.54 410
0 4 1.54 411
0 4 1.54 412
0 4 1.54 413
0 4 1.55 414
0 4 1.55 415
0 4 1.55 416
0 4 1.54 417
0 4 1.55 418
0 4 1.55 419
0 4 1.55 420
0 4 1.55 421
0 4 1.55 422
0 4 1.55 423
0 4 1.55 424
0 4 1.55 425
0 4 1.55 426
0 4 1.55 427
0 4 1.55 428
0 4 1.55 429
0 4 1.55 430
0 4 1.55 431
0 4 1.55 432
0 4 1.55 433
0 4 1.55 434
0 4 1.55 435
0 4 1.55 436
0 4 1.55 437
0 4 1.55 438
0 4 1.55 439
0 4 1.55 440
0 4 1.55 441
0 4 1.55 442
0 4 1.55 443
0 4 1.55 444
0 4 1.55 445
0 4 1.55 446
0 4 1.55 447
0 4 1.55 448
0 4 1.55 449
0 4 1.55 450
0 4 1.55 451
0 4 1.55 452
0 4 1.55 453
0 4 1.55 454
0 4 1.55 455
0 4 1.55 456
0 4 1.55 457
0 4 1.55 458
0 4 1.55 459
0 4 1.55 460
0 4 1.55 461
0 4 1.55 462
0 4 1.55 463
0 4 1.55 464
0 4 1.55 465
0 16 1.58 466
0 16 1.58 467
0 16 1.57 468
0 16 1.57 469
0 16 1.57 470
0 16 1.57 471
0 16 1.57 472
0 16 1.57 473
0 16 1.57 474
0 16 1.57 475
0 16 1.57 476
0 16 1.57 477
0 16 1.57 478
0 16 1.57 479
0 16 1.57 480
0 16 1.57 481
0 16 1.57 482
0 16 1.57 483
0 16 1.57 484
0 16 1.58 485
0 16 1.58 486
0 16 1.57 487
0 16 1.58 488
0 16 1.58 489
0 16 1.58 490
0 16 1.57 491
0 16 1.58 492
0 16 1.58 493
0 16 1.57 494
0 16 1.57 495
0 16 1.58 496
0 16 1.58 497
0 16 1.58 498
0 16 1.58 499
0 16 1.58 500
0 16 1.58 501
0 16 1.58 502
0 16 1.58 503
0 16 1.58 504
0 16 1.58 505
0 16 1.58 506
0 16 1.58 507
0 16 1.58 508
0 16 1.58 509
0 16 1.58 510
0 16 1.58 511
0 16 1.58 512
0 16 1.58 513
0 16 1.58 514
0 16 1.58 515
0 16 1.58 516
0 16 1.58 517
0 16 1.58 518
0 16 1.58 519
0 16 1.58 520
0 16 1.58 521
0 16 1.58 522
0 16 1.58 523
0 16 1.58 524
0 16 1.58 525
0 16 1.58 526
0 16 1.58 527
0 16 1.58 528
0 16 1.58 529
0 16 1.58 530
0 16 1.58 531
0 16 1.58 532
0 16 1.58 533
0 16 1.58 534
0 16 1.58 535
0 16 1.57 536
0 16 1.58 537
0 16 1.57 538
0 16 1.57 539
0 16 1.57 540
0 16 1.57 541
0 16 1.57 542
0 16 1.57 543
0 16 1.57 544
0 16 1.57 545
0 16 1.57 546
0 16 1.57 547
0 16 1.57 548
0 16 1.57 549
0 16 1.57 550
0 16 1.57 551
0 16 1.57 552
0 16 1.57 553
0 16 1.57 554
0 16 1.57 555
0 16 1.57 556
0 16 1.57 557
0 16 1.57 558
0 16 1.57 559
0 16 1.57 560
0 16 1.57 561
0 16 1.57 562
0 16 1.57 563
0 16 1.57 564
0 16 1.57 565
0 16 1.57 566
0 16 1.57 567
0 16 1.57 568
0 16 1.57 569
0 16 1.57 570
0 16 1.57 571
0 16 1.57 572
0 16 1.57 573
0 16 1.57 574
0 16 1.57 575
0 16 1.57 576
0 16 1.57 577
0 16 1.57 578
0 16 1.57 579
0 16 1.57 580
0 16 1.57 581
0 16 1.57 582
0 16 1.57 583
0 16 1.57 584
0 16 1.57 585
0 16 1.57 586
0 16 1.57 587
0 16 1.57 588
0 16 1.57 589
0 16 1.57 590
0 16 1.57 591
0 16 1.57 592
0 16 1.57 593
0 16 1.57 594
0 16 1.57 595
0 16 1.57 596
0 16 1.57 597
0 16 1.57 598
0 16 1.57 599
0 16 1.57 600
0 16 1.57 601
0 16 1.57 602
0 16 1.57 603
0 16 1.57 604
0 16 1.57 605
0 16 1.57 606
0 16 1.57 607
0 16 1.57 608
0 16 1.57 609
0 16 1.57 610
0 16 1.57 611
0 16 1.57 612
0 16 1.57 613
0 16 1.57 614
0 16 1.57 615
0 16 1.57 616
0 16 1.57 617
0 16 1.57 618
0 16 1.57 619
0 16 1.57 620
0 16 1.57 621
0 16 1.57 622
0 16 1.57 623
0 16 1.57 624
0 16 1.57 625
0 16 1.57 626
0