1 1 1.00 1
0 1 0.50 2
0 1 0.33 3
0 1 0.25 4
0 1 0.20 5
0 1 0.33 6
0 1 0.29 7
0 1 0.38 8
0 1 0.33 9
0 1 0.30 10
0 1 0.27 11
0 1 0.33 12
0 1 0.31 13
0 1 0.29 14
0 1 0.33 15
0 1 0.38 16
0 1 0.41 17
0 1 0.39 18
0 1 0.42 19
0 1 0.45 20
0 1 0.43 21
0 1 0.41 22
0 1 0.43 23
0 1 0.42 24
0 1 0.44 25
0 1 0.42 26
0 1 0.41 27
0 1 0.43 28
0 1 0.41 29
0 1 0.40 30
0 1 0.39 31
0 1 0.41 32
0 1 0.39 33
0 1 0.38 34
0 1 0.37 35
0 1 0.36 36
0 1 0.35 37
0 1 0.34 38
0 1 0.36 39
0 1 0.35 40
0 1 0.37 41
0 1 0.36 42
0 1 0.37 43
0 1 0.36 44
0 1 0.36 45
0 2 0.39 46
0 2 0.38 47
0 2 0.40 48
0 2 0.39 49
0 2 0.38 50
0 2 0.37 51
0 2 0.38 52
0 2 0.40 53
0 2 0.41 54
0 2 0.40 55
0 2 0.41 56
0 2 0.40 57
0 2 0.40 58
0 2 0.39 59
0 2 0.40 60
0 2 0.41 61
0 2 0.40 62
0 2 0.40 63
0 2 0.41 64
0 2 0.40 65
0 2 0.41 66
0 2 0.40 67
0 2 0.40 68
0 2 0.39 69
0 2 0.40 70
0 2 0.39 71
0 2 0.39 72
0 2 0.38 73
0 2 0.39 74
0 2 0.39 75
0 2 0.38 76
0 2 0.38 77
0 2 0.37 78
0 2 0.37 79
0 2 0.38 80
0 2 0.37 81
0 2 0.37 82
0 2 0.37 83
0 2 0.37 84
0 2 0.36 85
0 2 0.36 86
0 2 0.37 87
0 2 0.36 88
0 2 0.37 89
0 2 0.37 90
0 2 0.36 91
0 2 0.36 92
0 2 0.37 93
0 2 0.36 94
0 2 0.36 95
0 2 0.35 96
0 2 0.35 97
0 2 0.35 98
0 2 0.34 99
0 2 0.35 100
0 2 0.36 101
0 2 0.36 102
0 2 0.37 103
0 2 0.37 104
0 2 0.36 105
0 2 0.37 106
0 2 0.36 107
0 2 0.36 108
0 2 0.36 109
0 2 0.36 110
0 2 0.36 111
0 2 0.36 112
0 2 0.36 113
0 2 0.36 114
0 2 0.36 115
0 2 0.36 116
0 2 0.37 117
0 2 0.36 118
0 2 0.36 119
0 2 0.36 120
0 2 0.36 121
0 2 0.35 122
0 2 0.35 123
0 2 0.35 124
0 2 0.35 125
0 2 0.36 126
0 2 0.35 127
0 2 0.36 128
0 2 0.36 129
0 2 0.36 130
0 2 0.36 131
0 2 0.36 132
0 2 0.35 133
0 2 0.35 134
0 2 0.35 135
0 2 0.35 136
0 2 0.34 137
0 2 0.34 138
0 2 0.34 139
0 2 0.34 140
0 2 0.33 141
0 2 0.33 142
0 2 0.34 143
0 2 0.33 144
0 2 0.33 145
0 2 0.33 146
0 2 0.33 147
0 2 0.33 148
0 2 0.34 149
0 2 0.33 150
0 2 0.34 151
0 2 0.34 152
0 2 0.33 153
0 2 0.34 154
0 2 0.34 155
0 2 0.34 156
0 2 0.34 157
0 2 0.34 158
0 2 0.34 159
0 2 0.34 160
0 2 0.35 161
0 2 0.35 162
0 2 0.34 163
0 2 0.35 164
0 2 0.35 165
0 2 0.35 166
0 2 0.35 167
0 2 0.35 168
0 2 0.36 169
0 2 0.35 170
0 2 0.36 171
0 2 0.35 172
0 2 0.36 173
0 2 0.36 174
0 2 0.35 175
0 2 0.35 176
0 2 0.35 177
0 2 0.35 178
0 2 0.35 179
0 2 0.34 180
0 2 0.34 181
0 2 0.34 182
0 2 0.34 183
0 2 0.34 184
0 2 0.34 185
0 2 0.34 186
0 2 0.34 187
0 2 0.34 188
0 2 0.34 189
0 2 0.34 190
0 2 0.34 191
0 2 0.34 192
0 2 0.34 193
0 2 0.34 194
0 2 0.34 195
0 2 0.34 196
0 2 0.34 197
0 2 0.34 198
0 2 0.34 199
0 2 0.34 200
0 2 0.34 201
0 2 0.34 202
0 2 0.34 203
0 2 0.34 204
0 2 0.34 205
0 2 0.33 206
0 2 0.34 207
0 2 0.34 208
0 2 0.33 209
0 2 0.34 210
0 2 0.34 211
0 2 0.34 212
0 2 0.34 213
0 2 0.34 214
0 2 0.34 215
0 2 0.34 216
0 2 0.34 217
0 2 0.33 218
0 2 0.34 219
0 2 0.34 220
0 2 0.34 221
0 2 0.34 222
0 2 0.34 223
0 2 0.33 224
0 2 0.33 225
0 2 0.33 226
0 2 0.33 227
0 2 0.33 228
0 2 0.33 229
0 2 0.33 230
0 2 0.33 231
0 2 0.33 232
0 2 0.33 233
0 2 0.33 234
0 2 0.33 235
0 2 0.33 236
0 2 0.33 237
0 2 0.34 238
0 2 0.34 239
0 2 0.34 240
0 2 0.34 241
0 2 0.34 242
0 2 0.34 243
0 2 0.34 244
0 2 0.34 245
0 2 0.34 246
0 2 0.34 247
0 2 0.34 248
0 2 0.34 249
0 2 0.34 250
0 2 0.33 251
0 2 0.33 252
0 2 0.33 253
0 2 0.33 254
0 2 0.33 255
0 2 0.33 256
0 2 0.33 257
0 2 0.33 258
0 2 0.33 259
0 2 0.33 260
0 2 0.33 261
0 2 0.33 262
0 2 0.33 263
0 2 0.33 264
0 2 0.33 265
0 2 0.33 266
0 2 0.33 267
0 2 0.33 268
0 2 0.33 269
0 2 0.33 270
0 2 0.33 271
0 2 0.33 272
0 2 0.33 273
0 2 0.33 274
0 2 0.33 275
0 2 0.33 276
0 2 0.34 277
0 2 0.33 278
0 2 0.34 279
0 2 0.34 280
0 2 0.33 281
0 2 0.33 282
0 2 0.33 283
0 2 0.33 284
0 2 0.33 285
0 2 0.33 286
0 2 0.33 287
0 2 0.33 288
0 2 0.34 289
0 2 0.33 290
0 2 0.33 291
0 2 0.34 292
0 2 0.33 293
0 2 0.34 294
0 2 0.34 295
0 2 0.33 296
0 2 0.34 297
0 2 0.34 298
0 2 0.33 299
0 2 0.33 300
0 2 0.34 301
0 2 0.34 302
0 2 0.34 303
0 2 0.34 304
0 2 0.34 305
0 2 0.34 306
0 2 0.34 307
0 2 0.34 308
0 2 0.34 309
0 2 0.34 310
0 2 0.34 311
0 2 0.34 312
0 2 0.34 313
0 2 0.34 314
0 2 0.34 315
0 2 0.34 316
0 2 0.33 317
0 2 0.33 318
0 2 0.33 319
0 2 0.33 320
0 2 0.33 321
0 2 0.33 322
0 2 0.33 323
0 2 0.33 324
0 2 0.34 325
0 2 0.33 326
0 2 0.33 327
0 2 0.33 328
0 2 0.33 329
0 2 0.33 330
0 2 0.33 331
0 2 0.33 332
0 2 0.33 333
0 2 0.33 334
0 2 0.33 335
0 2 0.33 336
0 2 0.33 337
0 2 0.33 338
0 2 0.33 339
0 2 0.33 340
0 2 0.33 341
0 2 0.33 342
0 2 0.33 343
0 2 0.33 344
0 2 0.33 345
0 2 0.33 346
0 2 0.33 347
0 2 0.33 348
0 2 0.33 349
0 2 0.33 350
0 2 0.33 351
0 2 0.33 352
0 2 0.33 353
0 2 0.33 354
0 2 0.33 355
0 2 0.33 356
0 2 0.32 357
0 2 0.33 358
0 2 0.33 359
0 2 0.33 360
0 2 0.32 361
0 2 0.32 362
0 2 0.32 363
0 2 0.32 364
0 2 0.32 365
0 2 0.32 366
0 2 0.32 367
0 2 0.32 368
0 2 0.32 369
0 2 0.32 370
0 2 0.32 371
0 2 0.32 372
0 2 0.32 373
0 2 0.32 374
0 2 0.32 375
0 2 0.32 376
0 2 0.32 377
0 2 0.32 378
0 2 0.32 379
0 2 0.32 380
0 2 0.32 381
0 2 0.32 382
0 2 0.32 383
0 2 0.32 384
0 2 0.31 385
0 2 0.31 386
0 2 0.31 387
0 2 0.31 388
0 2 0.31 389
0 2 0.31 390
0 2 0.31 391
0 2 0.31 392
0 2 0.31 393
0 2 0.31 394
0 2 0.31 395
0 2 0.31 396
0 2 0.31 397
0 2 0.31 398
0 2 0.31 399
0 2 0.31 400
0 2 0.31 401
0 2 0.31 402
0 2 0.31 403
0 2 0.31 404
0 2 0.31 405
0 2 0.31 406
0 2 0.31 407
0 2 0.31 408
0 2 0.31 409
0 2 0.31 410
0 2 0.31 411
0 2 0.31 412
0 2 0.31 413
0 2 0.31 414
0 2 0.31 415
0 2 0.31 416
0 2 0.31 417
0 2 0.31 418
0 2 0.31 419
0 2 0.31 420
0 2 0.31 421
0 2 0.31 422
0 2 0.31 423
0 2 0.31 424
0 2 0.31 425
0 2 0.31 426
0 2 0.30 427
0 2 0.30 428
0 2 0.31 429
0 2 0.30 430
0 2 0.30 431
0 2 0.30 432
0 2 0.30 433
0 2 0.30 434
0 2 0.30 435
0 2 0.30 436
0 2 0.30 437
0 2 0.30 438
0 2 0.30 439
0 2 0.30 440
0 2 0.30 441
0 2 0.30 442
0 2 0.30 443
0 2 0.30 444
0 2 0.30 445
0 2 0.30 446
0 2 0.30 447
0 2 0.30 448
0 2 0.31 449
0 2 0.30 450
0 2 0.30 451
0 2 0.31 452
0 2 0.31 453
0 2 0.31 454
0 2 0.31 455
0 2 0.31 456
0 2 0.31 457
0 2 0.31 458
0 2 0.31 459
0 2 0.30 460
0 2 0.30 461
0 2 0.30 462
0 2 0.30 463
0 2 0.30 464
0 2 0.31 465
0 2 0.31 466
0 2 0.31 467
0 2 0.31 468
0 2 0.31 469
0 2 0.31 470
0 2 0.31 471
0 2 0.31 472
0 2 0.31 473
0 2 0.31 474
0 2 0.31 475
0 2 0.31 476
0 2 0.31 477
0 2 0.31 478
0 2 0.31 479
0 2 0.31 480
0 2 0.31 481
0 2 0.31 482
0 2 0.31 483
0 2 0.31 484
0 2 0.32 485
0 2 0.31 486
0 2 0.31 487
0 2 0.32 488
0 2 0.31 489
0 2 0.32 490
0 2 0.32 491
0 2 0.32 492
0 2 0.32 493
0 2 0.32 494
0 2 0.32 495
0 2 0.32 496
0 2 0.32 497
0 2 0.32 498
0 2 0.32 499
0 2 0.32 500
0 2 0.32 501
0 2 0.32 502
0 2 0.32 503
0 2 0.32 504
0 2 0.32 505
0 2 0.32 506
0 2 0.32 507
0 2 0.32 508
0 2 0.32 509
0 2 0.32 510
0 2 0.32 511
0 2 0.32 512
0 2 0.32 513
0 2 0.32 514
0 2 0.32 515
0 2 0.32 516
0 2 0.32 517
0 2 0.32 518
0 2 0.32 519
0 2 0.32 520
0 2 0.32 521
0 2 0.32 522
0 2 0.32 523
0 2 0.32 524
0 2 0.32 525
0 2 0.33 526
0 2 0.32 527
0 2 0.32 528
0 2 0.33 529
0 2 0.32 530
0 2 0.32 531
0 2 0.32 532
0 2 0.32 533
0 2 0.32 534
0 2 0.32 535
0 2 0.32 536
0 2 0.32 537
0 2 0.32 538
0 2 0.32 539
0 2 0.32 540
0 2 0.32 541
0 2 0.32 542
0 2 0.32 543
0 2 0.32 544
0 2 0.32 545
0 2 0.32 546
0 2 0.32 547
0 2 0.32 548
0 2 0.32 549
0 2 0.32 550
0 2 0.32 551
0 2 0.32 552
0 2 0.32 553
0 2 0.32 554
0 2 0.32 555
0 2 0.32 556
0 2 0.32 557
0 2 0.32 558
0 2 0.32 559
0 2 0.32 560
0 2 0.32 561
0 2 0.32 562
0 2 0.32 563
0 2 0.32 564
0 2 0.32 565
0 2 0.32 566
0 2 0.32 567
0 2 0.32 568
0 2 0.32 569
0 2 0.32 570
0 2 0.32 571
0 2 0.32 572
0 2 0.32 573
0 2 0.32 574
0 2 0.32 575
0 2 0.32 576
0 2 0.32 577
0 2 0.32 578
0 2 0.32 579
0 2 0.32 580
0 2 0.32 581
0 2 0.32 582
0 2 0.32 583
0 2 0.32 584
0 2 0.32 585
0 2 0.32 586
0 2 0.32 587
0 2 0.32 588
0 2 0.32 589
0 2 0.32 590
0 2 0.32 591
0 2 0.32 592
0 2 0.32 593
0 2 0.32 594
0 2 0.32 595
0 2 0.32 596
0 2 0.32 597
0 2 0.32 598
0 2 0.32 599
0 2 0.32 600
0 2 0.32 601
0 2 0.32 602
0 2 0.32 603
0 2 0.32 604
0 2 0.32 605
0 2 0.32 606
0 2 0.32 607
0 2 0.32 608
0 2 0.32 609
0 2 0.32 610
0 2 0.32 611
0 2 0.32 612
0 2 0.32 613
0 2 0.32 614
0 2 0.32 615
0 2 0.32 616
0 2 0.32 617
0 2 0.32 618
0 2 0.32 619
0 2 0.32 620
0 2 0.32 621
0 2 0.32 622
0 2 0.32 623
0 2 0.32 624
0 2 0.32 625
0 2 0.33 626
0 2 0.33 627
0 2 0.33 628
0 2 0.33 629
0 2 0.33 630
0 2 0.33 631
0 2 0.33 632
0 2 0.33 633
0 2 0.33 634
0 2 0.33 635
0 2 0.33 636
0 2 0.33 637
0 2 0.33 638
0 2 0.33 639
0 2 0.33 640
0 2 0.33 641
0 2 0.33 642
0 2 0.33 643
0 2 0.33 644
0 2 0.33 645
0 2 0.33 646
0 2 0.33 647
0 2 0.33 648
0 2 0.33 649
0 2 0.33 650
0 2 0.33 651
0 2 0.33 652
0 2 0.33 653
0 2 0.33 654
0 2 0.33 655
0 2 0.33 656
0 2 0.33 657
0 2 0.33 658
0 2 0.33 659
0 2 0.33 660
0 2 0.33 661
0 2 0.33 662
0 2 0.33 663
0 2 0.33 664
0 2 0.33 665
0 2 0.33 666
0 2 0.33 667
0 2 0.33 668
0 2 0.33 669
0 2 0.33 670
0 2 0.33 671
0 2 0.33 672
0 2 0.33 673
0 2 0.33 674
0 2 0.33 675
0 2 0.33 676
0 2 0.33 677
0 2 0.33 678
0 2 0.33 679
0 2 0.33 680
0 2 0.33 681
0 2 0.33 682
0 2 0.33 683
0 2 0.33 684
0 2 0.33 685
0 2 0.33 686
0 2 0.33 687
0 2 0.33 688
0 2 0.33 689
0 2 0.33 690
0 2 0.33 691
0 2 0.33 692
0 2 0.33 693
0 2 0.33 694
0 2 0.33 695
0 2 0.33 696
0 2 0.33 697
0 2 0.33 698
0 2 0.33 699
0 2 0.33 700
0 2 0.33 701
0 2 0.33 702
0 2 0.33 703
0 2 0.33 704
0 2 0.33 705
0 2 0.33 706
0 2 0.33 707
0 2 0.33 708
0 2 0.33 709
0 2 0.33 710
0 2 0.33 711
0 2 0.33 712
0 2 0.33 713
0 2 0.33 714
0 2 0.33 715
0 2 0.33 716
0 2 0.33 717
0 2 0.33 718
0 2 0.34 719
0 2 0.33 720
0 2 0.33 721
0 2 0.34 722
0 2 0.33 723
0 2 0.33 724
0 2 0.34 725
0 2 0.33 726
0 2 0.33 727
0 2 0.33 728
0 2 0.33 729
0 2 0.33 730
0 2 0.33 731
0 2 0.33 732
0 2 0.33 733
0 2 0.33 734
0 2 0.33 735
0 2 0.33 736
0 2 0.33 737
0 2 0.33 738
0 2 0.33 739
0 2 0.33 740
0 2 0.33 741
0 2 0.33 742
0 2 0.33 743
0 2 0.33 744
0 2 0.33 745
0 2 0.33 746
0 2 0.33 747
0 2 0.33 748
0 2 0.33 749
0 2 0.33 750
0 2 0.33 751
0 2 0.33 752
0 2 0.33 753
0 2 0.33 754
0 2 0.33 755
0 2 0.33 756
0 2 0.33 757
0 2 0.33 758
0 2 0.33 759
0 2 0.33 760
0 2 0.33 761
0 2 0.34 762
0 2 0.34 763
0 2 0.34 764
0 2 0.34 765
0 2 0.34 766
0 2 0.34 767
0 2 0.33 768
0 2 0.33 769
0 2 0.34 770
0 2 0.34 771
0 2 0.34 772
0 2 0.34 773
0 2 0.33 774
0 2 0.33 775
0 2 0.33 776
0 2 0.33 777
0 2 0.33 778
0 2 0.33 779
0 2 0.33 780
0 2 0.33 781
0 2 0.34 782
0 2 0.33 783
0 2 0.33 784
0 2 0.34 785
0 2 0.34 786
0 2 0.34 787
0 2 0.34 788
0 2 0.34 789
0 2 0.34 790
0 2 0.34 791
0 2 0.34 792
0 2 0.34 793
0 2 0.34 794
0 2 0.34 795
0 2 0.34 796
0 2 0.34 797
0 2 0.34 798
0 2 0.34 799
0 2 0.34 800
0 2 0.34 801
0 2 0.34 802
0 2 0.34 803
0 2 0.34 804
0 2 0.34 805
0 2 0.34 806
0 2 0.34 807
0 2 0.34 808
0 2 0.34 809
0 2 0.34 810
0 2 0.34 811
0 2 0.34 812
0 2 0.34 813
0 2 0.34 814
0 2 0.34 815
0 2 0.34 816
0 2 0.34 817
0 2 0.34 818
0 2 0.34 819
0 2 0.34 820
0 2 0.34 821
0 2 0.34 822
0 2 0.34 823
0 2 0.34 824
0 2 0.34 825
0 2 0.34 826
0 2 0.34 827
0 2 0.34 828
0 2 0.34 829
0 2 0.34 830
0 2 0.34 831
0 2 0.34 832
0 2 0.34 833
0 2 0.34 834
0 2 0.34 835
0 2 0.34 836
0 2 0.34 837
0 2 0.34 838
0 2 0.34 839
0 2 0.34 840
0 2 0.34 841
0 2 0.34 842
0 2 0.34 843
0 2 0.34 844
0 2 0.34 845
0 2 0.35 846
0 2 0.34 847
0 2 0.35 848
0 2 0.35 849
0 2 0.34 850
0 2 0.34 851
0 2 0.35 852
0 2 0.35 853
0 2 0.35 854
0 2 0.35 855
0 2 0.35 856
0 2 0.35 857
0 2 0.35 858
0 2 0.35 859
0 2 0.35 860
0 2 0.35 861
0 2 0.35 862
0 2 0.35 863
0 2 0.35 864
0 2 0.35 865
0 2 0.35 866
0 2 0.35 867
0 2 0.35 868
0 2 0.35 869
0 2 0.35 870
0 2 0.35 871
0 2 0.35 872
0 2 0.35 873
0 2 0.35 874
0 2 0.35 875
0 2 0.35 876
0 2 0.35 877
0 2 0.35 878
0 2 0.35 879
0 2 0.35 880
0 2 0.35 881
0 2 0.35 882
0 2 0.35 883
0 2 0.35 884
0 2 0.35 885
0 2 0.35 886
0 2 0.35 887
0 2 0.35 888
0 2 0.35 889
0 2 0.35 890
0 2 0.35 891
0 2 0.35 892
0 2 0.35 893
0 2 0.35 894
0 2 0.35 895
0 2 0.35 896
0 2 0.35 897
0 2 0.35 898
0 2 0.35 899
0 2 0.35 900
0 2 0.35 901
0 2 0.35 902
0 2 0.35 903
0 2 0.35 904
0 2 0.35 905
0 2 0.35 906
0 2 0.35 907
0 2 0.35 908
0 2 0.35 909
0 2 0.35 910
0 2 0.35 911
0 2 0.35 912
0 2 0.35 913
0 2 0.35 914
0 2 0.35 915
0 2 0.35 916
0 2 0.35 917
0 2 0.35 918
0 2 0.35 919
0 2 0.35 920
0 2 0.35 921
0 2 0.35 922
0 2 0.35 923
0 2 0.35 924
0 2 0.35 925
0 2 0.35 926
0 2 0.35 927
0 2 0.35 928
0 2 0.35 929
0 2 0.35 930
0 2 0.35 931
0 2 0.35 932
0 2 0.35 933
0 2 0.35 934
0 2 0.35 935
0 2 0.35 936
0 2 0.35 937
0 2 0.35 938
0 2 0.35 939
0 2 0.35 940
0 2 0.35 941
0 2 0.35 942
0 2 0.35 943
0 2 0.35 944
0 2 0.35 945
0 2 0.35 946
0 2 0.35 947
0 2 0.35 948
0 2 0.35 949
0 2 0.35 950
0 2 0.35 951
0 2 0.35 952
0 2 0.35 953
0 2 0.3