2 2 2.00 1
0 2 1.00 2
0 2 0.67 3
0 2 1.00 4
0 2 1.00 5
0 2 0.83 6
0 2 1.00 7
0 2 0.88 8
0 2 0.89 9
0 2 0.90 10
0 2 0.91 11
0 2 1.00 12
0 2 1.00 13
0 2 0.93 14
0 2 0.87 15
0 2 0.88 16
0 2 0.88 17
0 2 0.83 18
0 2 0.84 19
0 2 0.85 20
0 2 0.86 21
0 2 0.86 22
0 2 0.87 23
0 2 0.83 24
0 2 0.80 25
0 2 0.77 26
0 2 0.78 27
0 2 0.79 28
0 2 0.76 29
0 2 0.77 30
0 2 0.81 31
0 2 0.81 32
0 2 0.79 33
0 2 0.79 34
0 2 0.77 35
0 2 0.75 36
0 2 0.76 37
0 2 0.74 38
0 2 0.74 39
0 2 0.72 40
0 2 0.71 41
0 2 0.71 42
0 2 0.70 43
0 2 0.73 44
0 2 0.71 45
0 2 0.72 46
0 2 0.70 47
0 2 0.69 48
0 2 0.71 49
0 2 0.72 50
0 2 0.71 51
0 2 0.71 52
0 2 0.70 53
0 2 0.69 54
0 2 0.67 55
0 2 0.68 56
0 2 0.68 57
0 2 0.67 58
0 2 0.68 59
0 2 0.70 60
0 2 0.70 61
0 2 0.71 62
0 2 0.70 63
0 2 0.69 64
0 2 0.68 65
0 2 0.67 66
0 2 0.69 67
0 2 0.71 68
0 2 0.70 69
0 2 0.70 70
0 2 0.69 71
0 2 0.69 72
0 2 0.71 73
0 2 0.70 74
0 2 0.69 75
0 2 0.68 76
0 2 0.68 77
0 2 0.68 78
0 2 0.67 79
0 2 0.69 80
0 2 0.70 81
0 2 0.71 82
0 2 0.71 83
0 2 0.71 84
0 2 0.73 85
0 2 0.72 86
0 2 0.71 87
0 2 0.70 88
0 2 0.71 89
0 2 0.70 90
0 2 0.69 91
0 2 0.68 92
0 2 0.69 93
0 2 0.69 94
0 2 0.71 95
0 2 0.70 96
0 2 0.70 97
0 2 0.69 98
0 2 0.70 99
0 2 0.71 100
0 2 0.70 101
0 2 0.71 102
0 2 0.70 103
0 2 0.70 104
0 2 0.70 105
0 2 0.71 106
0 2 0.71 107
0 2 0.71 108
0 2 0.71 109
0 2 0.70 110
0 2 0.70 111
0 2 0.71 112
0 2 0.71 113
0 2 0.70 114
0 2 0.70 115
0 2 0.71 116
0 2 0.71 117
0 2 0.71 118
0 2 0.71 119
0 2 0.72 120
0 2 0.71 121
0 2 0.72 122
0 2 0.72 123
0 2 0.71 124
0 2 0.71 125
0 2 0.71 126
0 2 0.71 127
0 2 0.71 128
0 2 0.72 129
0 2 0.72 130
0 2 0.72 131
0 2 0.72 132
0 2 0.73 133
0 2 0.72 134
0 2 0.73 135
0 2 0.73 136
0 2 0.73 137
0 2 0.73 138
0 2 0.73 139
0 2 0.73 140
0 2 0.74 141
0 2 0.73 142
0 2 0.73 143
0 2 0.74 144
0 26 0.91 145
0 26 0.91 146
0 26 0.91 147
0 26 0.91 148
0 26 0.91 149
0 26 0.91 150
0 26 0.91 151
0 26 0.91 152
0 26 0.91 153
0 26 0.91 154
0 26 0.91 155
0 26 0.91 156
0 26 0.91 157
0 26 0.91 158
0 26 0.91 159
0 26 0.91 160
0 26 0.91 161
0 26 0.90 162
0 26 0.90 163
0 26 0.90 164
0 26 0.90 165
0 26 0.90 166
0 26 0.90 167
0 26 0.90 168
0 26 0.91 169
0 26 0.91 170
0 26 0.91 171
0 26 0.90 172
0 26 0.90 173
0 26 0.91 174
0 26 0.91 175
0 26 0.91 176
0 26 0.91 177
0 26 0.91 178
0 26 0.91 179
0 26 0.91 180
0 26 0.91 181
0 26 0.91 182
0 26 0.91 183
0 26 0.91 184
0 26 0.92 185
0 26 0.92 186
0 26 0.91 187
0 26 0.92 188
0 26 0.92 189
0 26 0.92 190
0 26 0.92 191
0 26 0.92 192
0 26 0.92 193
0 26 0.92 194
0 26 0.92 195
0 26 0.92 196
0 26 0.91 197
0 26 0.91 198
0 26 0.91 199
0 26 0.92 200
0 26 0.92 201
0 26 0.91 202
0 26 0.91 203
0 26 0.91 204
0 26 0.91 205
0 26 0.91 206
0 26 0.91 207
0 26 0.91 208
0 26 0.91 209
0 26 0.91 210
0 26 0.91 211
0 26 0.91 212
0 26 0.91 213
0 26 0.90 214
0 26 0.90 215
0 26 0.90 216
0 26 0.89 217
0 26 0.90 218
0 26 0.90 219
0 26 0.90 220
0 26 0.90 221
0 26 0.90 222
0 26 0.89 223
0 26 0.89 224
0 26 0.89 225
0 26 0.89 226
0 26 0.89 227
0 26 0.89 228
0 26 0.88 229
0 26 0.88 230
0 26 0.88 231
0 26 0.88 232
0 26 0.88 233
0 26 0.87 234
0 26 0.87 235
0 26 0.87 236
0 26 0.87 237
0 26 0.87 238
0 26 0.87 239
0 26 0.88 240
0 26 0.88 241
0 26 0.88 242
0 26 0.88 243
0 26 0.88 244
0 26 0.87 245
0 26 0.87 246
0 26 0.88 247
0 26 0.88 248
0 26 0.87 249
0 26 0.87 250
0 26 0.87 251
0 26 0.87 252
0 26 0.87 253
0 26 0.87 254
0 26 0.87 255
0 26 0.87 256
0 26 0.87 257
0 26 0.87 258
0 26 0.87 259
0 26 0.87 260
0 26 0.87 261
0 26 0.87 262
0 26 0.87 263
0 26 0.87 264
0 26 0.87 265
0 26 0.87 266
0 26 0.88 267
0 26 0.88 268
0 26 0.88 269
0 26 0.87 270
0 26 0.87 271
0 26 0.87 272
0 26 0.88 273
0 26 0.88 274
0 26 0.87 275
0 26 0.87 276
0 26 0.87 277
0 26 0.87 278
0 26 0.87 279
0 26 0.88 280
0 26 0.88 281
0 26 0.88 282
0 26 0.88 283
0 26 0.88 284
0 26 0.87 285
0 26 0.87 286
0 26 0.87 287
0 26 0.87 288
0 26 0.87 289
0 26 0.87 290
0 26 0.87 291
0 26 0.87 292
0 26 0.87 293
0 26 0.87 294
0 26 0.87 295
0 26 0.87 296
0 26 0.87 297
0 26 0.87 298
0 26 0.87 299
0 26 0.87 300
0 26 0.87 301
0 26 0.87 302
0 26 0.87 303
0 26 0.87 304
0 26 0.87 305
0 26 0.87 306
0 26 0.86 307
0 26 0.86 308
0 26 0.86 309
0 26 0.86 310
0 26 0.86 311
0 26 0.86 312
0 26 0.86 313
0 26 0.86 314
0 26 0.86 315
0 26 0.86 316
0 26 0.86 317
0 26 0.86 318
0 26 0.86 319
0 26 0.85 320
0 26 0.85 321
0 26 0.85 322
0 26 0.85 323
0 26 0.85 324
0 26 0.85 325
0 26 0.85 326
0 26 0.85 327
0 26 0.85 328
0 26 0.84 329
0 26 0.85 330
0 26 0.85 331
0 26 0.85 332
0 26 0.85 333
0 26 0.85 334
0 26 0.85 335
0 26 0.85 336
0 26 0.85 337
0 26 0.85 338
0 26 0.85 339
0 26 0.85 340
0 26 0.84 341
0 26 0.85 342
0 26 0.85 343
0 26 0.85 344
0 26 0.85 345
0 26 0.85 346
0 26 0.84 347
0 26 0.84 348
0 26 0.85 349
0 26 0.85 350
0 26 0.84 351
0 26 0.84 352
0 26 0.84 353
0 26 0.84 354
0 26 0.84 355
0 26 0.84 356
0 26 0.84 357
0 26 0.84 358
0 26 0.84 359
0 26 0.84 360
0 26 0.84 361
0 26 0.85 362
0 26 0.85 363
0 26 0.85 364
0 26 0.84 365
0 26 0.85 366
0 26 0.84 367
0 26 0.85 368
0 26 0.85 369
0 26 0.85 370
0 26 0.85 371
0 26 0.85 372
0 26 0.85 373
0 26 0.85 374
0 26 0.85 375
0 26 0.85 376
0 26 0.85 377
0 26 0.85 378
0 26 0.84 379
0 26 0.84 380
0 26 0.84 381
0 26 0.84 382
0 26 0.84 383
0 26 0.84 384
0 26 0.84 385
0 26 0.84 386
0 26 0.84 387
0 26 0.84 388
0 26 0.84 389
0 26 0.84 390
0 26 0.84 391
0 26 0.84 392
0 26 0.84 393
0 26 0.84 394
0 26 0.84 395
0 26 0.84 396
0 26 0.83 397
0 26 0.83 398
0 26 0.83 399
0 26 0.83 400
0 26 0.84 401
0 26 0.84 402
0 26 0.83 403
0 26 0.83 404
0 26 0.83 405
0 26 0.83 406
0 26 0.83 407
0 26 0.83 408
0 26 0.83 409
0 26 0.83 410
0 26 0.82 411
0 26 0.82 412
0 26 0.82 413
0 26 0.82 414
0 26 0.82 415
0 26 0.82 416
0 26 0.83 417
0 26 0.83 418
0 26 0.83 419
0 26 0.83 420
0 26 0.83 421
0 26 0.83 422
0 26 0.83 423
0 26 0.83 424
0 26 0.83 425
0 26 0.83 426
0 26 0.82 427
0 26 0.83 428
0 26 0.83 429
0 26 0.83 430
0 26 0.83 431
0 26 0.83 432
0 26 0.83 433
0 26 0.82 434
0 26 0.82 435
0 26 0.82 436
0 26 0.82 437
0 26 0.82 438
0 26 0.82 439
0 26 0.82 440
0 26 0.82 441
0 26 0.82 442
0 26 0.82 443
0 26 0.82 444
0 26 0.82 445
0 26 0.82 446
0 26 0.82 447
0 26 0.82 448
0 26 0.82 449
0 26 0.82 450
0 26 0.82 451
0 26 0.82 452
0 26 0.82 453
0 26 0.82 454
0 26 0.82 455
0 26 0.81 456
0 26 0.81 457
0 26 0.81 458
0 26 0.81 459
0 26 0.81 460
0 26 0.81 461
0 26 0.81 462
0 26 0.81 463
0 26 0.81 464
0 26 0.81 465
0 26 0.81 466
0 26 0.81 467
0 26 0.81 468
0 26 0.81 469
0 26 0.81 470
0 26 0.81 471
0 26 0.81 472
0 26 0.81 473
0 26 0.81 474
0 26 0.81 475
0 26 0.80 476
0 26 0.81 477
0 26 0.81 478
0 26 0.81 479
0 26 0.81 480
0 26 0.81 481
0 26 0.81 482
0 26 0.81 483
0 26 0.81 484
0 26 0.81 485
0 26 0.81 486
0 26 0.80 487
0 26 0.80 488
0 26 0.80 489
0 26 0.80 490
0 26 0.80 491
0 26 0.80 492
0 26 0.80 493
0 26 0.80 494
0 26 0.80 495
0 26 0.80 496
0 26 0.80 497
0 26 0.80 498
0 26 0.80 499
0 26 0.80 500
0 26 0.80 501
0 26 0.80 502
0 26 0.80 503
0 26 0.80 504
0 26 0.80 505
0 26 0.80 506
0 26 0.80 507
0 26 0.80 508
0 26 0.80 509
0 26 0.80 510
0 26 0.80 511
0 26 0.80 512
0 26 0.80 513
0 26 0.80 514
0 26 0.80 515
0 26 0.80 516
0 26 0.80 517
0 26 0.80 518
0 26 0.80 519
0 26 0.80 520
0 26 0.80 521
0 26 0.80 522
0 26 0.80 523
0 26 0.80 524
0 26 0.80 525
0 26 0.80 526
0 26 0.80 527
0 26 0.80 528
0 26 0.80 529
0 26 0.80 530
0 26 0.80 531
0 26 0.80 532
0 26 0.80 533
0 26 0.80 534
0 26 0.80 535
0 26 0.80 536
0 26 0.80 537
0 26 0.80 538
0 26 0.80 539
0 26 0.80 540
0 26 0.80 541
0 26 0.80 542
0 26 0.80 543
0 26 0.80 544
0 26 0.80 545
0 26 0.80 546
0 26 0.80 547
0 26 0.80 548
0 26 0.80 549
0 26 0.80 550
0 26 0.80 551
0 26 0.80 552
0 26 0.80 553
0 26 0.80 554
0 26 0.80 555
0 26 0.80 556
0 26 0.80 557
0 26 0.80 558
0 26 0.80 559
0 26 0.80 560
0 26 0.80 561
0 26 0.80 562
0 26 0.80 563
0 26 0.80 564
0 26 0.80 565
0 26 0.80 566
0 26 0.80 567
0 26 0.80 568
0 26 0.80 569
0 26 0.80 570
0 26 0.80 571
0 26 0.80 572
0 26 0.80 573
0 26 0.80 574
0 26 0.80 575
0 26 0.80 576
0 26 0.80 577
0 26 0.80 578
0 26 0.80 579
0 26 0.80 580
0 26 0.80 581
0 26 0.80 582
0 26 0.80 583
0 26 0.80 584
0 26 0.80 585
0 26 0.80 586
0 26 0.80 587
0 26 0.80 588
0 26 0.80 589
0 26 0.80 590
0 26 0.80 591
0 26 0.80 592
0 26 0.80 593
0 26 0.80 594
0 26 0.80 595
0 26 0.80 596
0 26 0.80 597
0 26 0.80 598
0 26 0.80 599
0 26 0.80 600
0 26 0.80 601
0 26 0.80 602
0 26 0.80 603
0 26 0.80 604
0 26 0.80 605
0 26 0.80 606
0 26 0.80 607
0 26 0.80 608
0 26 0.80 609
0 26 0.80 610
0 26 0.80 611
0 26 0.80 612
0 26 0.80 613
0 26 0.80 614
0 26 0.80 615
0 26 0.80 616
0 26 0.80 617
0 26 0.80 618
0 26 0.80 619
0 26 0.80 620
0 26 0.80 621
0 26 0.80 622
0 26 0.80 623
0 26 0.80 624
0 26 0.80 625
0 26 0.80 626
0 26 0.80 627
0 26 0.80 628
0 26 0.80 629
0 26 0.80 630
0 26 0.81 631
0 26 0.80 632
0 26 0.81 633
0 26 0.80 634
0 26 0.80 635
0 26 0.81 636
0 26 0.80 637
0 26 0.80 638
0 26 0.80 639
0 26 0.80 640
0 26 0.80 641
0 26 0.80 642
0 26 0.80 643
0 26 0.80 644
0 26 0.80 645
0 26 0.80 646
0 26 0.80 647
0 26 0.80 648
0 26 0.80 649
0 26 0.80 650
0 26 0.80 651
0 26 0.80 652
0 26 0.80 653
0 26 0.80 654
0 26 0.80 655
0 26 0.80 656
0 26 0.80 657
0 26 0.80 658
0 26 0.80 659
0 26 0.80 660
0 26 0.80 661
0 26 0.80 662
0 26 0.80 663
0 26 0.80 664
0 26 0.80 665
0 26 0.80 666
0 26 0.80 667
0 26 0.80 668
0 26 0.80 669
0 26 0.80 670
0 26 0.80 671
0 26 0.80 672
0 26 0.80 673
0 26 0.80 674
0 26 0.80 675
0 26 0.80 676
0 26 0.79 677
0 26 0.79 678
0 26 0.80 679
0 26 0.80 680
0 26 0.79 681
0 26 0.79 682
0 26 0.79 683
0 26 0.79 684
0 26 0.79 685
0 26 0.79 686
0 26 0.79 687
0 26 0.79 688
0 26 0.79 689
0 26 0.79 690
0 26 0.80 691
0 26 0.80 692
0 26 0.80 693
0 26 0.80 694
0 26 0.80 695
0 26 0.80 696
0 26 0.79 697
0 26 0.79 698
0 26 0.79 699
0 26 0.80 700
0 26 0.80 701
0 26 0.80 702
0 26 0.80 703
0 26 0.80 704
0 26 0.80 705
0 26 0.80 706
0 26 0.80 707
0 26 0.80 708
0 26 0.80 709
0 26 0.80 710
0 26 0.80 711
0 26 0.80 712
0 26 0.80 713
0 26 0.80 714
0 26 0.80 715
0 26 0.80 716
0 26 0.80 717
0 26 0.80 718
0 26 0.80 719
0 26 0.80 720
0 26 0.80 721
0 26 0.80 722
0 26 0.80 723
0 26 0.80 724
0 26 0.80 725
0 26 0.80 726
0 26 0.80 727
0 26 0.80 728
0 26 0.80 729
0 26 0.80 730
0 26 0.80 731
0 26 0.80 732
0 26 0.80 733
0 26 0.80 734
0 26 0.80 735
0 26 0.80 736
0 26 0.80 737
0 26 0.80 738
0 26 0.80 739
0 26 0.80 740
0 26 0.80 741
0 26 0.80 742
0 26 0.80 743
0 26 0.80 744
0 26 0.80 745
0 26 0.80 746
0 26 0.80 747
0 26 0.80 748
0 26 0.80 749
0 26 0.80 750
0 26 0.80 751
0 26 0.80 752
0 26 0.80 753
0 26 0.80 754
0 26 0.80 755
0 26 0.80 756
0 26 0.80 757
0 26 0.80 758
0 26 0.79 759
0 26 0.80 760
0 26 0.80 761
0 26 0.80 762
0 26 0.80 763
0 26 0.80 764
0 26 0.79 765
0 26 0.80 766
0 26 0.79 767
0 26 0.79 768
0 26 0.79 769
0 26 0.79 770
0 26 0.80 771
0 26 0.80 772
0 26 0.80 773
0 26 0.80 774
0 26 0.80 775
0 26 0.80 776
0 26 0.80 777
0 26 0.80 778
0 26 0.80 779
0 26 0.80 780
0 26 0.80 781
0 26 0.80 782
0 26 0.80 783
0 26 0.80 784
0 26 0.80 785
0 26 0.80 786
0 26 0.80 787
0 26 0.80 788
0 26 0.80 789
0 26 0.80 790
0 26 0.80 791
0 26 0.80 792
0 26 0.80 793
0 26 0.80 794
0 26 0.80 795
0 26 0.80 796
0 26 0.80 797
0 26 0.80 798
0 26 0.80 799
0 26 0.80 800
0 26 0.80 801
0 26 0.80 802
0 26 0.80 803
0 26 0.80 804
0 26 0.80 805
0 26 0.80 806
0 26 0.80 807
0 26 0.80 808
0 26 0.80 809
0 26 0.80 810
0 26 0.80 811
0 26 0.80 812
0 26 0.80 813
0 26 0.80 814
0 26 0.80 815
0 26 0.80 816
0 26 0.80 817
0 26 0.80 818
0 26 0.80 819
0 26 0.80 820
0 26 0.80 821
0 26 0.80 822
0 26 0.80 823
0 26 0.79 824
0 26 0.79 825
0 26 0.79 826
0 26 0.79 827
0 26 0.80 828
0 26 0.79 829
0 26 0.79 830
0 26 0.79 831
0 26 0.79 832
0 26 0.79 833
0 26 0.79 834
0 26 0.79 835
0 26 0.79 836
0 26 0.80 837
0 26 0.80 838
0 26 0.79 839
0 26 0.80 840
0 26 0.80 841
0 26 0.80 842
0 26 0.80 843
0 26 0.80 844
0 26 0.80 845
0 26 0.79 846
0 26 0.79 847
0 26 0.79 848
0 26 0.80 849
0 26 0.80 850
0 26 0.79 851
0 26 0.79 852
0 26 0.79 853
0 26 0.79 854
0 26 0.79 855
0 26 0.79 856
0 26 0.79 857
0 26 0.79 858
0 26 0.79 859
0 26 0.79 860
0 26 0.79 861
0 26 0.79 862
0 26 0.79 863
0 26 0.79 864
0 26 0.79 865
0 26 0.79 866
0 26 0.79 867
0 26 0.79 868
0 26 0.79 869
0 26 0.79 870
0 26 0.79 871
0 26 0.79 872
0 26 0.79 873
0 26 0.79 874
0 26 0.79 875
0 26 0.79 876
0 26 0.79 877
0 26 0.79 878
0 26 0.79 879
0 26 0.79 880
0 26 0.79 881
0 26 0.79 882
0 26 0.79 883
0 26 0.79 884
0 26 0.79 885
0 26 0.79 886
0 26 0.79 887
0 26 0.79 888
0 26 0.79 889
0 26 0.79 890
0 26 0.79 891
0 26 0.79 892
0 26 0.79 893
0 26 0.79 894
0 26 0.79 895
0 26 0.79 