6 6 6.00 1
3 6 4.50 2
3 6 4.00 3
2 6 3.50 4
2 6 3.40 5
2 6 3.17 6
2 6 3.14 7
2 6 3.12 8
2 6 3.11 9
2 6 3.10 10
2 6 3.09 11
2 6 3.00 12
2 6 2.92 13
2 6 2.86 14
2 6 2.87 15
2 6 2.88 16
2 6 2.88 17
2 6 2.89 18
2 6 2.95 19
2 6 2.90 20
2 6 2.90 21
2 6 2.86 22
2 6 2.83 23
2 6 2.88 24
2 6 2.88 25
2 6 2.88 26
2 6 2.85 27
2 6 2.86 28
1 6 2.79 29
1 6 2.83 30
1 6 2.81 31
1 6 2.84 32
1 6 2.91 33
1 6 2.88 34
1 6 2.89 35
1 6 2.92 36
1 6 2.89 37
1 6 2.89 38
1 6 2.97 39
1 6 2.98 40
1 6 3.00 41
1 6 3.00 42
1 6 3.00 43
1 6 3.00 44
1 6 3.00 45
1 6 3.00 46
1 6 2.98 47
1 6 2.98 48
1 6 2.98 49
1 6 3.00 50
1 6 3.06 51
1 6 3.04 52
1 6 3.04 53
1 6 3.02 54
1 6 3.02 55
1 6 3.02 56
1 6 3.00 57
1 6 2.98 58
1 6 2.97 59
1 6 2.95 60
1 6 2.93 61
1 6 2.97 62
1 6 2.97 63
1 6 2.94 64
1 6 2.92 65
0 6 2.88 66
0 6 2.87 67
0 6 2.87 68
0 6 2.86 69
0 6 2.86 70
0 6 2.85 71
0 6 2.83 72
0 6 2.82 73
0 6 2.82 74
0 6 2.83 75
0 6 2.83 76
0 6 2.83 77
0 6 2.83 78
0 6 2.84 79
0 6 2.85 80
0 6 2.85 81
0 6 2.88 82
0 6 2.88 83
0 6 2.87 84
0 6 2.87 85
0 6 2.87 86
0 6 2.87 87
0 6 2.86 88
0 6 2.87 89
0 6 2.87 90
0 6 2.86 91
0 6 2.87 92
0 6 2.86 93
0 6 2.86 94
0 6 2.86 95
0 6 2.86 96
0 6 2.87 97
0 6 2.87 98
0 6 2.87 99
0 6 2.88 100
0 6 2.88 101
0 6 2.89 102
0 6 2.89 103
0 6 2.89 104
0 6 2.90 105
0 6 2.89 106
0 6 2.89 107
0 6 2.88 108
0 6 2.88 109
0 6 2.87 110
0 6 2.86 111
0 6 2.87 112
0 6 2.87 113
0 6 2.88 114
0 6 2.88 115
0 6 2.88 116
0 6 2.91 117
0 6 2.91 118
0 6 2.91 119
0 6 2.91 120
0 6 2.90 121
0 6 2.91 122
0 6 2.90 123
0 6 2.90 124
0 6 2.90 125
0 6 2.90 126
0 6 2.90 127
0 6 2.90 128
0 6 2.89 129
0 6 2.92 130
0 6 2.92 131
0 6 2.92 132
0 6 2.91 133
0 6 2.91 134
0 6 2.90 135
0 6 2.90 136
0 6 2.91 137
0 6 2.91 138
0 6 2.91 139
0 6 2.91 140
0 6 2.89 141
0 6 2.89 142
0 6 2.90 143
0 6 2.89 144
0 6 2.90 145
0 6 2.90 146
0 6 2.89 147
0 6 2.90 148
0 6 2.90 149
0 6 2.90 150
0 6 2.89 151
0 6 2.89 152
0 6 2.88 153
0 6 2.88 154
0 6 2.88 155
0 6 2.88 156
0 6 2.89 157
0 6 2.88 158
0 6 2.88 159
0 6 2.88 160
0 6 2.87 161
0 6 2.87 162
0 6 2.87 163
0 6 2.87 164
0 6 2.86 165
0 6 2.86 166
0 6 2.85 167
0 6 2.86 168
0 6 2.86 169
0 6 2.86 170
0 6 2.87 171
0 6 2.86 172
0 6 2.86 173
0 6 2.86 174
0 6 2.86 175
0 6 2.86 176
0 6 2.86 177
0 6 2.86 178
0 6 2.86 179
0 6 2.86 180
0 6 2.86 181
0 6 2.87 182
0 6 2.88 183
0 6 2.88 184
0 6 2.88 185
0 6 2.88 186
0 6 2.88 187
0 6 2.88 188
0 6 2.88 189
0 6 2.88 190
0 6 2.88 191
0 6 2.88 192
0 6 2.88 193
0 6 2.87 194
0 6 2.88 195
0 6 2.88 196
0 6 2.88 197
0 7 2.90 198
0 7 2.90 199
0 7 2.90 200
0 7 2.91 201
0 7 2.91 202
0 7 2.90 203
0 7 2.91 204
0 7 2.90 205
0 7 2.89 206
0 16 2.96 207
0 16 2.96 208
0 16 2.96 209
0 16 2.96 210
0 16 2.96 211
0 16 2.96 212
0 16 2.97 213
0 16 2.96 214
0 16 2.96 215
0 16 2.96 216
0 16 2.96 217
0 16 2.95 218
0 16 2.95 219
0 16 2.95 220
0 16 2.95 221
0 16 2.95 222
0 16 2.95 223
0 16 2.95 224
0 16 2.95 225
0 16 2.96 226
0 16 2.96 227
0 16 2.96 228
0 16 2.95 229
0 16 2.95 230
0 16 2.95 231
0 16 2.96 232
0 16 2.96 233
0 16 2.97 234
0 16 2.96 235
0 16 2.96 236
0 16 2.96 237
0 16 2.96 238
0 16 2.96 239
0 16 2.96 240
0 16 2.96 241
0 16 2.96 242
0 16 2.96 243
0 16 2.96 244
0 16 2.96 245
0 16 2.97 246
0 16 2.97 247
0 16 2.96 248
0 16 2.96 249
0 16 2.96 250
0 16 2.96 251
0 16 2.95 252
0 16 2.95 253
0 16 2.95 254
0 16 2.95 255
0 16 2.95 256
0 16 2.94 257
0 16 2.94 258
0 16 2.94 259
0 16 2.94 260
0 16 2.94 261
0 16 2.94 262
0 16 2.94 263
0 16 2.94 264
0 16 2.95 265
0 16 2.94 266
0 16 2.94 267
0 16 2.94 268
0 16 2.94 269
0 16 2.94 270
0 16 2.95 271
0 16 2.96 272
0 16 2.95 273
0 16 2.96 274
0 16 2.96 275
0 16 2.96 276
0 16 2.95 277
0 16 2.95 278
0 16 2.95 279
0 16 2.95 280
0 16 2.95 281
0 16 2.95 282
0 16 2.94 283
0 16 2.94 284
0 16 2.94 285
0 16 2.94 286
0 16 2.94 287
0 16 2.93 288
0 16 2.93 289
0 16 2.93 290
0 16 2.93 291
0 16 2.93 292
0 16 2.93 293
0 16 2.93 294
0 16 2.93 295
0 16 2.93 296
0 16 2.93 297
0 16 2.93 298
0 16 2.93 299
0 16 2.93 300
0 16 2.93 301
0 16 2.93 302
0 16 2.92 303
0 16 2.93 304
0 16 2.93 305
0 16 2.93 306
0 16 2.93 307
0 16 2.93 308
0 16 2.93 309
0 16 2.93 310
0 16 2.93 311
0 16 2.92 312
0 16 2.92 313
0 16 2.92 314
0 16 2.92 315
0 16 2.91 316
0 16 2.92 317
0 16 2.92 318
0 16 2.92 319
0 16 2.92 320
0 16 2.92 321
0 16 2.92 322
0 16 2.92 323
0 16 2.92 324
0 16 2.92 325
0 16 2.91 326
0 16 2.91 327
0 16 2.91 328
0 16 2.91 329
0 16 2.92 330
0 16 2.92 331
0 16 2.91 332
0 16 2.91 333
0 16 2.91 334
0 16 2.91 335
0 16 2.91 336
0 16 2.91 337
0 16 2.91 338
0 16 2.91 339
0 16 2.91 340
0 16 2.90 341
0 16 2.90 342
0 16 2.90 343
0 16 2.90 344
0 16 2.90 345
0 16 2.89 346
0 16 2.89 347
0 16 2.89 348
0 16 2.89 349
0 16 2.89 350
0 16 2.89 351
0 16 2.89 352
0 16 2.89 353
0 16 2.88 354
0 16 2.88 355
0 16 2.88 356
0 16 2.89 357
0 16 2.89 358
0 16 2.88 359
0 16 2.88 360
0 16 2.88 361
0 16 2.88 362
0 16 2.88 363
0 16 2.87 364
0 16 2.87 365
0 16 2.87 366
0 16 2.87 367
0 16 2.87 368
0 16 2.87 369
0 16 2.87 370
0 16 2.87 371
0 16 2.87 372
0 16 2.86 373
0 16 2.86 374
0 16 2.86 375
0 16 2.86 376
0 16 2.86 377
0 16 2.86 378
0 16 2.86 379
0 16 2.86 380
0 16 2.86 381
0 16 2.86 382
0 16 2.86 383
0 16 2.86 384
0 16 2.86 385
0 16 2.86 386
0 16 2.86 387
0 16 2.86 388
0 16 2.86 389
0 16 2.86 390
0 16 2.86 391
0 16 2.86 392
0 16 2.86 393
0 16 2.86 394
0 16 2.86 395
0 16 2.86 396
0 16 2.86 397
0 16 2.86 398
0 16 2.86 399
0 16 2.87 400
0 16 2.87 401
0 16 2.87 402
0 16 2.87 403
0 16 2.87 404
0 16 2.87 405
0 16 2.87 406
0 16 2.87 407
0 16 2.87 408
0 16 2.87 409
0 16 2.86 410
0 16 2.86 411
0 16 2.86 412
0 16 2.86 413
0 16 2.86 414
0 16 2.86 415
0 16 2.86 416
0 16 2.86 417
0 16 2.86 418
0 16 2.86 419
0 16 2.86 420
0 16 2.86 421
0 16 2.86 422
0 16 2.86 423
0 16 2.86 424
0 16 2.86 425
0 16 2.86 426
0 16 2.86 427
0 16 2.87 428
0 16 2.87 429
0 16 2.87 430
0 16 2.87 431
0 16 2.87 432
0 16 2.86 433
0 16 2.86 434
0 16 2.86 435
0 16 2.87 436
0 16 2.87 437
0 16 2.87 438
0 16 2.87 439
0 16 2.87 440
0 16 2.86 441
0 16 2.87 442
0 16 2.87 443
0 16 2.87 444
0 16 2.87 445
0 16 2.86 446
0 16 2.86 447
0 16 2.86 448
0 16 2.86 449
0 16 2.86 450
0 16 2.86 451
0 16 2.86 452
0 16 2.86 453
0 16 2.86 454
0 16 2.86 455
0 16 2.86 456
0 16 2.86 457
0 16 2.86 458
0 16 2.86 459
0 16 2.86 460
0 16 2.86 461
0 16 2.86 462
0 16 2.86 463
0 16 2.86 464
0 16 2.86 465
0 16 2.86 466
0 16 2.87 467
0 16 2.87 468
0 16 2.87 469
0 16 2.87 470
0 16 2.87 471
0 16 2.87 472
0 16 2.87 473
0 16 2.87 474
0 16 2.87 475
0 16 2.87 476
0 16 2.87 477
0 16 2.88 478
0 16 2.87 479
0 16 2.88 480
0 16 2.88 481
0 16 2.87 482
0 16 2.88 483
0 16 2.87 484
0 16 2.87 485
0 16 2.87 486
0 16 2.87 487
0 16 2.87 488
0 16 2.87 489
0 16 2.88 490
0 16 2.88 491
0 16 2.87 492
0 16 2.87 493
0 16 2.87 494
0 16 2.87 495
0 16 2.88 496
0 16 2.88 497
0 16 2.87 498
0 16 2.87 499
0 16 2.87 500
0 16 2.87 501
0 16 2.87 502
0 16 2.87 503
0 16 2.87 504
0 16 2.88 505
0 16 2.87 506
0 16 2.87 507
0 16 2.87 508
0 16 2.87 509
0 16 2.87 510
0 16 2.87 511
0 16 2.86 512
0 16 2.87 513
0 16 2.86 514
0 16 2.86 515
0 16 2.87 516
0 16 2.87 517
0 16 2.86 518
0 16 2.86 519
0 16 2.86 520
0 16 2.86 521
0 16 2.86 522
0 16 2.86 523
0 16 2.86 524
0 16 2.86 525
0 16 2.86 526
0 16 2.86 527
0 16 2.86 528
0 16 2.86 529
0 16 2.86 530
0 16 2.85 531
0 16 2.85 532
0 16 2.85 533
0 16 2.85 534
0 16 2.85 535
0 16 2.85 536
0 16 2.85 537
0 16 2.86 538
0 16 2.85 539
0 16 2.86 540
0 16 2.86 541
0 16 2.86 542
0 16 2.86 543
0 16 2.86 544
0 16 2.86 545
0 16 2.86 546
0 16 2.86 547
0 16 2.87 548
0 16 2.87 549
0 16 2.87 550
0 16 2.87 551
0 16 2.87 552
0 16 2.87 553
0 16 2.87 554
0 16 2.87 555
0 16 2.87 556
0 16 2.87 557
0 16 2.87 558
0 16 2.87 559
0 16 2.87 560
0 16 2.87 561
0 16 2.87 562
0 16 2.87 563
0 16 2.87 564
0 16 2.87 565
0 16 2.87 566
0 16 2.87 567
0 16 2.87 568
0 16 2.87 569
0 16 2.87 570
0 16 2.87 571
0 16 2.87 572
0 16 2.87 573
0 16 2.87 574
0 16 2.87 575
0 16 2.87 576
0 16 2.87 577
0 16 2.87 578
0 16 2.87 579
0 16 2.87 580
0 16 2.87 581
0 16 2.87 582
0 16 2.87 583
0 16 2.88 584
0 16 2.88 585
0 16 2.88 586
0 16 2.88 587
0 16 2.87 588
0 16 2.87 589
0 16 2.87 590
0 16 2.87 591
0 16 2.87 592
0 16 2.87 593
0 16 2.87 594
0 16 2.87 595
0 16 2.87 596
0 16 2.87 597
0 16 2.87 598
0 16 2.86 599
0 16 2.87 600
0 16 2.87 601
0 16 2.87 602
0 16 2.87 603
0 16 2.87 604
0 16 2.87 605
0 16 2.87 606
0 16 2.87 607
0 16 2.8