4 4 4.00 1
2 4 3.00 2
2 4 2.67 3
2 4 2.50 4
2 4 2.40 5
2 4 2.50 6
2 4 2.43 7
1 4 2.25 8
1 4 2.33 9
1 4 2.30 10
1 4 2.27 11
1 4 2.25 12
1 4 2.23 13
1 4 2.14 14
1 4 2.20 15
1 4 2.19 16
1 4 2.12 17
1 4 2.11 18
1 4 2.11 19
1 4 2.10 20
1 4 2.10 21
1 4 2.09 22
1 4 2.09 23
1 4 2.08 24
1 4 2.08 25
1 4 2.08 26
1 4 2.07 27
1 4 2.04 28
1 4 2.03 29
1 4 2.03 30
1 4 2.03 31
1 4 2.06 32
1 4 2.06 33
1 4 2.06 34
1 4 2.06 35
1 4 2.06 36
1 4 2.05 37
0 4 2.00 38
0 4 2.00 39
0 4 2.00 40
0 4 2.00 41
0 4 1.98 42
0 4 1.95 43
0 4 1.95 44
0 4 1.93 45
0 4 1.91 46
0 4 1.91 47
0 4 1.92 48
0 4 1.90 49
0 4 1.90 50
0 4 1.88 51
0 4 1.90 52
0 4 1.91 53
0 4 1.91 54
0 4 1.89 55
0 4 1.91 56
0 4 1.91 57
0 4 1.91 58
0 4 1.92 59
0 4 1.92 60
0 4 1.92 61
0 4 1.92 62
0 4 1.92 63
0 4 1.92 64
0 4 1.92 65
0 4 1.92 66
0 4 1.93 67
0 4 1.93 68
0 4 1.93 69
0 4 1.93 70
0 4 1.93 71
0 4 1.92 72
0 4 1.93 73
0 4 1.93 74
0 4 1.93 75
0 4 1.95 76
0 4 1.94 77
0 4 1.96 78
0 4 1.96 79
0 4 1.95 80
0 4 1.96 81
0 4 1.95 82
0 4 1.95 83
0 4 1.95 84
0 4 1.96 85
0 4 1.98 86
0 4 1.98 87
0 4 1.98 88
0 4 1.98 89
0 4 1.98 90
0 4 1.99 91
0 4 1.99 92
0 4 1.99 93
0 4 1.99 94
0 4 2.00 95
0 4 2.00 96
0 4 1.99 97
0 4 2.00 98
0 4 2.01 99
0 4 2.01 100
0 4 2.01 101
0 4 2.01 102
0 4 2.00 103
0 4 2.00 104
0 4 1.99 105
0 4 2.01 106
0 4 2.00 107
0 4 2.00 108
0 4 2.00 109
0 4 2.00 110
0 4 1.99 111
0 4 1.99 112
0 4 1.99 113
0 4 1.99 114
0 4 1.99 115
0 4 2.00 116
0 4 1.99 117
0 4 2.00 118
0 4 2.00 119
0 4 2.00 120
0 4 1.99 121
0 4 1.99 122
0 4 1.99 123
0 4 1.98 124
0 4 1.98 125
0 4 1.98 126
0 4 1.97 127
0 4 1.98 128
0 4 1.98 129
0 4 1.98 130
0 5 2.00 131
0 5 2.00 132
0 5 1.99 133
0 5 1.99 134
0 5 1.99 135
0 5 1.99 136
0 5 1.99 137
0 5 1.98 138
0 5 1.98 139
0 5 1.98 140
0 5 1.97 141
0 5 1.97 142
0 5 1.97 143
0 5 1.97 144
0 5 1.97 145
0 5 1.96 146
0 5 1.95 147
0 5 1.96 148
0 5 1.95 149
0 5 1.96 150
0 5 1.96 151
0 5 1.96 152
0 5 1.96 153
0 5 1.96 154
0 5 1.97 155
0 5 1.97 156
0 5 1.97 157
0 5 1.96 158
0 5 1.97 159
0 5 1.97 160
0 5 1.97 161
0 5 1.96 162
0 5 1.96 163
0 5 1.97 164
0 5 1.97 165
0 5 1.97 166
0 5 1.96 167
0 5 1.95 168
0 5 1.95 169
0 5 1.95 170
0 5 1.95 171
0 5 1.97 172
0 5 1.97 173
0 5 1.97 174
0 5 1.97 175
0 5 1.98 176
0 5 1.98 177
0 5 1.98 178
0 5 1.98 179
0 5 1.97 180
0 5 1.97 181
0 5 1.97 182
0 5 1.97 183
0 5 1.98 184
0 5 1.97 185
0 5 1.97 186
0 5 1.97 187
0 5 1.97 188
0 5 1.97 189
0 5 1.98 190
0 5 1.99 191
0 5 1.98 192
0 5 1.99 193
0 5 1.99 194
0 5 1.99 195
0 5 1.99 196
0 5 1.99 197
0 5 1.99 198
0 5 1.99 199
0 5 1.99 200
0 5 2.00 201
0 5 2.00 202
0 5 2.00 203
0 5 1.99 204
0 5 1.99 205
0 5 1.99 206
0 5 1.99 207
0 5 1.99 208
0 5 1.99 209
0 5 1.99 210
0 5 1.99 211
0 5 1.99 212
0 5 1.99 213
0 5 1.99 214
0 5 1.99 215
0 5 1.99 216
0 5 1.99 217
0 5 1.98 218
0 5 1.98 219
0 5 1.99 220
0 5 1.99 221
0 5 1.99 222
0 5 1.99 223
0 5 1.98 224
0 5 1.99 225
0 5 1.99 226
0 5 2.00 227
0 5 2.00 228
0 5 2.01 229
0 5 2.01 230
0 5 2.01 231
0 5 2.01 232
0 5 2.00 233
0 5 2.01 234
0 5 2.01 235
0 5 2.01 236
0 5 2.01 237
0 5 2.01 238
0 5 2.01 239
0 5 2.01 240
0 5 2.01 241
0 5 2.01 242
0 5 2.01 243
0 5 2.01 244
0 5 2.01 245
0 5 2.01 246
0 5 2.02 247
0 5 2.02 248
0 5 2.01 249
0 5 2.01 250
0 5 2.01 251
0 5 2.01 252
0 5 2.01 253
0 5 2.01 254
0 5 2.01 255
0 5 2.01 256
0 5 2.01 257
0 5 2.00 258
0 5 2.00 259
0 5 2.00 260
0 5 2.01 261
0 5 2.02 262
0 5 2.02 263
0 5 2.02 264
0 5 2.01 265
0 5 2.01 266
0 5 2.01 267
0 5 2.01 268
0 5 2.00 269
0 5 2.00 270
0 5 2.00 271
0 5 2.00 272
0 5 2.00 273
0 5 2.00 274
0 5 2.00 275
0 5 2.00 276
0 5 2.00 277
0 5 2.00 278
0 5 1.99 279
0 5 1.99 280
0 5 1.99 281
0 5 1.99 282
0 5 1.99 283
0 5 1.99 284
0 5 1.99 285
0 5 1.99 286
0 5 1.99 287
0 5 1.99 288
0 5 1.99 289
0 5 1.98 290
0 5 1.98 291
0 5 1.98 292
0 5 1.98 293
0 5 1.98 294
0 5 1.98 295
0 5 1.98 296
0 5 1.98 297
0 5 1.98 298
0 5 1.98 299
0 5 1.98 300
0 5 1.98 301
0 5 1.97 302
0 5 1.98 303
0 5 1.98 304
0 5 1.98 305
0 5 1.98 306
0 5 1.98 307
0 5 1.98 308
0 5 1.98 309
0 5 1.97 310
0 5 1.97 311
0 5 1.98 312
0 5 1.97 313
0 5 1.97 314
0 5 1.98 315
0 5 1.98 316
0 5 1.98 317
0 5 1.98 318
0 5 1.98 319
0 5 1.98 320
0 5 1.98 321
0 5 1.98 322
0 5 1.98 323
0 5 1.97 324
0 5 1.97 325
0 5 1.97 326
0 5 1.97 327
0 5 1.98 328
0 5 1.99 329
0 5 1.99 330
0 5 1.99 331
0 5 1.99 332
0 5 1.99 333
0 5 1.99 334
0 5 1.99 335
0 5 2.00 336
0 5 1.99 337
0 5 1.99 338
0 5 1.99 339
0 5 1.99 340
0 5 1.99 341
0 5 1.99 342
0 5 2.00 343
0 5 1.99 344
0 5 1.99 345
0 5 1.99 346
0 5 1.99 347
0 5 1.99 348
0 5 1.99 349
0 5 1.99 350
0 5 2.00 351
0 5 2.00 352
0 5 2.00 353
0 5 2.00 354
0 5 2.00 355
0 5 2.00 356
0 5 2.00 357
0 5 2.00 358
0 5 2.00 359
0 5 2.00 360
0 5 2.00 361
0 5 2.00 362
0 5 2.00 363
0 5 2.00 364
0 5 2.00 365
0 5 2.00 366
0 5 2.00 367
0 5 2.00 368
0 5 2.00 369
0 5 2.00 370
0 5 2.00 371
0 5 2.00 372
0 5 2.00 373
0 5 2.00 374
0 5 2.00 375
0 5 2.00 376
0 5 2.00 377
0 5 2.00 378
0 5 2.00 379
0 5 2.00 380
0 5 2.00 381
0 5 2.00 382
0 5 2.00 383
0 5 2.00 384
0 5 2.00 385
0 5 2.00 386
0 5 2.00 387
0 5 2.00 388
0 5 2.00 389
0 5 2.00 390
0 5 2.00 391
0 5 2.00 392
0 5 2.00 393
0 5 2.00 394
0 5 2.00 395
0 5 2.00 396
0 5 2.00 397
0 5 2.00 398
0 5 2.00 399
0 5 2.00 400
0 5 2.00 401
0 5 2.00 402
0 5 2.00 403
0 5 2.00 404
0 5 2.00 405
0 5 2.00 406
0 5 2.00 407
0 5 2.00 408
0 5 2.00 409
0 5 2.00 410
0 5 2.00 411
0 5 2.00 412
0 5 2.00 413
0 5 2.00 414
0 5 2.00 415
0 5 2.00 416
0 5 2.00 417
0 5 2.00 418
0 5 2.00 419
0 5 2.01 420
0 5 2.01 421
0 5 2.01 422
0 5 2.01 423
0 5 2.01 424
0 5 2.01 425
0 5 2.01 426
0 5 2.01 427
0 5 2.01 428
0 5 2.01 429
0 5 2.01 430
0 5 2.01 431
0 5 2.01 432
0 5 2.01 433
0 5 2.01 434
0 5 2.01 435
0 5 2.01 436
0 5 2.01 437
0 5 2.01 438
0 5 2.01 439
0 5 2.01 440
0 5 2.01 441
0 5 2.01 442
0 5 2.02 443
0 5 2.02 444
0 5 2.02 445
0 5 2.02 446
0 5 2.02 447
0 5 2.02 448
0 5 2.02 449
0 5 2.02 450
0 5 2.02 451
0 5 2.02 452
0 5 2.02 453
0 5 2.02 454
0 5 2.02 455
0 5 2.01 456
0 5 2.01 457
0 5 2.01 458
0 5 2.02 459
0 5 2.02 460
0 5 2.02 461
0 5 2.02 462
0 5 2.02 463
0 5 2.02 464
0 5 2.02 465
0 5 2.02 466
0 5 2.02 467
0 5 2.02 468
0 5 2.02 469
0 5 2.02 470
0 5 2.02 471
0 5 2.02 472
0 5 2.02 473
0 5 2.02 474
0 5 2.02 475
0 5 2.02 476
0 5 2.02 477
0 5 2.02 478
0 5 2.02 479
0 5 2.02 480
0 5 2.02 481
0 5 2.02 482
0 5 2.02 483
0 5 2.02 484
0 5 2.02 485
0 5 2.02 486
0 5 2.02 487
0 5 2.02 488
0 5 2.02 489
0 5 2.02 490
0 5 2.02 491
0 5 2.02 492
0 5 2.02 493
0 5 2.01 494
0 5 2.01 495
0 5 2.01 496
0 5 2.02 497
0 5 2.01 498
0 5 2.01 499
0 5 2.01 500
0 5 2.01 501
0 5 2.01 502
0 5 2.01 503
0 5 2.01 504
0 5 2.01 505
0 5 2.01 506
0 5 2.01 507
0 5 2.01 508
0 5 2.01 509
0 5 2.01 510
0 5 2.01 511
0 5 2.01 512
0 5 2.01 513
0 5 2.01 514
0 5 2.01 515
0 5 2.01 516
0 5 2.01 517
0 5 2.01 518
0 5 2.00 519
0 5 2.01 520
0 5 2.01 521
0 5 2.01 522
0 5 2.01 523
0 5 2.00 524
0 5 2.00 525
0 5 2.00 526
0 5 2.00 527
0 5 2.00 528
0 5 2.01 529
0 5 2.01 530
0 5 2.02 531
0 5 2.01 532
0 5 2.01 533
0 5 2.01 534
0 5 2.01 535
0 5 2.01 536
0 5 2.01 537
0 5 2.01 538
0 5 2.02 539
0 5 2.02 540
0 5 2.03 541
0 5 2.03 542
0 5 2.03 543
0 5 2.03 544
0 5 2.03 545
0 5 2.03 546
0 5 2.03 547
0 5 2.03 548
0 5 2.03 549
0 5 2.03 550
0 5 2.03 551
0 5 2.03 552
0 5 2.03 553
0 5 2.03 554
0 5 2.03 555
0 5 2.03 556
0 5 2.03 557
0 5 2.03 558
0 5 2.03 559
0 5 2.03 560
0 5 2.03 561
0 5 2.03 562
0 5 2.03 563
0 5 2.03 564
0 5 2.03 565
0 5 2.03 566
0 5 2.03 567
0 5 2.02 568
0 5 2.02 569
0 5 2.03 570
0 5 2.03 571
0 5 2.03 572
0 5 2.03 573
0 5 2.03 574
0 5 2.03 575
0 5 2.03 576
0 5 2.03 577
0 5 2.03 578
0 5 2.03 579
0 5 2.03 580
0 5 2.02 581
0 5 2.02 582
0 5 2.02 583
0 5 2.02 584
0 5 2.02 585
0 5 2.03 586
0 5 2.02 587
0 5 2.02 588
0 5 2.03 589
0 5 2.02 590
0 5 2.02 591
0 5 2.02 592
0 5 2.02 593
0 5 2.02 594
0 5 2.02 595
0 5 2.02 596
0 5 2.02 597
0 5 2.02 598
0 5 2.03 599
0 5 2.02 600
0 5 2.02 601
0 5 2.02 602
0 5 2.02 603
0 5 2.02 604
0 5 2.02 605
0 5 2.02 606
0 5 2.03 607
0 5 2.03 608
0 5 2.03 609
0 18 2.05 610
0 18 2.05 611
0 18 2.05 612
0 18 2.05 613
0 18 2.05 614
0 18 2.05 615
0 18 2.05 616
0 18 2.05 617
0 18 2.05 618
0 18 2.05 619
0 18 2.05 620
0 18 2.05 621
0 18 2.05 622
0 18 2.04 623
0 18 2.04 624
0 18 2.04 625
0 18 2.04 626
0 18 2.04 627
0 18 2.04 628
0 18 2.03 629
0 18 2.03 630
0 18 2.03 631
0 18 2.03 632
0 18 2.03 633
0 18 2.03 634
0 18 2.03 635
0 18 2.03 636
0 18 